Date;SeqRank;Ident;Paint Color;HPRC1;HPRC2;HPRC3;HPRC4;HPRC5;HPRC6;HPRC7;HPRC8;LPRC1;LPRC2;LPRC3;LPRC4;LPRC5;LPRC6;LPRC7;LPRC8;LPRC9;LPRC10;LPRC11;LPRC12;
2004 49 4;379;48044940619;12;1;0;1;0;0;0;0;0;0;0;0;0;0;0;0;0;0;0;0;0;
2004 49 4;380;48044940061;12;0;0;0;0;0;0;1;0;0;0;0;0;0;0;0;0;0;0;0;0;
2004 49 4;381;48044950140;12;0;0;0;1;0;0;0;0;0;0;0;0;0;0;0;0;0;0;0;0;
2004 49 4;382;48045040412;12;0;0;0;0;0;0;0;0;0;0;0;0;0;0;0;0;0;0;0;0;
2004 49 4;383;48044910734;12;0;0;1;0;0;1;0;0;0;0;0;0;0;0;0;0;0;0;0;0;
2004 49 4;384;48044940346;12;0;0;0;1;0;0;0;0;1;0;0;0;0;0;0;0;1;0;0;0;
2004 49 4;385;48044940767;12;0;0;0;0;1;0;0;0;0;0;0;0;0;0;0;0;0;0;0;0;
2004 49 4;386;48044940806;12;0;0;0;0;0;0;0;0;0;0;0;0;0;0;0;0;0;0;0;0;
2004 49 4;387;48044950157;12;0;0;0;1;0;0;0;0;0;1;0;0;0;0;0;0;0;0;0;0;
2004 49 4;388;48044950070;12;1;1;0;0;0;1;1;0;0;0;0;0;0;0;0;1;0;0;0;0;
2004 49 4;389;48044940673;12;0;0;1;0;0;0;0;0;0;0;0;0;0;0;0;0;0;0;0;0;
2004 49 4;390;48044940781;12;0;0;0;0;0;0;0;0;0;0;0;0;0;0;0;0;0;0;0;0;
2004 49 4;391;48044940368;12;0;0;0;1;0;0;0;0;0;0;0;0;0;0;0;0;0;0;0;0;
2004 49 4;392;48044940706;12;1;0;1;0;0;0;0;0;0;0;0;0;0;0;0;0;0;0;0;0;
2004 49 4;393;48044940560;12;0;0;0;0;0;0;0;0;0;0;0;0;0;0;0;0;0;0;0;0;
2004 49 4;394;48044950095;12;0;0;0;1;0;0;0;0;0;0;0;0;0;0;0;0;0;1;0;0;
2004 49 4;395;48044940761;12;0;0;0;0;1;0;0;0;0;0;0;0;0;0;0;0;0;1;0;0;
2004 49 4;396;48045020136;12;1;1;0;0;0;0;1;0;0;0;0;0;0;0;0;0;1;1;0;0;
2004 49 4;397;48044930824;12;0;0;1;0;0;0;0;0;0;0;0;0;0;0;0;0;0;0;0;0;
2004 49 4;398;48044940550;12;0;0;0;0;0;0;0;0;0;0;0;1;0;0;0;0;0;0;0;0;
2004 49 4;399;48044950079;12;0;0;0;0;0;0;0;0;0;0;0;1;0;0;0;0;0;0;0;0;
2004 49 4;400;48044950129;12;0;0;0;1;0;0;0;0;0;0;0;1;0;0;0;0;0;0;0;0;
2004 49 4;401;48045020355;12;0;0;0;0;0;0;0;0;0;0;0;1;0;0;0;0;0;0;0;0;
2004 49 4;402;48045020304;12;0;0;0;0;0;0;0;0;0;0;0;1;0;0;0;0;0;0;0;0;
2004 49 4;403;48044950146;12;0;0;0;1;0;0;0;0;0;0;0;1;0;0;0;0;0;0;0;0;
2004 49 4;404;48045020118;12;0;0;0;0;0;0;0;0;0;0;0;1;0;0;0;0;0;0;0;0;
2004 49 4;405;48044930124;12;0;0;0;0;0;0;1;0;1;0;0;0;0;0;0;0;1;0;0;0;
2004 49 4;406;48044950212;12;0;0;0;0;0;0;0;0;0;0;0;0;1;0;0;0;0;0;0;0;
2004 49 4;407;48044950103;12;0;0;0;1;0;0;0;0;0;0;0;1;0;0;0;0;0;0;0;0;
2004 49 4;408;48045120090;12;0;0;0;0;0;0;0;0;0;0;0;1;0;0;0;0;0;0;0;0;
2004 49 4;409;48045220175;12;0;0;0;0;0;0;0;0;0;0;0;1;0;0;0;0;0;0;0;0;
2004 49 4;410;48044950120;12;0;0;0;1;0;0;0;0;0;0;0;1;0;0;0;0;0;0;0;0;
2004 49 4;411;48044930811;12;0;0;1;0;0;0;0;0;0;0;0;0;1;0;0;0;0;0;0;0;
2004 49 4;412;48044950200;12;0;0;0;0;0;0;0;0;0;0;0;0;1;0;0;0;0;0;0;0;
2004 49 4;413;48045020096;12;1;1;0;1;0;0;1;0;0;0;0;1;0;0;0;0;1;0;0;0;
2004 49 4;414;48044950197;12;0;0;0;0;0;0;0;0;0;0;0;0;1;0;0;0;0;0;0;0;
2004 49 4;415;48044930813;12;0;0;1;0;0;0;0;0;0;0;0;0;1;0;0;0;0;0;0;0;
2004 49 4;416;48044950130;12;0;0;0;1;0;0;0;0;0;0;0;0;0;0;0;0;0;0;0;0;
2004 49 4;417;48044940766;12;0;0;0;0;1;0;0;0;0;0;0;0;0;0;0;0;0;0;0;0;
2004 49 4;418;48045220214;12;0;0;0;0;0;0;0;0;0;0;0;0;0;0;0;0;0;0;0;0;
2004 49 4;419;48044950118;12;0;0;0;1;0;0;0;0;0;0;0;0;0;0;0;0;0;0;0;0;
2004 49 4;420;48044940744;12;0;0;1;0;0;0;0;0;0;0;0;0;0;0;0;0;0;0;0;0;
2004 49 4;421;48044950062;12;0;0;0;0;0;0;1;0;0;0;0;0;0;0;0;0;0;1;0;0;
2004 49 4;422;48044950100;12;1;1;0;1;0;0;0;0;1;0;0;0;0;0;0;0;1;1;0;0;
2004 49 4;423;48045220176;12;0;0;0;0;0;0;0;0;0;0;0;0;0;0;0;0;0;1;0;0;
2004 49 4;424;48045220149;12;0;0;0;0;0;0;0;0;0;0;0;0;0;0;0;0;0;1;0;0;
2004 49 4;425;48044950098;12;0;0;0;1;0;0;0;0;0;0;0;0;0;0;0;0;0;1;0;0;
2004 49 4;426;48044940703;12;1;0;1;0;0;0;0;0;0;0;0;0;0;0;0;0;0;0;0;0;
2004 49 4;427;48045020349;11;0;0;0;0;0;0;0;0;0;0;0;0;0;0;0;0;0;0;0;0;
2004 49 5;1;48044950110;10;0;0;0;1;0;0;0;0;0;0;0;0;0;0;0;0;0;1;0;0;
2004 49 5;2;48044930830;12;0;0;1;0;0;0;0;0;0;0;0;0;0;0;0;0;0;0;0;0;
2004 49 5;3;48044940829;12;1;1;0;0;0;1;0;0;0;0;0;0;0;0;0;0;1;0;0;0;
2004 49 5;4;48045020117;2;0;0;0;0;0;0;1;0;1;0;0;0;0;0;0;0;0;0;0;0;
2004 49 5;5;48044930825;11;0;0;1;0;0;0;0;0;0;0;0;0;0;0;0;0;0;0;0;0;
2004 49 5;6;48045020081;11;0;0;0;0;0;0;0;0;0;0;0;0;0;0;0;0;0;0;0;0;
2004 49 5;7;48044950131;11;0;0;0;1;0;0;0;0;0;0;0;0;0;0;0;0;0;0;0;0;
2004 49 5;8;48044940705;11;1;0;1;0;0;0;0;0;0;0;0;0;0;0;0;0;0;0;0;0;
2004 49 5;9;48044940827;7;0;0;0;0;1;0;0;0;0;0;0;0;0;0;1;0;0;0;0;0;
2004 49 5;10;48044940749;7;0;0;0;0;0;0;0;0;0;0;0;0;0;0;1;0;0;0;0;0;
2004 49 5;11;48044950104;5;0;0;0;1;0;0;0;0;0;0;0;0;0;0;0;0;0;0;0;0;
2004 49 5;12;48045020135;2;1;1;0;0;0;0;1;0;0;0;0;0;0;0;0;0;1;0;0;0;
2004 49 5;13;48044940685;7;0;0;0;0;0;0;0;0;0;0;0;0;0;0;1;0;0;0;0;0;
2004 49 5;14;48044940679;7;0;0;0;0;0;0;0;0;0;0;0;0;0;0;1;0;0;0;0;0;
2004 49 5;15;48044940751;7;0;0;1;0;0;0;0;0;0;0;0;0;0;0;1;0;0;0;0;0;
2004 49 5;16;48044940017;7;0;0;0;1;0;0;0;0;0;0;0;0;0;0;1;0;0;0;0;0;
2004 49 5;17;48044940828;7;0;0;0;0;1;0;0;0;0;0;0;0;0;0;1;0;0;0;0;0;
2004 49 5;18;48044940639;7;0;0;0;0;0;0;0;0;0;0;0;0;0;0;1;0;0;0;0;0;
2004 49 5;19;48044940642;7;0;0;0;0;0;0;0;0;0;0;0;0;0;0;1;0;0;0;0;0;
2004 49 5;20;48044603661;2;1;1;0;1;0;1;1;0;1;0;0;0;0;0;0;1;1;0;1;0;
2004 49 5;21;48044950231;9;0;0;0;0;0;0;0;0;0;0;0;0;0;0;0;0;0;0;0;0;
2004 49 5;22;48044950235;9;0;0;0;0;0;0;0;0;0;0;0;0;0;0;0;0;0;0;0;0;
2004 49 5;23;48044950225;9;0;0;0;0;0;0;0;0;0;0;0;0;0;0;0;0;0;0;0;0;
2004 49 5;24;48044950261;9;0;0;0;0;0;0;0;0;0;0;0;0;0;0;0;0;0;0;0;0;
2004 49 5;25;48044950274;9;0;0;0;0;0;0;0;0;0;0;0;0;0;0;0;0;0;0;0;0;
2004 49 5;26;48044950218;10;0;0;0;0;0;0;0;0;0;1;0;0;0;0;0;0;0;1;0;0;
2004 49 5;27;48044950302;10;0;0;0;0;0;0;0;0;1;0;0;0;0;0;0;0;0;1;0;0;
2004 49 5;28;48044950023;4;0;0;0;0;0;0;1;0;0;0;0;0;1;0;0;0;0;0;0;0;
2004 49 5;29;48044950230;9;0;0;0;0;0;0;0;0;0;0;0;0;0;0;0;0;0;0;0;0;
2004 49 5;30;48044950253;9;0;0;0;0;0;0;0;0;0;0;0;0;0;0;0;0;0;0;0;0;
2004 49 5;31;48044950045;4;0;0;0;0;0;0;1;0;1;0;0;0;1;0;0;0;1;0;0;0;
2004 49 5;32;48044950304;3;0;0;0;1;0;0;0;0;0;0;0;1;0;0;0;0;0;0;0;0;
2004 49 5;33;48045040062;3;0;0;0;0;0;0;1;0;0;0;0;1;0;0;0;0;1;0;0;0;
2004 49 5;34;48045110295;3;0;0;1;0;0;0;0;0;0;0;0;1;0;0;0;0;0;0;0;0;
2004 49 5;35;48044950314;13;0;0;0;1;0;0;0;0;0;0;0;0;0;0;0;0;0;0;0;0;
2004 49 5;36;48044950291;13;0;0;0;0;0;0;0;0;0;0;0;0;0;0;0;0;0;0;0;0;
2004 49 5;37;48045010645;13;0;0;0;0;0;0;0;0;0;0;0;0;0;0;0;0;0;0;0;0;
2004 49 5;38;48045020034;13;0;0;0;1;0;0;0;0;1;0;0;0;0;0;0;0;1;0;0;0;
2004 49 5;39;48044950292;13;0;0;0;0;0;0;0;0;0;0;0;0;0;0;0;0;0;0;0;0;
2004 49 5;40;48045130041;13;1;0;0;0;0;0;0;0;0;0;0;0;0;0;0;0;0;0;0;0;
2004 49 5;41;48044950112;13;0;0;0;1;0;0;0;0;0;0;0;0;0;0;0;0;0;0;0;0;
2004 49 5;42;48045050144;13;0;0;1;0;0;0;0;0;0;0;0;0;0;0;0;0;0;0;0;0;
2004 49 5;43;48045050045;3;0;0;0;0;0;0;1;0;0;0;0;1;0;0;0;0;1;0;0;0;
2004 49 5;44;48044950309;10;0;0;0;1;0;0;0;0;0;0;0;0;0;0;0;0;0;1;0;0;
2004 49 5;45;48044950308;10;1;1;0;0;0;0;0;0;0;0;0;0;0;0;0;0;0;1;0;0;
2004 49 5;46;48044940400;10;0;0;0;1;0;0;0;0;0;0;0;0;0;0;0;0;0;1;0;0;
2004 49 5;47;48044950315;4;0;0;1;0;0;0;0;0;0;0;0;0;1;0;0;0;0;0;0;0;
2004 49 5;48;48044950089;4;0;0;0;1;0;0;0;0;1;0;0;0;1;0;0;0;1;0;0;0;
2004 49 5;49;48044950185;4;0;0;0;0;1;0;0;0;0;0;0;0;1;0;0;0;0;0;0;0;
2004 49 5;50;48044950177;4;0;0;1;0;0;0;0;0;0;0;0;0;1;0;0;0;0;0;0;0;
2004 49 5;51;48044950138;10;0;0;0;1;0;0;0;0;0;0;0;0;0;0;0;0;0;1;0;0;
2004 49 5;52;48045030557;10;0;0;0;0;0;0;1;0;0;0;0;0;0;0;0;0;1;1;0;0;
2004 49 5;53;48044950319;10;0;0;1;0;0;0;0;0;0;0;0;0;0;0;0;0;0;1;0;0;
2004 49 5;54;48044950152;10;0;0;0;1;0;0;0;0;0;0;0;0;0;0;0;0;0;1;0;0;
2004 49 5;55;48044950279;9;0;0;0;0;0;0;0;0;0;0;0;0;0;0;0;0;0;0;0;0;
2004 49 5;56;48044950219;9;0;0;0;0;0;0;0;0;0;0;0;0;0;0;0;0;0;0;0;0;
2004 49 5;57;48044950305;9;0;0;0;1;0;0;0;0;0;0;0;0;0;0;0;0;0;0;0;0;
2004 49 5;58;48044930495;9;0;0;0;1;0;0;0;0;0;0;0;0;0;0;0;0;0;0;0;0;
2004 49 5;59;48044950228;9;0;0;0;0;0;0;0;0;0;0;0;0;0;0;0;0;0;0;0;0;
2004 49 5;60;48045204392;9;1;1;0;0;0;0;1;0;0;0;0;0;0;0;0;1;1;0;0;0;
2004 49 5;61;48044940407;9;0;0;0;1;0;0;0;0;0;0;0;0;0;0;0;0;0;0;0;0;
2004 49 5;62;48044950233;9;0;0;0;0;0;0;0;0;0;0;0;0;0;0;0;0;0;0;0;0;
2004 49 5;63;48044950245;9;0;0;0;0;0;0;0;0;0;0;0;0;0;0;0;0;0;0;0;0;
2004 49 5;64;48045010376;9;0;0;0;1;0;0;0;0;1;0;0;0;0;0;0;0;1;0;0;0;
2004 49 5;65;48044950267;9;0;0;0;0;0;0;0;0;0;0;0;0;0;0;0;0;0;0;0;0;
2004 49 5;66;48045010692;9;0;0;0;0;0;0;0;1;0;0;0;0;0;0;0;0;0;0;0;0;
2004 49 5;67;48044950013;13;0;0;0;1;0;0;0;0;0;0;0;0;0;0;0;0;0;0;0;0;
2004 49 5;68;48045040173;9;1;1;1;0;0;1;1;0;0;0;0;0;0;0;0;0;1;0;0;0;
2004 49 5;69;48044950240;9;0;0;0;0;0;0;0;0;0;0;0;0;0;0;0;0;0;0;0;0;
2004 49 5;70;48044950090;9;0;0;0;1;0;0;0;0;0;0;0;0;0;0;0;0;0;0;0;0;
2004 49 5;71;48044950272;9;0;0;0;0;0;0;0;0;0;0;0;0;0;0;0;0;0;0;0;0;
2004 49 5;72;48045010408;9;0;0;0;1;0;0;0;0;1;0;0;0;0;0;0;0;1;0;0;0;
2004 49 5;73;48044950287;9;0;0;0;0;0;0;0;0;0;0;0;0;0;0;0;0;0;0;0;0;
2004 49 5;74;48044950156;9;0;0;0;1;0;0;0;0;0;0;0;0;0;0;0;0;0;0;0;0;
2004 49 5;75;48044950241;9;0;0;0;0;0;0;0;0;0;0;0;0;0;0;0;0;0;0;0;0;
2004 49 5;76;48045050106;9;0;0;0;1;0;0;1;0;0;0;0;0;0;0;0;0;1;0;0;0;
2004 49 5;77;48044950252;9;0;0;0;0;0;0;0;0;0;0;0;0;0;0;0;0;0;0;0;0;
2004 49 5;78;48044950265;9;0;0;0;0;0;0;0;0;0;0;0;0;0;0;0;0;0;0;0;0;
2004 49 5;79;48044950123;9;0;0;0;1;0;0;0;0;0;0;0;0;0;0;0;0;0;0;0;0;
2004 49 5;80;48044950194;4;0;0;1;0;0;0;0;0;0;0;0;0;1;0;0;0;0;0;0;0;
2004 49 5;81;48044950183;4;0;0;0;0;1;0;0;0;0;0;0;0;1;0;0;0;0;0;0;0;
2004 49 5;82;48045010407;13;0;0;0;1;0;0;0;0;0;0;0;0;0;0;0;0;0;0;0;0;
2004 49 5;83;48045210145;13;1;0;1;0;0;1;0;0;0;0;0;0;0;0;0;0;0;0;0;0;
2004 49 5;84;48045010355;13;0;0;0;1;0;0;0;0;0;0;0;0;0;0;0;0;0;0;0;0;
2004 49 5;85;48045104064;2;0;0;0;0;0;0;1;0;0;0;0;0;0;0;0;0;0;0;0;0;
2004 49 5;86;48044950217;4;0;0;0;0;0;0;0;0;0;0;0;0;1;0;0;0;0;0;0;0;
2004 49 5;87;48044950150;4;0;0;0;1;0;0;0;0;0;0;0;0;1;0;0;0;0;0;0;0;
2004 49 5;88;48044950193;4;0;0;0;0;0;0;0;1;0;1;0;0;1;0;0;0;0;0;0;0;
2004 49 5;89;48044940392;13;0;0;1;1;0;1;0;0;1;0;0;0;0;0;0;0;1;0;0;0;
2004 49 5;90;48044950184;4;0;0;0;0;1;0;0;0;0;0;0;0;1;0;0;0;0;0;0;0;
2004 49 5;91;48044950122;4;0;0;0;1;0;0;0;0;0;0;0;0;1;0;0;0;0;0;0;0;
2004 49 5;92;48044950301;4;0;0;0;0;0;0;0;0;0;0;0;0;1;0;0;0;0;0;0;0;
2004 49 5;93;48045030413;4;0;0;0;0;0;0;1;0;0;0;0;0;1;0;0;0;1;0;0;0;
2004 49 5;94;48044950124;4;0;0;0;1;0;0;0;0;0;0;0;0;1;0;0;0;0;0;0;0;
2004 49 5;95;48044950168;4;0;0;1;0;0;0;0;0;0;0;0;0;1;0;0;0;0;0;0;0;
2004 49 5;96;48044950290;4;0;0;0;0;0;0;0;0;0;0;0;0;1;0;0;0;0;0;0;0;
2004 49 5;97;48045030019;4;0;0;0;1;0;1;0;0;1;0;0;0;1;0;0;0;1;0;0;0;
2004 49 5;98;48044950174;4;0;0;1;0;0;0;0;0;0;0;0;0;1;0;0;0;0;0;0;0;
2004 49 5;99;48044950190;4;0;0;0;0;1;0;0;0;0;0;0;0;1;0;0;0;0;0;0;0;
2004 49 5;100;48044950114;4;0;0;0;1;0;0;0;0;0;0;0;0;1;0;0;0;0;0;0;0;
2004 49 5;101;48044950167;4;0;0;1;0;0;0;0;0;0;0;0;0;1;0;0;0;0;0;0;0;
2004 49 5;102;48045050099;3;1;1;0;0;0;0;1;0;0;0;0;1;0;0;0;0;1;0;0;0;
2004 49 5;103;48044950094;11;0;0;0;1;0;0;0;0;0;0;0;0;0;0;0;0;0;0;0;0;
2004 49 5;104;48044950281;4;0;0;0;0;0;0;0;0;0;0;0;0;1;0;0;0;0;0;0;0;
2004 49 5;105;48044950246;9;0;0;0;0;0;0;0;0;0;0;0;0;0;0;0;0;0;0;0;0;
2004 49 5;106;48045010343;9;0;0;0;1;0;0;0;0;1;0;0;0;0;0;0;0;1;0;0;0;
2004 49 5;107;48044950232;9;0;0;0;0;0;0;0;0;0;0;0;0;0;0;0;0;0;0;0;0;
2004 49 5;108;48044950260;9;0;0;0;0;0;0;0;0;0;0;0;0;0;0;0;0;0;0;0;0;
2004 49 5;109;48044950027;9;0;0;0;1;0;0;0;0;0;0;0;0;0;0;0;0;0;0;0;0;
2004 49 5;110;48044950258;9;0;0;0;0;0;0;0;0;0;0;0;0;0;0;0;0;0;0;0;0;
2004 49 5;111;48044930100;9;1;1;0;1;0;0;1;0;0;0;0;0;0;0;0;0;1;0;0;0;
2004 49 5;112;48044950268;9;0;0;0;0;0;0;0;0;0;0;0;0;0;0;0;0;0;0;0;0;
2004 49 5;113;48045010686;9;0;0;0;0;0;0;0;0;0;0;0;0;0;0;0;0;0;0;0;0;
2004 49 5;114;48044950015;9;0;0;0;1;0;0;0;0;0;0;0;0;0;0;0;0;0;0;0;0;
2004 49 5;115;48045220120;9;0;0;0;0;0;1;0;0;0;0;0;0;0;0;0;0;0;0;0;0;
2004 49 5;116;48044950270;9;0;0;0;0;0;0;0;0;0;0;0;0;0;0;0;0;0;0;0;0;
2004 49 5;117;48044950096;10;0;0;0;1;0;0;0;0;0;0;0;0;0;0;0;0;1;1;0;0;
2004 49 5;118;48044950222;4;0;0;0;0;0;0;0;0;0;0;0;0;1;0;0;0;0;0;0;0;
2004 49 5;119;48044950170;4;0;0;1;0;0;0;0;0;0;0;0;0;1;0;0;0;0;0;0;0;
2004 49 5;120;48044940393;10;0;0;0;1;0;0;0;0;0;0;0;0;0;0;0;0;0;1;0;0;
2004 49 5;121;48045040111;5;1;1;0;0;0;1;1;0;1;0;0;0;0;0;0;1;0;0;0;0;
2004 49 5;122;48044950318;1;0;0;0;1;0;0;0;0;0;0;1;0;0;0;0;0;0;0;0;0;
2004 49 5;123;48050230005;1;0;0;0;0;0;0;0;0;0;0;1;0;0;0;0;0;0;0;0;0;
2004 49 5;124;48045010619;1;0;0;0;0;0;0;0;0;0;0;1;0;0;0;0;0;0;0;0;0;
2004 49 5;125;48045030811;1;0;0;0;1;0;0;0;0;0;0;1;0;0;0;0;0;0;0;0;0;
2004 49 5;126;48045120296;1;0;0;1;0;0;0;0;0;0;0;1;0;0;0;0;0;0;0;0;0;
2004 49 5;127;48044950285;1;0;0;0;0;0;0;0;0;0;0;1;0;0;0;0;0;0;0;0;0;
2004 49 5;128;48044950128;1;0;0;0;1;0;0;0;0;0;0;1;0;0;0;0;0;0;0;0;0;
2004 49 5;129;48045030324;8;0;0;0;0;0;0;1;0;0;0;0;0;0;0;0;0;1;0;0;0;
2004 49 5;130;48044950269;9;0;0;0;0;0;0;0;0;0;0;0;0;0;0;0;0;0;0;0;0;
2004 49 5;131;48044950006;9;0;0;0;1;0;0;0;0;0;0;0;0;0;0;0;0;0;0;0;0;
2004 49 5;132;48044950250;9;0;0;0;0;0;0;0;0;0;0;0;0;0;0;0;0;0;0;0;0;
2004 49 5;133;48045210072;9;0;0;0;0;0;1;0;0;0;0;0;0;0;0;0;0;1;0;0;0;
2004 49 5;134;48045010585;9;0;0;0;1;0;0;0;0;0;0;0;0;0;0;0;0;0;0;0;0;
2004 49 5;135;48045010415;9;0;0;0;1;0;0;0;0;0;0;0;0;0;0;0;0;0;0;0;0;
2004 49 5;136;48044950229;9;0;0;0;0;0;0;0;0;0;0;0;0;0;0;0;0;0;0;0;0;
2004 49 5;137;48045040080;3;1;1;0;0;0;0;1;0;1;1;0;1;0;0;0;0;1;0;0;0;
2004 49 5;138;48044950017;3;0;0;0;1;0;0;0;0;0;0;0;1;0;0;0;0;0;0;0;0;
2004 49 5;139;48044950294;9;0;0;0;0;0;0;0;0;0;0;0;0;0;0;0;0;0;0;0;0;
2004 49 5;140;48045010429;9;0;0;0;1;0;0;0;0;0;0;0;0;0;0;0;0;0;0;0;0;
2004 49 5;141;48044950293;9;0;0;0;0;0;0;0;0;0;0;0;0;0;0;0;0;0;0;0;0;
2004 49 5;142;48044950257;9;0;0;0;0;0;0;0;0;0;0;0;0;0;0;0;0;0;0;0;0;
2004 49 5;143;48045010414;9;0;0;0;1;0;0;0;0;0;0;0;0;0;0;0;0;0;0;0;0;
2004 49 5;144;48044950277;9;0;0;0;0;0;0;0;0;0;0;0;0;0;0;0;0;0;0;0;0;
2004 49 5;145;48050203720;5;1;1;0;0;0;0;1;0;0;0;0;0;0;0;0;1;0;0;0;0;
2004 49 5;146;48045020385;5;0;0;0;1;0;0;0;0;1;0;0;0;0;0;0;0;1;0;0;0;
2004 49 5;147;48044950221;5;0;0;0;0;0;0;0;0;0;0;0;0;0;0;0;0;0;0;0;0;
2004 49 5;148;48045010684;5;0;0;0;0;0;0;0;0;0;0;0;0;0;0;0;0;0;0;0;0;
2004 49 5;149;48045020356;5;0;0;0;1;0;0;0;0;1;0;0;0;0;0;0;0;1;0;0;0;
2004 49 5;150;48045010671;5;0;0;0;0;0;0;0;0;0;0;0;0;0;0;0;0;0;0;0;0;
2004 49 5;151;48045050040;5;0;0;0;0;0;1;1;0;0;0;0;0;0;0;0;0;0;0;0;0;
2004 49 5;152;48044950307;5;1;1;0;1;0;0;0;0;0;0;0;0;0;0;0;0;0;0;0;0;
2004 49 5;153;48045010674;5;0;0;0;0;0;0;0;0;0;0;0;0;0;0;0;0;0;0;0;0;
2004 49 5;154;48044950297;13;0;0;0;0;0;0;0;0;0;0;0;0;0;0;0;0;0;0;0;0;
2004 49 5;155;48045010375;13;0;0;1;1;0;1;0;0;1;0;0;0;0;0;0;0;1;0;0;0;
2004 49 5;156;48045030807;6;0;0;0;0;0;0;0;0;0;0;0;0;0;1;0;0;0;0;0;0;
2004 49 5;157;48044950206;6;0;0;0;0;0;0;0;0;0;0;0;0;0;1;0;0;0;0;0;0;
2004 49 5;158;48044950009;10;0;0;0;1;0;0;0;0;0;0;0;0;0;0;0;0;0;1;0;0;
2004 49 5;159;48045030241;10;0;0;0;0;0;0;1;0;0;0;0;0;0;0;0;0;1;1;0;0;
2004 49 5;160;48044940264;10;0;0;1;1;0;0;0;0;0;0;0;0;0;0;0;0;0;1;0;0;
2004 49 5;161;48044950317;10;0;0;0;0;0;0;0;0;0;0;0;0;0;0;0;0;0;1;0;0;
2004 49 5;162;48044950016;10;0;0;0;1;0;0;0;0;0;0;0;0;0;0;0;0;0;1;0;0;
2004 49 5;163;48045220140;9;0;0;1;0;0;1;0;0;0;0;0;0;0;0;0;0;0;0;0;0;
2004 49 5;164;48044950295;9;0;0;0;0;0;0;0;0;0;0;0;0;0;0;0;0;0;0;0;0;
2004 49 5;165;48045010345;9;0;0;0;1;0;0;0;0;0;0;0;0;0;0;0;0;0;0;0;0;
2004 49 5;166;48044950262;9;0;0;0;0;0;0;0;0;0;0;0;0;0;0;0;0;0;0;0;0;
2004 49 5;167;48045010380;9;0;0;0;1;0;0;0;0;0;0;0;0;0;0;0;0;0;0;0;0;
2004 49 5;168;48045050119;9;0;0;0;0;0;0;1;0;0;0;0;0;0;0;0;0;0;0;0;0;
2004 49 5;169;48044950263;9;0;0;0;0;0;0;0;0;0;0;0;0;0;0;0;0;0;0;0;0;
2004 49 5;170;48045020379;9;0;0;0;1;0;0;0;0;1;0;0;0;0;0;0;0;1;0;0;0;
2004 49 5;171;48044950249;9;0;0;0;0;0;0;0;0;0;0;0;0;0;0;0;0;0;0;0;0;
2004 49 5;172;48045010690;4;0;0;0;0;0;0;0;0;0;0;0;0;1;0;0;0;0;0;0;0;
2004 49 5;173;48044950087;4;0;0;0;1;0;0;0;0;0;0;0;0;1;0;0;0;0;0;0;0;
2004 49 5;174;48044950172;4;0;0;1;0;0;0;0;0;0;0;0;0;1;0;0;0;0;0;0;0;
2004 49 5;175;48045004109;2;1;1;0;0;0;0;1;0;0;0;0;0;0;0;0;1;1;0;0;0;
2004 49 5;176;48045220082;10;0;0;0;1;0;0;0;0;0;0;0;0;0;0;0;0;0;1;0;0;
2004 49 5;177;48044950187;4;0;0;0;0;1;0;0;0;0;0;0;0;1;0;0;0;0;0;0;0;
2004 49 5;178;48044950171;4;0;0;1;0;0;0;0;0;0;0;0;0;1;0;0;0;0;0;0;0;
2004 49 5;179;48045010401;10;0;0;0;1;0;0;0;0;1;0;0;0;0;0;0;0;1;1;0;0;
2004 49 5;180;48044950198;4;0;0;0;0;0;0;0;0;0;0;0;0;1;0;0;0;0;0;0;0;
2004 49 5;181;48044950169;4;0;0;1;0;0;0;0;0;0;0;0;0;1;0;0;0;0;0;0;0;
2004 49 5;182;48044950012;4;0;0;0;1;0;0;0;0;0;0;0;0;1;0;0;0;0;0;0;0;
2004 49 5;183;48044950061;4;0;0;0;0;0;0;1;0;0;0;0;0;1;0;0;0;0;0;0;0;
2004 49 5;184;48045110464;4;1;0;1;0;0;0;0;0;0;0;0;0;1;0;0;0;0;0;0;0;
2004 49 5;185;48045030056;13;0;0;0;1;0;0;0;0;1;0;0;0;0;0;0;0;1;0;0;0;
2004 49 5;186;48044950192;4;0;0;0;0;1;0;0;0;0;0;0;0;1;0;0;0;0;0;0;0;
2004 49 5;187;48044950173;4;0;0;1;0;0;0;0;0;0;0;0;0;1;0;0;0;0;0;0;0;
2004 49 5;188;48045010365;13;0;0;0;1;0;0;0;0;0;0;0;0;0;0;0;0;0;0;0;0;
2004 49 5;189;48044950176;13;0;0;0;0;0;0;0;0;0;0;0;0;0;0;0;0;0;0;0;0;
2004 49 5;190;48045010688;13;1;1;1;0;0;1;0;0;0;0;0;0;0;0;0;0;0;0;0;0;
2004 49 5;191;48044930520;1;0;0;0;1;0;0;0;0;0;0;1;0;0;0;0;0;1;0;0;0;
2004 49 5;192;48044950108;1;0;0;0;1;0;0;0;0;0;0;1;0;0;0;0;0;0;0;0;0;
2004 49 5;193;48045140036;1;0;0;1;0;0;0;0;0;0;0;1;0;0;0;0;0;0;0;0;0;
2004 49 5;194;48045030240;1;0;0;0;0;0;0;1;0;0;0;1;0;0;0;0;0;0;0;0;0;
2004 49 5;195;48044950313;1;0;0;0;1;0;0;0;0;1;0;1;0;0;0;0;0;1;0;0;0;
2004 49 5;196;48045150048;1;0;0;1;0;0;0;0;0;0;0;1;0;0;0;0;0;0;0;0;0;
2004 49 5;197;48044950299;1;0;0;0;0;0;0;0;0;0;0;1;0;0;0;0;0;0;0;0;0;
2004 49 5;198;48044950043;1;0;0;0;1;0;0;0;0;0;0;1;0;0;0;0;0;0;0;0;0;
2004 49 5;199;48044950298;1;0;0;0;0;0;0;0;0;0;0;1;0;0;0;0;0;0;0;0;0;
2004 49 5;200;48044950264;1;0;0;0;0;0;0;0;0;0;0;1;0;0;0;0;0;0;0;0;0;
2004 49 5;201;48045010384;1;0;0;0;1;0;0;0;0;0;0;1;0;0;0;0;0;0;0;0;0;
2004 49 5;202;48045220034;1;0;0;1;0;0;0;0;0;0;0;1;0;0;0;0;0;0;0;0;0;
2004 49 5;203;48045050033;3;1;1;0;0;0;1;1;0;1;0;0;1;0;0;0;1;1;0;0;0;
2004 49 5;204;48045010428;3;0;0;0;1;0;0;0;0;0;0;0;1;0;0;0;0;0;0;0;0;
2004 49 5;205;48045010691;4;0;0;0;0;0;0;0;1;0;0;0;0;1;0;0;0;0;0;0;0;
2004 49 5;206;48045010583;4;0;0;1;0;0;1;0;0;0;0;0;0;1;0;0;0;0;0;0;0;
2004 49 5;207;48044950004;4;0;0;0;1;0;0;0;0;0;0;0;0;1;0;0;0;0;0;0;0;
2004 49 5;208;48044950191;4;0;0;0;0;1;0;0;0;0;0;0;0;1;0;0;0;0;0;0;0;
2004 49 5;209;48045010600;4;0;0;1;0;0;0;0;0;0;0;0;0;1;0;0;0;0;0;0;0;
2004 49 5;210;48044950091;4;0;0;0;1;0;0;0;0;0;0;0;0;1;0;0;0;0;0;0;0;
2004 49 5;211;48045010060;4;0;0;0;1;0;0;0;0;0;0;0;0;1;0;0;0;0;0;0;0;
2004 49 5;212;48045010597;4;0;0;1;0;0;0;0;0;0;0;0;0;1;0;0;0;0;0;0;0;
2004 49 5;213;48045030127;4;0;0;0;0;0;0;1;0;1;0;0;0;1;0;0;0;1;0;0;0;
2004 49 5;214;48045010410;9;0;0;0;1;0;0;0;0;0;0;0;0;0;0;0;0;0;0;0;0;
2004 49 5;215;48044950276;9;0;0;0;0;0;0;0;0;0;0;0;0;0;0;0;0;0;0;0;0;
2004 49 5;216;48044950259;9;0;0;0;0;0;0;0;0;0;0;0;0;0;0;0;0;0;0;0;0;
2004 49 5;217;48044950137;9;0;0;0;1;0;0;0;0;0;0;0;0;0;0;0;0;1;0;0;0;
2004 49 5;218;48044950223;9;0;0;0;0;0;0;0;0;0;0;0;0;0;0;0;0;0;0;0;0;
2004 49 5;219;48044950216;9;0;0;0;0;0;0;0;0;0;0;0;0;0;0;0;0;0;0;0;0;
2004 49 5;220;48045010369;9;1;0;0;1;0;0;0;0;0;0;0;0;0;0;0;0;0;0;0;0;
2004 49 5;221;48044950244;9;0;0;0;0;0;0;0;0;0;0;0;0;0;0;0;0;0;0;0;0;
2004 49 5;222;48045104065;1;0;0;0;0;0;0;1;0;0;0;1;0;0;0;0;0;0;0;0;0;
2004 49 5;223;48045020383;1;0;0;0;1;0;0;0;0;0;0;1;0;0;0;0;0;0;0;0;0;
2004 49 5;224;48044950283;1;0;0;0;0;0;1;0;0;1;0;1;0;0;0;0;0;0;0;0;0;
2004 49 5;225;48045030034;1;1;0;0;1;0;0;0;0;0;0;1;0;0;0;0;0;0;0;0;0;
2004 49 5;226;48045010607;1;0;0;0;0;0;0;0;0;0;0;1;0;0;0;0;0;0;0;0;0;
2004 49 5;227;48044950179;1;0;0;0;0;0;0;0;0;0;0;1;0;0;0;0;0;0;0;0;0;
2004 49 5;228;48045020378;1;0;0;0;1;0;0;0;0;0;0;1;0;0;0;0;0;0;0;0;0;
2004 49 5;229;48045220167;1;0;0;1;0;0;0;0;0;0;0;1;0;0;0;0;0;0;0;0;0;
2004 49 5;230;48045120299;1;0;0;0;0;0;0;0;0;0;0;1;0;0;0;0;0;0;0;0;0;
2004 49 5;231;48045220072;1;1;1;0;1;0;0;0;0;0;1;1;0;0;0;0;0;0;0;0;0;
2004 49 5;232;48045220168;1;0;0;1;0;0;0;0;0;0;0;1;0;0;0;0;0;0;0;0;0;
2004 49 5;233;48045130034;1;0;0;0;0;0;0;0;0;0;0;1;0;0;0;0;0;0;0;0;0;
2004 49 5;234;48044940069;10;0;0;0;1;0;0;1;0;0;0;0;0;0;0;0;0;1;1;0;0;
2004 49 5;235;48045220163;10;0;0;1;0;0;0;0;0;0;0;0;0;0;0;0;0;0;1;0;0;
2004 49 5;236;48045020631;10;0;0;0;0;0;0;0;0;0;0;0;0;0;0;0;0;0;1;0;0;
2004 49 5;237;48045010344;10;0;0;0;1;0;0;0;0;0;0;0;0;0;0;0;0;0;1;0;0;
2004 49 5;238;48044950220;10;0;0;0;0;0;0;0;0;0;0;0;0;0;0;0;0;0;1;0;0;
2004 49 5;239;48044950284;10;0;0;0;0;0;0;0;0;0;0;0;0;0;0;0;0;0;1;0;0;
2004 49 5;240;48045010371;10;0;0;0;1;0;0;0;0;0;0;0;0;0;0;0;0;0;1;0;0;
2004 49 5;241;48045110031;3;0;0;1;0;0;0;0;0;0;0;0;1;0;0;0;0;0;0;0;0;
2004 49 5;242;48045030417;3;0;0;0;0;0;0;1;0;0;0;0;1;0;0;0;0;0;0;0;0;
2004 49 5;243;48045020376;3;0;0;0;1;0;0;0;0;0;0;0;1;0;0;0;0;0;0;0;0;
2004 49 5;244;48044940385;3;0;0;0;1;0;0;0;0;0;0;0;1;0;0;0;0;1;0;0;0;
2004 49 5;245;48044950180;6;0;0;0;0;0;0;0;0;0;0;0;0;0;1;0;0;0;0;0;0;
2004 49 5;246;48044950196;6;0;0;0;0;0;0;0;0;0;0;0;0;0;1;0;0;0;0;0;0;
2004 49 5;247;48044950316;5;1;1;0;1;0;0;0;0;1;0;0;0;0;0;0;0;1;0;0;0;
2004 49 5;248;48045120275;5;0;0;0;0;0;0;0;0;0;0;0;0;0;0;0;0;0;0;0;0;
2004 49 5;249;48045230008;5;0;0;0;0;0;0;0;0;0;0;0;0;0;0;0;0;0;0;0;0;
2004 49 5;250;48044930094;5;0;0;0;1;0;0;1;0;0;0;0;0;0;0;0;0;1;0;0;0;
2004 49 5;251;48045210210;1;0;0;0;0;0;0;0;0;0;0;1;0;0;0;0;0;0;0;0;0;
2004 49 5;252;48044950312;1;1;0;0;0;0;0;0;0;0;0;1;0;0;0;0;0;0;0;0;0;
2004 49 5;253;48045020359;1;0;0;0;1;0;0;0;0;0;0;1;0;0;0;0;0;0;0;0;0;
2004 49 5;254;48045220021;1;0;0;0;0;0;0;0;0;0;0;1;0;0;0;0;0;0;0;0;0;
2004 49 5;255;48045240004;1;0;0;1;0;0;0;0;0;0;0;1;0;0;0;0;0;0;0;0;0;
2004 49 5;256;48045020062;5;1;1;0;1;0;1;0;0;1;0;0;0;0;0;0;0;1;0;0;0;
2004 49 5;257;48045104067;5;0;0;0;0;0;0;1;0;0;0;0;0;0;0;0;0;0;0;0;0;
2004 49 5;258;48044950083;6;0;0;0;0;0;0;0;0;0;0;0;0;0;1;0;0;0;0;0;0;
2004 49 5;259;48045010359;10;0;0;0;1;0;0;0;0;0;0;0;0;0;0;0;0;0;1;0;0;
2004 49 5;260;48045220049;10;0;0;1;0;0;0;0;0;0;0;0;0;0;0;0;0;0;1;0;0;
2004 49 5;261;48045020632;10;0;0;0;0;0;0;0;0;0;0;0;0;0;0;0;0;0;1;0;0;
2004 49 5;262;48045010339;10;0;0;0;1;0;0;0;0;0;0;0;0;0;0;0;0;0;1;0;0;
2004 49 5;263;48045110430;10;1;0;1;0;0;0;0;0;0;0;0;0;0;0;0;0;0;1;0;0;
2004 49 5;264;48044930065;10;0;0;0;1;0;1;1;0;1;0;0;0;0;0;0;0;1;1;0;0;
2004 49 5;265;48044950166;10;0;0;0;0;0;0;0;0;0;0;0;0;0;0;0;0;0;1;0;0;
2004 49 5;266;48045050017;10;0;0;0;0;0;0;0;0;0;0;0;0;0;0;0;0;0;1;0;0;
2004 49 5;267;48045010368;10;0;0;0;1;0;0;0;0;0;0;0;0;0;0;0;0;0;1;0;0;
2004 49 5;268;48044950289;3;0;0;0;0;0;0;0;0;0;0;0;1;0;0;0;0;0;0;0;0;
2004 49 5;269;48044950311;3;0;0;0;0;0;0;0;0;0;0;0;1;0;0;0;0;0;0;0;0;
2004 49 5;270;48044950153;3;0;0;1;1;0;1;0;0;1;0;0;1;0;0;0;0;1;0;0;0;
2004 49 5;271;48045130049;3;0;0;0;0;0;0;0;0;0;0;0;1;0;0;0;0;0;0;0;0;
2004 49 5;272;48045104066;3;0;0;0;0;0;0;1;0;0;0;0;1;0;0;0;0;0;0;0;0;
2004 49 5;273;48045220054;3;1;1;0;1;0;0;0;0;0;0;0;1;0;0;0;0;0;0;0;0;
2004 49 5;274;48045130048;3;0;0;0;0;0;0;0;0;0;0;0;1;0;0;0;0;0;0;0;0;
2004 49 5;275;48045020354;3;0;0;0;1;0;0;0;0;1;0;0;1;0;0;0;0;1;0;0;0;
2004 49 5;276;48045120041;3;0;0;1;0;0;0;0;0;0;0;0;1;0;0;0;0;0;0;0;0;
2004 49 5;277;48044950234;9;0;0;0;0;0;0;0;0;0;0;0;0;0;0;0;0;0;0;0;0;
2004 49 5;278;48045010373;9;0;0;0;1;0;0;0;0;0;0;0;0;0;0;0;0;0;0;0;0;
2004 49 5;279;48044950280;9;0;0;0;0;0;0;0;0;0;0;0;0;0;0;0;0;0;0;0;0;
2004 49 5;280;48045030346;9;1;1;0;0;0;1;1;0;0;1;0;0;0;0;0;0;0;0;0;0;
2004 49 5;281;48045020013;9;0;0;0;1;0;0;0;0;1;0;0;0;0;0;0;0;1;0;0;0;
2004 49 5;282;48044950303;9;0;0;0;0;0;0;0;0;0;0;0;0;0;0;0;0;0;0;0;0;
2004 49 5;283;48045010378;9;0;0;0;1;0;0;0;0;0;0;0;0;0;0;0;0;0;0;0;0;
2004 49 5;284;48044950247;9;0;0;0;0;0;0;0;0;0;0;0;0;0;0;0;0;0;0;0;0;
2004 49 5;285;48045130549;9;1;0;1;0;0;0;0;0;0;0;0;0;0;0;0;0;0;0;0;0;
2004 49 5;286;48045010367;9;0;0;0;1;0;0;0;0;0;0;0;0;0;0;0;0;0;0;0;0;
2004 49 5;287;48044950266;9;0;0;0;0;0;0;0;0;0;0;0;0;0;0;0;0;0;0;0;0;
2004 49 5;288;48045120272;12;0;0;1;0;0;0;0;0;0;0;0;0;0;0;0;0;0;0;0;0;
2004 49 5;289;48044940094;9;1;1;0;1;0;0;1;0;1;1;0;0;0;0;0;0;1;0;0;0;
2004 49 5;290;48044950237;9;0;0;0;0;0;0;0;0;0;0;0;0;0;0;0;0;0;0;0;0;
2004 49 5;291;48044950243;9;0;0;0;0;0;0;0;0;0;0;0;0;0;0;0;0;0;0;0;0;
2004 49 5;292;48045010363;9;0;0;0;1;0;0;0;0;0;0;0;0;0;0;0;0;0;0;0;0;
2004 49 5;293;48044950248;9;0;0;0;0;0;0;0;0;0;0;0;0;0;0;0;0;0;0;0;0;
2004 49 5;294;48045110329;9;0;0;1;0;0;0;0;0;0;0;0;0;0;0;0;0;0;0;0;0;
2004 49 5;295;48045010115;9;0;0;0;1;0;0;0;0;0;0;0;0;0;0;0;0;0;0;0;0;
2004 49 5;296;48045040481;9;0;0;0;0;0;0;0;0;0;0;0;0;0;0;0;0;0;0;0;0;
2004 49 5;297;48045050012;9;1;1;0;0;0;0;1;0;0;1;0;0;0;0;0;0;1;0;0;0;
2004 49 5;298;48045020372;9;0;0;0;1;0;0;0;0;0;0;0;0;0;0;0;0;0;0;0;0;
2004 49 5;299;48044950227;9;0;0;0;0;0;0;0;0;0;0;0;0;0;0;0;0;0;0;0;0;
2004 49 5;300;48045010422;11;0;0;0;1;0;0;0;0;0;0;0;0;0;0;0;0;0;0;0;0;
2004 49 5;301;48044940515;11;0;0;1;0;0;1;0;0;0;0;0;0;0;0;0;0;0;0;0;0;
2004 49 5;302;48044950224;9;0;0;0;0;0;0;0;0;0;0;0;0;0;0;0;0;0;0;0;0;
2004 49 5;303;48045030561;9;0;0;0;1;0;0;0;0;1;0;0;0;0;0;0;0;1;0;0;0;
2004 49 5;304;48045010689;9;0;0;0;0;0;0;0;0;0;0;0;0;0;0;0;0;0;0;0;0;
2004 49 5;305;48045020381;9;0;0;0;1;0;0;0;0;0;0;0;0;0;0;0;0;0;0;0;0;
2004 49 5;306;48044950286;9;0;0;0;0;0;0;0;0;0;0;0;0;0;0;0;0;0;0;0;0;
2004 49 5;307;48045030051;3;1;1;0;0;0;0;1;0;0;0;0;1;0;0;0;1;1;0;0;0;
2004 49 5;308;48044940337;11;0;0;1;1;0;1;0;0;0;0;0;0;0;0;0;0;0;0;0;0;
2004 49 5;309;48044950300;11;0;0;0;0;0;0;0;0;0;0;0;0;0;0;0;0;0;0;0;0;
2004 49 5;310;48044950165;11;0;0;0;0;0;0;0;0;0;0;0;0;0;0;0;0;0;0;0;0;
2004 49 5;311;48045010362;11;0;0;0;1;0;0;0;0;0;0;0;0;0;0;0;0;0;0;0;0;
2004 49 5;312;48044950288;11;0;0;1;0;0;0;0;0;0;0;0;0;0;0;0;0;0;0;0;0;
2004 49 5;313;48045220042;11;0;0;0;0;0;0;0;0;0;0;0;0;0;0;0;0;0;0;0;0;
2004 49 5;314;48045010329;11;0;0;0;1;0;0;0;0;0;0;0;0;0;0;0;0;0;0;0;0;
2004 49 5;315;48045040054;2;0;0;0;0;0;0;1;0;1;0;0;0;0;0;0;0;1;0;0;0;
2004 49 5;316;48044950133;6;0;0;0;1;0;0;0;0;0;0;0;0;0;1;0;0;0;0;0;0;
2004 49 5;317;48045030062;6;0;0;0;0;0;0;0;0;0;0;0;0;0;1;0;0;0;0;0;0;
2004 49 5;318;48045120300;6;0;0;0;0;0;0;0;0;0;0;0;0;0;1;0;0;0;0;0;0;
2004 49 5;319;48044950101;6;0;0;0;1;0;0;0;0;0;0;0;0;0;1;0;0;0;0;0;0;
2004 49 5;320;48045220104;6;0;0;0;0;0;0;0;0;0;0;0;0;0;1;0;0;0;0;0;0;
2004 49 5;321;48045220106;6;0;0;0;0;0;0;0;0;0;0;0;0;0;1;0;0;0;0;0;0;
2004 49 5;322;48045010370;10;0;0;0;1;0;0;0;0;0;0;0;0;0;0;0;0;0;1;0;0;
2004 49 5;323;48045220148;10;0;0;0;0;0;0;0;0;0;0;0;0;0;0;0;0;0;1;0;0;
2004 49 5;324;48045040200;10;0;0;0;0;0;0;1;0;0;0;0;0;0;0;0;0;1;1;0;0;
2004 49 5;325;48045020431;10;0;0;0;1;0;0;0;0;0;0;0;0;0;0;0;0;0;1;0;0;
2004 49 5;326;48045220154;10;0;0;0;0;0;0;0;0;0;0;0;0;0;0;0;0;0;1;0;0;
2004 49 5;327;48045230036;10;0;0;0;0;0;0;0;0;0;0;0;0;0;0;0;0;0;1;0;0;
2004 49 5;328;48045010327;10;0;0;0;1;0;1;0;0;1;0;0;0;0;0;0;0;1;1;0;0;
2004 49 5;329;48045230044;10;0;0;0;0;0;0;0;0;0;0;0;0;0;0;0;0;0;1;0;0;
2004 49 5;330;48045020427;10;0;0;0;1;0;0;0;0;0;0;0;0;0;0;0;0;0;1;0;0;
2004 49 5;331;48045230039;10;0;0;0;0;0;0;0;0;0;0;0;0;0;0;0;0;0;1;0;0;
2004 49 5;332;48045020371;10;1;1;0;1;0;0;0;0;0;0;0;0;0;0;0;0;0;1;0;0;
2004 49 5;333;48045040172;2;0;0;1;0;0;1;1;0;0;0;0;0;0;0;0;0;1;0;0;0;
2004 49 5;334;48045220065;6;0;0;0;0;0;0;0;0;0;0;0;0;0;1;0;0;0;0;0;0;
2004 49 5;335;48044950125;6;0;0;0;1;0;1;0;0;0;0;0;0;0;1;0;0;0;0;0;0;
2004 49 5;336;48045220150;6;0;0;0;0;0;0;0;0;0;0;0;0;0;1;0;0;0;0;0;0;
2004 49 5;337;48044950214;6;0;0;0;0;0;0;0;1;0;0;0;0;0;1;0;0;0;0;0;0;
2004 49 5;338;48044950109;6;0;0;0;1;0;0;0;0;0;0;0;0;0;1;0;0;0;0;0;0;
2004 49 5;339;48045220068;6;0;0;0;0;0;0;0;0;0;0;0;0;0;1;0;0;0;0;0;0;
2004 49 5;340;48045220066;6;0;0;0;0;0;0;0;0;0;0;0;0;0;1;0;0;0;0;0;0;
2004 49 5;341;48044903263;7;0;0;0;1;0;0;1;0;1;0;0;0;0;0;1;0;0;0;1;0;
2004 49 5;342;48045220069;6;0;0;0;0;0;0;0;0;0;0;0;0;0;1;0;0;0;0;0;0;
2004 49 5;343;48045220143;6;0;0;0;0;0;0;0;0;0;0;0;0;0;1;0;0;0;0;0;0;
2004 49 5;344;48044950092;6;0;0;0;1;0;0;0;0;0;0;0;0;0;1;0;0;0;0;0;0;
2004 49 5;345;48045220070;6;0;0;0;0;0;0;0;0;0;0;0;0;0;1;0;0;0;0;0;0;
2004 49 5;346;48045220105;6;0;0;0;0;0;0;0;0;0;0;0;0;0;1;0;0;0;0;0;0;
2004 49 5;347;48045010377;3;0;0;0;1;0;0;0;0;1;1;0;1;0;0;0;0;1;0;0;0;
2004 49 5;348;48045230040;3;0;0;0;0;0;0;0;0;0;0;0;1;0;0;0;0;0;0;0;0;
2004 49 5;349;48045040273;3;0;0;0;0;0;1;1;0;0;0;0;1;0;0;0;0;0;0;0;0;
2004 49 5;350;48044930505;3;0;0;1;1;0;0;0;0;0;0;0;1;0;0;0;0;0;0;0;0;
2004 49 5;351;48044950102;3;0;0;0;1;0;0;0;0;0;0;0;1;0;0;0;0;1;0;0;0;
2004 49 5;352;48045220107;3;0;0;0;0;0;0;0;0;0;0;0;1;0;0;0;0;0;0;0;0;
2004 49 5;353;48045130155;11;0;0;1;0;0;0;0;0;0;0;0;0;0;0;0;0;0;0;0;0;
2004 49 5;354;48045020357;11;0;0;0;1;0;0;0;0;0;0;0;0;0;0;0;0;0;0;0;0;
2004 49 5;355;48045230062;11;0;0;0;0;0;0;0;0;0;0;0;0;0;0;0;0;0;0;0;0;
2004 49 5;356;48045210089;11;0;0;1;0;0;0;0;0;0;0;0;0;0;0;0;0;0;0;0;0;
2004 49 5;357;48044940098;3;0;0;0;1;0;0;1;0;0;0;0;1;0;0;0;0;1;0;0;0;
2004 49 5;358;48044950211;4;0;0;0;0;0;0;0;0;0;0;0;0;1;0;0;0;0;0;0;0;
2004 49 5;359;48045010578;4;0;0;1;0;0;0;0;0;0;0;0;0;1;0;0;0;0;0;0;0;
2004 49 5;360;48045010063;4;0;0;0;1;0;0;0;0;0;0;0;0;1;0;0;0;0;0;0;0;
2004 49 5;361;48044950182;4;0;0;0;0;0;0;0;0;0;0;0;0;1;0;0;0;1;0;0;0;
2004 49 5;362;48044950213;4;1;0;0;0;1;0;0;0;1;0;0;0;1;0;0;0;0;0;0;0;
2004 49 5;363;48044930500;4;0;0;1;1;0;0;0;0;0;0;0;0;1;0;0;0;0;0;0;0;
2004 49 5;364;48044950160;4;0;0;0;0;0;0;0;0;0;0;0;0;1;0;0;0;0;0;0;0;
2004 49 5;365;48045030138;4;0;0;0;0;0;0;1;0;0;0;0;0;1;0;0;0;0;0;0;0;
2004 49 5;366;48044950088;4;0;0;0;1;0;0;0;0;0;0;0;0;1;0;0;0;1;0;0;0;
2004 49 5;367;48044950158;4;0;0;0;0;0;0;0;0;0;0;0;0;1;0;0;0;0;0;0;0;
2004 49 5;368;48045130043;4;1;0;1;0;0;0;0;0;0;0;0;0;1;0;0;0;0;0;0;0;
2004 49 5;369;48045020368;10;0;0;0;1;0;0;0;0;0;0;0;0;0;0;0;0;0;1;0;0;
2004 49 5;370;48044950121;10;0;0;0;1;0;0;0;0;0;0;0;0;0;0;0;0;1;1;0;0;
2004 49 5;371;48045050143;4;0;0;1;0;0;0;0;0;0;0;0;0;1;0;0;0;0;0;0;0;
2004 49 5;372;48044950159;4;0;0;0;0;0;0;0;0;0;0;0;0;1;0;0;0;0;0;0;0;
2004 49 5;373;48044930161;10;0;0;0;1;0;0;1;0;0;0;0;0;0;0;0;0;0;1;0;0;
2004 49 5;374;48044950188;4;0;0;0;0;1;0;0;0;0;0;0;0;1;0;0;0;0;0;0;0;
2004 49 5;375;48045110298;4;0;0;1;0;0;0;0;0;0;0;0;0;1;0;0;0;0;0;0;0;
2004 49 5;376;48045010366;4;0;0;0;1;0;0;0;0;1;0;0;0;1;0;0;0;1;0;0;0;
2004 49 5;377;48045010599;4;0;0;0;0;0;0;0;0;0;0;0;0;1;0;0;0;0;0;0;0;
2004 49 5;378;48044910733;4;1;0;1;0;0;1;0;0;0;0;0;0;1;0;0;0;0;0;0;0;
2004 49 5;379;48045020423;10;0;0;0;1;0;0;0;0;0;0;0;0;0;0;0;0;0;1;0;0;
2004 49 5;380;48045230033;10;0;0;0;0;0;0;0;0;0;0;0;0;0;0;0;0;0;1;0;0;
2004 49 5;381;48045050098;10;0;0;0;0;0;0;1;0;0;0;0;0;0;0;0;0;1;1;0;0;
2004 49 5;382;48044930499;10;0;0;1;1;0;0;0;0;0;1;0;0;0;0;0;0;0;1;0;0;
2004 49 5;383;48045220067;6;0;0;0;0;0;0;0;0;0;0;0;0;0;1;0;0;0;0;0;0;
2004 49 5;384;48045220144;6;0;0;0;0;0;0;0;0;0;0;0;0;0;1;0;0;0;0;0;0;
2004 49 5;385;48045010046;11;0;0;1;1;0;1;0;0;1;0;0;0;0;0;0;0;1;0;0;0;
2004 49 5;386;48045020382;11;0;0;0;1;0;0;0;0;0;0;0;0;0;0;0;0;0;0;0;0;
2004 49 5;387;48045010322;4;0;0;0;0;0;0;0;0;0;0;0;0;1;0;0;0;0;0;0;0;
2004 49 5;388;48045110294;4;0;0;1;0;0;0;0;0;0;0;0;0;1;0;0;0;0;0;0;0;
2004 49 5;389;48044930105;5;1;1;0;1;0;0;1;0;1;0;0;0;0;0;0;1;1;0;0;0;
2004 49 5;390;48045220064;6;0;0;0;0;0;0;0;0;0;0;0;0;0;1;0;0;0;0;0;0;
2004 49 5;391;48044950215;6;0;0;0;0;0;0;0;1;0;0;0;0;0;1;0;0;0;0;0;0;
2004 49 5;392;48045030022;6;0;0;0;1;0;0;0;0;0;0;0;0;0;1;0;0;0;0;0;0;
2004 49 5;393;48045230055;6;0;0;0;0;0;0;0;0;0;0;0;0;0;1;0;0;0;0;0;0;
2004 49 5;394;48044950238;9;0;0;0;0;0;0;0;0;0;0;0;0;0;0;0;0;0;0;0;0;
2004 49 5;395;48045010364;9;1;1;0;1;0;0;0;0;1;0;0;0;0;0;0;0;1;0;0;0;
2004 49 5;396;48044950251;9;0;0;0;0;0;0;0;0;0;0;0;0;0;0;0;0;0;0;0;0;
2004 49 5;397;48045050051;9;0;0;0;0;0;0;1;0;0;0;0;0;0;0;0;0;0;0;0;0;
2004 49 5;398;48045020374;9;0;0;0;1;0;0;0;0;0;0;0;0;0;0;0;0;0;0;0;0;
2004 49 5;399;48044950275;9;0;0;0;0;0;0;0;0;0;0;0;0;0;0;0;0;0;0;0;0;
2004 49 5;400;48044950242;9;0;0;0;0;0;0;0;0;0;0;0;0;0;0;0;0;0;0;0;0;
2004 49 5;401;48045030800;9;1;1;0;1;0;0;0;0;1;0;0;0;0;0;0;0;1;0;0;0;
2004 49 5;402;48045220189;9;0;0;1;0;0;1;0;0;0;0;0;0;0;0;0;0;0;0;0;0;
2004 49 5;403;48044950255;9;0;0;0;0;0;0;0;0;0;0;0;0;0;0;0;0;0;0;0;0;
2004 49 5;404;48045020361;9;0;0;0;1;0;0;0;0;0;0;0;0;0;0;0;0;0;0;0;0;
2004 49 5;405;48045040073;9;0;0;0;0;0;0;1;0;0;0;0;0;0;0;0;0;1;0;0;0;
2004 49 5;406;48050140017;12;0;0;1;0;0;0;0;0;0;0;0;0;0;0;0;0;0;0;0;0;
2004 49 5;407;48044940369;12;1;1;0;1;0;0;0;0;0;1;0;0;0;0;0;0;0;0;0;0;
2004 49 5;408;48044950296;12;0;0;0;0;0;0;0;0;0;0;0;0;0;0;0;0;0;0;0;0;
2004 49 5;409;48045020394;12;0;0;0;1;0;0;0;0;1;0;0;0;0;0;0;0;1;0;0;0;
2004 49 5;410;48045220047;12;0;0;1;0;0;1;0;0;0;1;0;0;0;0;0;0;0;0;0;0;
2004 49 5;411;48044950282;12;0;0;0;0;0;0;0;0;0;0;0;0;0;0;0;0;0;0;0;0;
2004 49 5;412;48044950306;12;0;0;0;1;0;0;0;0;0;0;0;0;0;0;0;0;0;0;0;0;
2004 49 5;413;48050140018;12;0;0;1;0;0;0;0;0;0;0;0;0;0;0;0;0;0;0;0;0;
2004 49 5;414;48044930098;2;1;1;0;1;0;1;1;0;0;0;0;0;0;0;0;0;1;0;0;0;
2004 49 5;415;48044950239;9;0;0;0;0;0;0;0;0;0;0;0;0;0;0;0;0;0;0;0;0;
2004 49 5;416;48045020430;9;0;0;0;1;0;0;0;0;0;0;0;0;0;0;0;0;0;0;0;0;
2004 49 5;417;48044950256;9;0;0;0;0;0;0;0;0;0;0;0;0;0;0;0;0;0;0;0;0;
2004 49 5;418;48044950254;9;0;0;0;0;0;0;0;0;0;0;0;0;0;0;0;0;0;0;0;0;
2004 49 5;419;48045020421;1;0;0;0;1;0;0;0;0;0;0;1;0;0;0;0;0;0;0;0;0;
2004 49 5;420;48045230092;1;0;0;0;0;0;0;0;0;0;0;1;0;0;0;0;0;0;0;0;0;
2004 49 5;421;48045230087;1;0;0;0;0;0;0;0;0;0;0;1;0;0;0;0;0;0;0;0;0;
2004 49 5;422;48044940389;1;0;0;1;1;0;1;0;0;1;0;1;0;0;0;0;0;1;0;0;0;
2004 49 5;423;48045050100;9;0;0;0;0;0;0;1;0;0;1;0;0;0;0;0;0;0;0;0;0;
2004 49 5;424;48044950310;9;0;0;0;0;0;0;0;0;0;0;0;0;0;0;0;0;0;0;0;0;
2004 49 5;425;48045020363;9;0;0;0;1;0;0;0;0;0;0;0;0;0;0;0;0;0;0;0;0;
2004 49 5;426;48045010693;9;0;0;0;0;0;0;0;1;0;0;0;0;0;0;0;0;0;0;0;0;
2004 49 5;427;48045020422;9;0;0;0;1;0;0;0;0;0;0;0;0;0;0;0;0;0;0;0;0;
2004 49 5;428;48044950271;9;0;0;0;0;0;0;0;0;0;0;0;0;0;0;0;0;0;0;0;0;
2004 49 5;429;48044950273;9;0;0;0;0;0;0;0;0;0;0;0;0;0;0;0;0;0;0;0;0;
2004 49 5;430;48045020403;9;0;0;0;1;0;0;0;0;0;0;0;0;0;0;0;0;0;0;0;0;
2004 49 5;431;48044950236;9;0;0;0;0;0;0;0;0;0;0;0;0;0;0;0;0;0;0;0;0;
2004 49 5;432;48045040059;9;1;1;0;0;0;0;1;0;0;0;0;0;0;0;0;1;1;0;0;0;
2004 49 5;433;48045020367;9;0;0;0;1;0;0;0;0;0;0;0;0;0;0;0;0;0;0;0;0;
2004 49 5;434;48044950226;9;0;0;0;0;0;0;0;0;0;0;0;0;0;0;0;0;0;0;0;0;
2004 49 5;435;48044950161;13;0;0;0;0;0;0;0;0;0;0;0;0;0;0;0;0;0;0;0;0;
2004 49 5;436;48045020369;13;0;0;0;1;0;0;0;0;0;0;0;0;0;0;0;0;0;0;0;0;
2004 49 5;437;48045230035;13;0;0;0;0;0;0;0;0;0;0;0;0;0;0;0;0;0;0;0;0;
2004 49 5;438;48045020375;13;0;0;0;1;0;0;0;0;0;0;0;0;0;0;0;0;0;0;0;0;
2004 49 5;439;48045230043;13;0;0;0;0;0;0;0;0;0;0;0;0;0;0;0;0;0;0;0;0;
2004 49 5;440;48044930059;8;0;0;0;1;0;0;1;0;1;1;0;0;0;0;0;0;0;0;0;0;
2004 49 5;441;48044950186;4;0;0;0;0;1;0;0;0;0;0;0;0;1;0;0;0;0;0;0;0;
2004 49 5;442;48044950080;12;0;0;0;1;0;0;0;0;0;0;0;0;0;0;0;0;0;0;0;0;
2004 49 5;443;48045130542;12;0;0;0;0;0;0;0;0;0;0;0;0;0;0;0;0;0;0;0;0;
2004 49 5;444;48044930529;9;0;0;0;1;0;1;0;0;0;0;0;0;0;0;0;0;0;0;0;0;
2004 49 5;445;48044950278;9;0;0;0;0;0;0;0;0;0;0;0;0;0;0;0;0;0;0;0;0;
2004 49 5;446;48045110049;9;0;0;0;0;0;0;0;0;0;0;0;0;0;0;0;0;0;0;0;0;
2004 49 5;447;48045020370;9;0;0;0;1;0;0;0;0;0;0;0;0;0;0;0;0;0;0;0;0;
2004 49 5;448;48045050050;9;0;0;0;0;0;0;1;0;0;0;0;0;0;0;0;0;0;0;0;0;
2004 49 5;449;48045110051;9;0;0;0;0;0;0;0;0;0;0;0;0;0;0;0;0;0;0;0;0;
2004 49 5;450;48045010353;9;1;1;0;1;0;0;0;0;1;1;0;0;0;0;0;0;1;0;0;0;
2004 49 5;451;48045220134;9;0;0;0;0;0;0;0;0;0;0;0;0;0;0;0;0;0;0;0;0;
2004 49 5;452;48045220055;9;0;0;0;0;0;0;0;0;0;0;0;0;0;0;0;0;0;0;0;0;
2004 49 5;453;48045020417;9;0;0;0;1;0;0;0;0;0;0;0;0;0;0;0;0;0;0;0;0;
2004 49 5;454;48045220040;9;0;0;0;0;0;0;0;0;0;0;0;0;0;0;0;0;0;0;0;0;
2004 49 5;455;48045220078;9;0;0;0;0;0;0;0;0;0;0;0;0;0;0;0;0;0;0;0;0;
2004 49 5;456;48044930080;2;1;1;0;1;0;0;1;0;1;0;0;0;0;0;0;0;1;0;0;0;
2004 49 5;457;48045220174;9;0;0;0;0;0;0;0;0;0;0;0;0;0;0;0;0;0;0;0;0;
2004 49 5;458;48045220041;9;0;0;0;0;0;0;0;0;0;0;0;0;0;0;0;0;0;0;0;0;
2004 49 5;459;48045020373;9;0;0;0;1;0;0;0;0;0;0;0;0;0;0;0;0;0;0;0;0;
