Date;SeqRank;Ident;Paint Color;HPRC1;HPRC2;HPRC3;HPRC4;LPRC1;LPRC2;LPRC3;
2004 49 4;739;29044940617;5;0;1;0;0;0;0;0;
2004 49 4;740;29045010030;5;0;1;0;1;0;0;0;
2004 49 4;741;29044940313;5;1;0;0;0;1;0;0;
2004 49 4;742;29044940547;5;0;1;0;0;0;0;0;
2004 49 4;743;29044920228;5;1;0;0;0;1;1;0;
2004 49 4;744;29044940369;5;0;1;0;0;1;0;0;
2004 49 4;745;29044940043;5;1;0;0;0;1;1;0;
2004 49 4;746;29044940271;5;1;0;0;0;1;0;0;
2004 49 4;747;29044940272;5;1;0;0;0;1;0;0;
2004 49 4;748;29044940520;5;0;1;0;1;0;0;0;
2004 49 4;749;29044940615;5;0;1;0;0;1;0;1;
2004 49 4;750;29044830533;5;0;1;0;0;1;0;0;
2004 49 4;751;29044940333;5;1;0;0;0;1;0;0;
2004 49 4;752;29050130053;5;1;0;0;0;1;0;0;
2004 49 4;753;29044830528;5;0;1;0;0;1;0;0;
2004 49 4;754;29044830534;5;0;1;0;0;1;0;0;
2004 49 4;755;29044940519;5;0;1;0;1;0;0;0;
2004 49 4;756;29044950025;5;1;0;0;0;1;1;0;
2004 49 4;757;29044950236;5;1;0;0;0;1;0;0;
2004 49 4;758;29044950010;5;1;0;0;0;1;1;0;
2004 49 4;759;29044940479;5;0;1;0;0;1;0;0;
2004 49 4;760;29044940504;5;0;1;0;0;0;0;0;
2004 49 4;761;29044940676;5;0;1;0;0;1;0;0;
2004 49 4;762;29044960025;5;1;0;0;0;1;0;0;
2004 49 4;763;29044940613;5;0;1;0;0;0;0;0;
2004 49 4;764;29045040092;5;0;1;0;1;0;0;0;
2004 49 4;765;29044940517;5;0;1;0;0;1;0;0;
2004 49 4;766;29044960058;5;1;0;0;0;1;0;0;
2004 49 4;767;29044940681;5;0;1;0;0;1;0;0;
2004 49 4;768;29044960095;5;1;0;0;0;1;0;0;
2004 49 4;769;29044960098;5;1;0;0;0;1;0;0;
2004 49 4;770;29044940383;5;0;1;0;0;1;0;0;
2004 49 4;771;29044950270;5;1;0;0;0;1;0;0;
2004 49 4;772;29044940646;5;0;1;0;0;1;0;1;
2004 49 4;773;29045040073;5;0;1;0;1;0;0;0;
2004 49 4;774;29044940325;5;1;0;0;0;1;0;0;
2004 49 4;775;29044940266;5;1;0;0;0;1;0;0;
2004 49 4;776;29044940372;5;1;0;0;0;1;0;0;
2004 49 4;777;29044940549;5;0;1;0;0;0;0;0;
2004 49 4;778;29044940323;5;1;0;0;0;1;0;0;
2004 49 4;779;29044940022;5;1;0;0;0;1;0;0;
2004 49 4;780;29044940525;4;0;1;0;1;0;0;0;
2004 49 5;1;29044960217;5;1;0;0;0;1;0;0;
2004 49 5;2;29045110294;5;0;1;0;0;1;0;0;
2004 49 5;3;29044940111;5;1;0;0;0;1;0;0;
2004 49 5;4;29044950076;5;1;0;0;0;1;1;0;
2004 49 5;5;29044850601;5;0;1;0;0;1;0;0;
2004 49 5;6;29045050333;5;0;1;0;0;1;0;0;
2004 49 5;7;29044950077;5;1;0;0;0;1;1;0;
2004 49 5;8;29045050352;5;0;1;0;0;1;0;0;
2004 49 5;9;29044950008;5;1;0;0;0;1;1;0;
2004 49 5;10;29044950201;5;1;0;0;0;1;0;0;
2004 49 5;11;29044830027;5;1;0;0;0;1;1;0;
2004 49 5;12;29045050347;5;0;1;0;0;1;0;0;
2004 49 5;13;29044950198;5;1;0;0;0;1;0;0;
2004 49 5;14;29044820050;5;1;0;0;0;1;1;0;
2004 49 5;15;29044950259;5;1;0;0;0;1;0;0;
2004 49 5;16;29045050175;12;0;1;0;0;1;0;0;
2004 49 5;17;29045050179;12;0;1;0;0;1;0;0;
2004 49 5;18;29044950180;12;0;1;0;1;0;0;0;
2004 49 5;19;29044950009;12;1;0;0;0;1;1;0;
2004 49 5;20;29044950283;12;1;0;0;0;1;0;0;
2004 49 5;21;29045050136;12;0;1;0;0;1;0;0;
2004 49 5;22;29044950260;12;1;0;0;0;1;0;0;
2004 49 5;23;29044950282;12;1;0;0;0;1;0;0;
2004 49 5;24;29044950248;9;0;1;0;0;1;0;0;
2004 49 5;25;29044950265;9;0;1;1;0;1;0;0;
2004 49 5;26;29044950212;5;1;0;0;0;1;0;0;
2004 49 5;27;29044950228;5;1;0;0;0;1;0;0;
2004 49 5;28;29044950230;5;1;0;0;0;1;0;0;
2004 49 5;29;29045050336;5;0;1;0;0;1;0;0;
2004 49 5;30;29045050331;5;0;1;0;0;1;0;0;
2004 49 5;31;29045050328;5;0;1;0;0;1;0;0;
2004 49 5;32;29044950233;5;1;0;0;0;1;0;0;
2004 49 5;33;29044910450;5;1;0;0;0;1;1;0;
2004 49 5;34;29044950210;5;1;0;0;0;1;0;0;
2004 49 5;35;29045050326;5;0;1;0;0;1;0;0;
2004 49 5;36;29044950211;5;1;0;0;0;1;0;0;
2004 49 5;37;29044950216;5;1;0;0;0;1;0;0;
2004 49 5;38;29044950284;3;0;1;0;0;0;0;0;
2004 49 5;39;29045010031;3;0;1;0;1;0;0;0;
2004 49 5;40;29044950002;1;1;0;0;0;1;1;0;
2004 49 5;41;29044950132;13;0;1;1;0;0;0;0;
2004 49 5;42;29045050185;13;0;1;0;0;1;0;0;
2004 49 5;43;29044910358;13;1;0;0;0;1;1;0;
2004 49 5;44;29045050145;13;0;1;0;0;1;0;0;
2004 49 5;45;29045050146;13;0;1;0;0;1;0;0;
2004 49 5;46;29044950006;2;1;0;0;0;1;1;0;
2004 49 5;47;29044960022;2;1;0;0;0;1;0;0;
2004 49 5;48;29044920221;2;1;0;0;0;1;1;0;
2004 49 5;49;29045010378;4;0;1;0;1;1;0;0;
2004 49 5;50;29044950296;4;0;1;0;0;1;0;1;
2004 49 5;51;29044960235;2;1;0;0;0;1;1;0;
2004 49 5;52;29044960082;2;1;0;0;0;1;0;0;
2004 49 5;53;29044960150;2;1;0;0;0;1;1;0;
2004 49 5;54;29044950137;13;0;1;1;0;1;0;0;
2004 49 5;55;29044960142;2;1;0;0;0;1;1;0;
2004 49 5;56;29044950182;2;1;0;0;0;1;0;0;
2004 49 5;57;29044960135;2;1;0;0;0;1;1;0;
2004 49 5;58;29044950303;4;0;1;0;0;0;0;0;
2004 49 5;59;29044950287;4;0;1;0;0;0;0;0;
2004 49 5;60;29045120020;8;0;1;0;0;1;0;0;
2004 49 5;61;29045020226;8;1;0;0;0;1;0;0;
2004 49 5;62;29045020225;8;1;0;0;0;1;0;0;
2004 49 5;63;29045010368;8;0;1;0;1;1;0;0;
2004 49 5;64;29044901928;8;0;1;0;0;1;0;0;
2004 49 5;65;29044950262;8;1;0;0;0;1;0;0;
2004 49 5;66;29044950281;8;1;0;0;0;1;0;0;
2004 49 5;67;29045050034;8;0;1;0;0;1;0;0;
2004 49 5;68;29044950304;8;0;1;0;0;1;0;1;
2004 49 5;69;29044950078;8;1;0;0;0;1;1;0;
2004 49 5;70;29045050042;8;0;1;0;0;1;0;0;
2004 49 5;71;29044950292;8;0;1;0;0;0;0;0;
2004 49 5;72;29045050020;8;0;1;0;0;1;0;0;
2004 49 5;73;29044960136;2;1;0;0;0;1;1;0;
2004 49 5;74;29044950189;2;1;0;0;0;1;0;0;
2004 49 5;75;29044960179;2;1;0;0;0;1;1;0;
2004 49 5;76;29045120022;11;0;1;0;0;1;0;0;
2004 49 5;77;29044960153;2;1;0;0;0;1;1;0;
2004 49 5;78;29045010127;2;1;0;0;0;0;0;0;
2004 49 5;79;29044960183;2;1;0;0;0;1;1;0;
2004 49 5;80;29044950308;11;0;1;0;0;1;0;0;
2004 49 5;81;29044950307;11;0;1;0;0;1;0;0;
2004 49 5;82;29044950267;11;0;1;0;0;1;0;0;
2004 49 5;83;29044920227;7;1;0;0;0;1;1;0;
2004 49 5;84;29045120060;7;1;0;0;0;1;0;0;
2004 49 5;85;29044910380;7;1;0;0;0;1;1;0;
2004 49 5;86;29045050033;8;0;1;0;0;1;0;0;
2004 49 5;87;29045050370;8;0;1;0;0;1;0;0;
2004 49 5;88;29044950181;8;1;0;0;0;1;1;0;
2004 49 5;89;29045050038;8;0;1;0;0;1;0;0;
2004 49 5;90;29045050306;8;0;1;0;0;1;0;0;
2004 49 5;91;29044950275;8;1;0;0;0;1;0;0;
2004 49 5;92;29044910383;8;1;0;0;0;1;1;0;
2004 49 5;93;29045050056;8;0;1;0;0;1;0;0;
2004 49 5;94;29045050054;8;0;1;0;0;1;0;0;
2004 49 5;95;29044950128;8;0;1;0;0;0;0;0;
2004 49 5;96;29044950279;8;1;0;0;0;1;0;0;
2004 49 5;97;29045050233;8;0;1;0;0;1;0;0;
2004 49 5;98;29044950280;8;1;0;0;0;1;0;0;
2004 49 5;99;29045050036;8;0;1;0;0;1;0;0;
2004 49 5;100;29045050055;8;0;1;0;0;1;0;0;
2004 49 5;101;29044960177;2;1;0;0;0;1;1;0;
2004 49 5;102;29045010126;2;1;0;0;0;0;0;0;
2004 49 5;103;29044960170;2;1;0;0;0;1;1;0;
2004 49 5;104;29044950147;9;0;1;1;0;0;0;0;
2004 49 5;105;29044950305;10;0;1;0;0;1;0;0;
2004 49 5;106;29044960125;2;1;0;0;0;1;1;0;
2004 49 5;107;29044950188;2;1;0;0;0;1;0;0;
2004 49 5;108;29044960146;2;1;0;0;0;1;1;0;
2004 49 5;109;29045030272;10;0;1;0;1;1;0;0;
2004 49 5;110;29045050109;10;0;1;0;0;1;0;0;
2004 49 5;111;29045050105;10;0;1;0;0;1;0;0;
2004 49 5;112;29044960228;10;1;0;0;0;1;1;0;
2004 49 5;113;29045050123;10;0;1;0;0;1;0;0;
2004 49 5;114;29045050112;10;0;1;0;0;1;0;0;
2004 49 5;115;29044902063;14;1;0;0;0;1;0;0;
2004 49 5;116;29044902062;14;1;0;0;0;1;0;0;
2004 49 5;117;29044950103;9;0;1;0;1;0;0;0;
2004 49 5;118;29044960186;2;1;0;0;0;1;1;0;
2004 49 5;119;29044950185;2;1;0;0;0;1;0;0;
2004 49 5;120;29044960128;2;1;0;0;0;1;1;0;
2004 49 5;121;29044950140;9;0;1;1;0;1;0;0;
2004 49 5;122;29044960152;2;1;0;0;0;1;1;0;
2004 49 5;123;29044950191;2;1;0;0;0;1;0;0;
2004 49 5;124;29044960169;2;1;0;0;0;1;1;0;
2004 49 5;125;29045050113;10;0;1;0;0;1;0;0;
2004 49 5;126;29044960227;10;1;0;0;0;1;1;0;
2004 49 5;127;29045050100;10;0;1;0;0;1;0;0;
2004 49 5;128;29045050287;10;0;1;0;0;1;0;0;
2004 49 5;129;29044950261;10;1;0;0;0;1;0;0;
2004 49 5;130;29045050111;10;0;1;0;0;1;0;0;
2004 49 5;131;29045050281;10;0;1;0;0;1;0;0;
2004 49 5;132;29044950106;10;0;1;0;1;0;0;0;
2004 49 5;133;29044950071;5;1;0;0;0;1;1;0;
2004 49 5;134;29044950222;5;1;0;0;0;1;0;0;
2004 49 5;135;29045050348;5;0;1;0;0;1;0;0;
2004 49 5;136;29044950073;5;1;0;0;0;1;1;0;
2004 49 5;137;29044950196;5;1;0;0;0;1;0;0;
2004 49 5;138;29045050330;5;0;1;0;0;1;0;0;
2004 49 5;139;29044950215;5;1;0;0;0;1;0;0;
2004 49 5;140;29044950294;4;0;1;0;0;1;0;0;
2004 49 5;141;29044950249;4;0;1;0;0;0;0;0;
2004 49 5;142;29044950163;4;0;1;0;0;0;0;0;
2004 49 5;143;29044950102;12;1;0;0;0;1;0;0;
2004 49 5;144;29044950100;12;1;0;0;0;1;0;0;
2004 49 5;145;29045050182;12;0;1;0;0;1;0;0;
2004 49 5;146;29044960247;12;1;0;0;0;1;1;0;
2004 49 5;147;29044950095;12;1;0;0;0;1;0;0;
2004 49 5;148;29045050142;12;0;1;0;0;1;0;0;
2004 49 5;149;29045050166;12;0;1;0;0;1;0;0;
2004 49 5;150;29044960234;12;1;0;0;0;1;1;0;
2004 49 5;151;29045050168;12;0;1;0;0;1;0;0;
2004 49 5;152;29045050135;12;0;1;0;0;1;0;0;
2004 49 5;153;29044960230;12;1;0;0;0;1;1;0;
2004 49 5;154;29045050133;12;0;1;0;0;1;0;0;
2004 49 5;155;29044950156;12;0;1;1;0;0;0;0;
2004 49 5;156;29044950099;12;1;0;0;0;1;0;0;
2004 49 5;157;29044950272;12;0;1;0;0;1;0;0;
2004 49 5;158;29045050143;12;0;1;0;0;1;0;0;
2004 49 5;159;29044950220;5;1;0;0;0;1;0;0;
2004 49 5;160;29044950223;5;1;0;0;0;1;0;0;
2004 49 5;161;29044950226;5;1;0;0;0;1;0;0;
2004 49 5;162;29045050346;5;0;1;0;0;1;0;0;
2004 49 5;163;29044910339;5;1;0;0;0;1;1;0;
2004 49 5;164;29045050257;11;0;1;0;0;1;0;0;
2004 49 5;165;29045050075;11;0;1;0;0;1;0;0;
2004 49 5;166;29045050073;11;0;1;0;0;1;0;0;
2004 49 5;167;29044960166;2;1;0;0;0;1;1;0;
2004 49 5;168;29045050074;11;0;1;0;0;1;0;0;
2004 49 5;169;29045050320;11;0;1;0;0;1;0;0;
2004 49 5;170;29045050060;11;0;1;0;0;1;0;0;
2004 49 5;171;29045010091;2;1;0;0;0;1;0;0;
2004 49 5;172;29044960143;2;1;0;0;0;1;1;0;
2004 49 5;173;29045010128;2;1;0;0;0;0;0;0;
2004 49 5;174;29045050149;13;0;1;0;0;1;0;0;
2004 49 5;175;29045050148;13;0;1;0;0;1;0;0;
2004 49 5;176;29044950135;13;0;1;1;0;1;0;0;
2004 49 5;177;29045010255;2;1;0;0;0;1;0;0;
2004 49 5;178;29044960157;2;1;0;0;0;1;1;0;
2004 49 5;179;29045010119;2;1;0;0;0;0;0;0;
2004 49 5;180;29045050308;8;0;1;0;0;1;0;0;
2004 49 5;181;29044910353;8;1;0;0;0;1;1;0;
2004 49 5;182;29045050046;8;0;1;0;0;1;0;0;
2004 49 5;183;29045050312;8;0;1;0;0;1;0;0;
2004 49 5;184;29045010330;8;1;0;0;0;0;1;0;
2004 49 5;185;29045050371;8;0;1;0;0;1;0;0;
2004 49 5;186;29044950278;8;1;0;0;0;1;0;0;
2004 49 5;187;29045050035;8;0;1;0;0;1;0;0;
2004 49 5;188;29045010036;8;1;0;0;0;1;1;0;
2004 49 5;189;29045050369;8;0;1;0;0;1;0;0;
2004 49 5;190;29044950302;8;0;1;0;0;1;0;0;
2004 49 5;191;29044950021;8;1;0;0;0;1;1;0;
2004 49 5;192;29045050027;8;0;1;0;0;1;0;0;
2004 49 5;193;29045050311;8;0;1;0;0;1;0;0;
2004 49 5;194;29045050050;8;0;1;0;0;1;0;0;
2004 49 5;195;29044960124;2;1;0;0;0;1;1;0;
2004 49 5;196;29045010118;2;1;0;0;0;0;0;0;
2004 49 5;197;29044960163;2;1;0;0;0;1;1;0;
2004 49 5;198;29045050099;11;0;1;0;0;1;0;0;
2004 49 5;199;29045050317;11;0;1;0;0;1;0;0;
2004 49 5;200;29044960195;2;1;0;0;0;1;1;0;
2004 49 5;201;29045010337;2;1;0;0;0;1;0;0;
2004 49 5;202;29044960141;2;1;0;0;0;1;1;0;
2004 49 5;203;29045050264;11;0;1;0;0;1;0;0;
2004 49 5;204;29045050070;11;0;1;0;0;1;0;0;
2004 49 5;205;29044960162;2;1;0;0;0;1;1;0;
2004 49 5;206;29044950309;3;0;1;0;0;1;0;0;
2004 49 5;207;29045050161;3;0;1;0;0;1;0;0;
2004 49 5;208;29045020074;3;1;0;0;0;1;0;0;
2004 49 5;209;29045010060;3;0;1;0;1;0;0;0;
2004 49 5;210;29045120058;6;1;0;0;0;1;0;0;
2004 49 5;211;29044920219;6;1;0;0;0;1;1;0;
2004 49 5;212;29045120059;6;1;0;0;0;1;0;0;
2004 49 5;213;29045050152;6;0;1;0;0;1;0;0;
2004 49 5;214;29045010357;6;1;0;0;0;1;0;0;
2004 49 5;215;29045050151;6;0;1;0;0;1;0;0;
2004 49 5;216;29044910351;6;1;0;0;0;1;1;0;
2004 49 5;217;29044950159;4;0;1;1;1;1;0;0;
2004 49 5;218;29044950149;4;0;1;0;0;0;0;0;
2004 49 5;219;29044950239;5;1;0;0;0;1;0;0;
2004 49 5;220;29044950231;5;1;0;0;0;1;0;0;
2004 49 5;221;29044950240;5;1;0;0;0;1;0;0;
2004 49 5;222;29045050325;5;0;1;0;0;1;0;0;
2004 49 5;223;29044950068;5;1;0;0;0;1;1;0;
2004 49 5;224;29044950218;5;1;0;0;0;1;0;0;
2004 49 5;225;29045050354;5;0;1;0;0;1;0;0;
2004 49 5;226;29045010334;5;1;0;0;0;0;0;0;
2004 49 5;227;29044950204;5;1;0;0;0;1;0;0;
2004 49 5;228;29044950069;5;1;0;0;0;1;1;0;
2004 49 5;229;29045010059;8;0;1;0;1;1;0;0;
2004 49 5;230;29044960243;8;1;0;0;0;1;0;0;
2004 49 5;231;29045050028;8;0;1;0;0;1;0;0;
2004 49 5;232;29044950035;8;1;0;0;0;1;1;0;
2004 49 5;233;29045050059;8;0;1;0;0;1;0;0;
2004 49 5;234;29044960237;8;1;0;0;0;1;0;0;
2004 49 5;235;29045050043;8;0;1;0;0;1;0;0;
2004 49 5;236;29044950263;8;0;1;0;0;1;0;0;
2004 49 5;237;29044960145;2;1;0;0;0;1;1;0;
2004 49 5;238;29045010331;2;1;0;0;0;1;0;0;
2004 49 5;239;29045010113;2;1;0;0;0;0;0;0;
2004 49 5;240;29045050077;11;0;1;0;0;1;0;0;
2004 49 5;241;29045050324;11;0;1;0;0;1;0;0;
2004 49 5;242;29045050089;11;0;1;0;0;1;0;0;
2004 49 5;243;29044950214;5;1;0;0;0;1;0;0;
2004 49 5;244;29044950193;5;1;0;0;0;1;0;0;
2004 49 5;245;29044950074;5;1;0;0;0;1;1;0;
2004 49 5;246;29045050335;5;0;1;0;0;1;0;0;
2004 49 5;247;29044950219;5;1;0;0;0;1;0;0;
2004 49 5;248;29045050334;5;0;1;0;0;1;0;0;
2004 49 5;249;29044950075;5;1;0;0;0;1;1;0;
2004 49 5;250;29044950237;5;1;0;0;0;1;0;0;
2004 49 5;251;29044950206;5;1;0;0;0;1;0;0;
2004 49 5;252;29045010032;3;0;1;0;1;0;0;0;
2004 49 5;253;29044950072;5;1;0;0;0;1;1;0;
2004 49 5;254;29044950252;5;1;0;0;0;1;0;0;
2004 49 5;255;29044960121;5;1;0;0;0;1;1;0;
2004 49 5;256;29044950289;8;0;1;0;0;1;0;0;
2004 49 5;257;29044960242;8;1;0;0;0;1;0;0;
2004 49 5;258;29045050058;8;0;1;0;0;1;0;0;
2004 49 5;259;29045050230;8;0;1;0;0;1;0;0;
2004 49 5;260;29044950148;8;0;1;0;1;0;0;0;
2004 49 5;261;29044960245;8;1;0;0;0;1;0;0;
2004 49 5;262;29045050305;8;0;1;0;0;1;0;0;
2004 49 5;263;29044960244;8;1;0;0;0;1;0;0;
2004 49 5;264;29045050147;13;0;1;0;0;1;0;0;
2004 49 5;265;29045050188;13;0;1;0;0;1;0;0;
2004 49 5;266;29044950143;13;0;1;1;0;0;0;0;
2004 49 5;267;29044910449;5;1;0;0;0;1;1;0;
2004 49 5;268;29045050353;5;0;1;0;0;1;0;0;
2004 49 5;269;29044910349;5;1;0;0;0;1;1;0;
2004 49 5;270;29045010333;5;1;0;0;0;0;0;0;
2004 49 5;271;29045050344;5;0;1;0;0;1;0;0;
2004 49 5;272;29044960122;5;1;0;0;0;1;1;0;
2004 49 5;273;29044950200;5;1;0;0;0;1;0;0;
2004 49 5;274;29044950023;5;1;0;0;0;1;1;0;
2004 49 5;275;29045050350;5;0;1;0;0;1;0;0;
2004 49 5;276;29044950290;5;1;0;0;0;1;0;0;
2004 49 5;277;29045050053;8;0;1;0;0;1;0;0;
2004 49 5;278;29045050307;8;0;1;0;0;1;0;0;
2004 49 5;279;29044920113;8;1;0;0;0;1;1;0;
2004 49 5;280;29045050025;8;0;1;0;0;1;0;0;
2004 49 5;281;29045050037;8;0;1;0;0;1;0;0;
2004 49 5;282;29044960239;8;1;0;0;0;1;0;0;
2004 49 5;283;29045050026;8;0;1;0;0;1;0;0;
2004 49 5;284;29045050372;8;0;1;0;0;1;0;0;
2004 49 5;285;29045050375;8;0;1;0;0;1;0;0;
2004 49 5;286;29044950022;8;1;0;0;0;1;1;0;
2004 49 5;287;29045050373;8;0;1;0;0;1;0;0;
2004 49 5;288;29044950110;8;0;1;0;1;0;0;0;
2004 49 5;289;29044950028;8;1;0;0;0;1;1;0;
2004 49 5;290;29045050021;8;0;1;0;0;1;0;0;
2004 49 5;291;29045050367;8;0;1;0;0;1;0;0;
2004 49 5;292;29044960241;8;1;0;0;0;1;0;0;
2004 49 5;293;29044960238;8;1;0;0;0;1;0;0;
2004 49 5;294;29045050310;8;0;1;0;0;1;0;0;
2004 49 5;295;29045050127;10;0;1;0;0;1;0;0;
2004 49 5;296;29045050129;10;0;1;0;0;1;0;0;
2004 49 5;297;29044950288;10;1;0;0;0;1;0;0;
2004 49 5;298;29045050128;10;0;1;0;0;1;0;0;
2004 49 5;299;29044950130;10;0;1;1;0;0;0;0;
2004 49 5;300;29045050110;10;0;1;0;0;1;0;0;
2004 49 5;301;29044920215;6;1;0;0;0;1;1;0;
2004 49 5;302;29045030291;6;1;0;0;0;1;0;0;
2004 49 5;303;29044950171;8;0;1;0;0;1;0;0;
2004 49 5;304;29044960240;8;1;0;0;0;1;0;0;
2004 49 5;305;29045050041;8;0;1;0;0;1;0;0;
2004 49 5;306;29044960130;2;1;0;0;0;1;1;0;
2004 49 5;307;29045010341;2;1;0;0;0;1;0;0;
2004 49 5;308;29044960131;2;1;0;0;0;1;1;0;
2004 49 5;309;29044950144;13;0;1;1;0;0;0;0;
2004 49 5;310;29045050186;13;0;1;0;0;1;0;0;
2004 49 5;311;29044960133;2;1;0;0;0;1;1;0;
2004 49 5;312;29045010121;2;1;0;0;0;0;0;0;
2004 49 5;313;29044960161;2;1;0;0;0;1;1;0;
2004 49 5;314;29045050031;8;0;1;0;0;1;0;0;
2004 49 5;315;29045050057;8;0;1;0;0;1;0;0;
2004 49 5;316;29045050047;8;0;1;0;0;1;0;0;
2004 49 5;317;29044960246;8;1;0;0;0;1;0;0;
2004 49 5;318;29045010359;8;1;0;0;0;1;0;0;
2004 49 5;319;29045010358;8;1;0;0;0;1;0;0;
2004 49 5;320;29045050309;8;0;1;0;0;1;0;0;
2004 49 5;321;29044960011;8;1;0;0;0;1;1;0;
2004 49 5;322;29045050032;8;0;1;0;0;1;0;0;
2004 49 5;323;29045020080;8;0;1;0;1;1;0;0;
2004 49 5;324;29045050376;8;0;1;0;0;1;0;0;
2004 49 5;325;29045010355;8;1;0;0;0;1;0;0;
2004 49 5;326;29045050368;8;0;1;0;0;1;0;0;
2004 49 5;327;29045050052;8;0;1;0;0;1;0;0;
2004 49 5;328;29045010251;8;1;0;0;0;1;0;0;
2004 49 5;329;29045050364;11;0;1;0;0;1;0;0;
2004 49 5;330;29044901929;11;0;1;0;0;0;0;0;
2004 49 5;331;29044950253;11;0;1;0;0;1;0;0;
2004 49 5;332;29044950004;1;1;0;0;0;1;1;0;
2004 49 5;333;29044950285;11;0;1;0;0;0;0;0;
2004 49 5;334;29045050362;11;0;1;0;0;1;0;0;
2004 49 5;335;29045050235;11;0;1;0;0;1;0;0;
2004 49 5;336;29044960233;12;1;0;0;0;1;1;0;
2004 49 5;337;29045050139;12;0;1;0;0;1;0;0;
2004 49 5;338;29044960232;12;1;0;0;0;1;1;0;
2004 49 5;339;29045050132;12;0;1;0;0;1;0;0;
2004 49 5;340;29045050134;12;0;1;0;0;1;0;0;
2004 49 5;341;29045050140;12;0;1;0;0;1;0;0;
2004 49 5;342;29045030309;12;1;0;0;0;1;0;0;
2004 49 5;343;29045010016;12;1;0;0;0;1;0;0;
2004 49 5;344;29044960231;12;1;0;0;0;1;1;0;
2004 49 5;345;29045050171;12;0;1;0;0;1;0;0;
2004 49 5;346;29045030166;12;1;0;0;0;1;0;0;
2004 49 5;347;29045030268;12;1;0;0;0;1;0;0;
2004 49 5;348;29045050169;12;0;1;0;0;1;0;0;
2004 49 5;349;29044950264;12;0;1;0;0;1;0;0;
2004 49 5;350;29045030275;12;1;0;0;0;1;0;0;
2004 49 5;351;29045050138;12;0;1;0;0;1;0;0;
2004 49 5;352;29044950286;9;0;1;0;0;0;0;0;
2004 49 5;353;29044910372;9;1;0;0;0;1;1;0;
2004 49 5;354;29044950150;9;0;1;0;1;1;0;0;
2004 49 5;355;29044950145;9;0;1;1;0;0;0;0;
2004 49 5;356;29044950079;9;1;0;0;0;1;1;0;
2004 49 5;357;29044950152;9;0;1;0;0;1;0;0;
2004 49 5;358;29044950118;9;0;1;0;0;1;0;0;
2004 49 5;359;29044960178;2;1;0;0;0;1;1;0;
2004 49 5;360;29045010335;2;1;0;0;0;1;0;0;
2004 49 5;361;29045010338;2;1;0;0;0;1;0;0;
2004 49 5;362;29044950173;11;0;1;0;0;0;0;0;
2004 49 5;363;29045050255;11;0;1;0;0;1;0;0;
2004 49 5;364;29045030264;12;1;0;0;0;1;0;0;
2004 49 5;365;29045030165;12;1;0;0;0;1;0;0;
2004 49 5;366;29045030227;12;1;0;0;0;1;0;0;
2004 49 5;367;29045050130;12;0;1;0;0;1;0;0;
2004 49 5;368;29045050167;12;0;1;0;0;1;0;0;
2004 49 5;369;29045050183;12;0;1;0;0;1;0;0;
2004 49 5;370;29045010133;12;1;0;0;0;1;0;0;
2004 49 5;371;29044920437;12;1;0;0;0;0;0;0;
2004 49 5;372;29045050178;12;0;1;0;0;1;0;0;
2004 49 5;373;29045050165;12;0;1;0;0;1;0;0;
2004 49 5;374;29045050177;12;0;1;0;0;1;0;0;
2004 49 5;375;29044910374;12;1;0;0;0;1;1;0;
2004 49 5;376;29045050170;12;0;1;0;0;1;0;0;
2004 49 5;377;29044950108;12;0;1;1;1;1;0;0;
2004 49 5;378;29045010280;12;1;0;0;0;1;0;0;
2004 49 5;379;29045050131;12;0;1;0;0;1;0;0;
2004 49 5;380;29044960180;12;1;0;0;0;1;1;0;
2004 49 5;381;29045050144;12;0;1;0;0;1;0;0;
2004 49 5;382;29045050141;12;0;1;0;0;1;0;0;
2004 49 5;383;29044950224;5;1;0;0;0;1;0;0;
2004 49 5;384;29044950199;5;1;0;0;0;1;0;0;
2004 49 5;385;29045050351;5;0;1;0;0;1;0;0;
2004 49 5;386;29044950029;5;1;0;0;0;1;1;0;
2004 49 5;387;29044950229;5;1;0;0;0;1;0;0;
2004 49 5;388;29044950112;4;0;1;0;1;0;0;0;
2004 49 5;389;29044960182;2;1;0;0;0;1;1;0;
2004 49 5;390;29045010114;2;1;0;0;0;0;0;0;
2004 49 5;391;29044960138;2;1;0;0;0;1;1;0;
2004 49 5;392;29045050137;12;0;1;0;0;1;0;0;
2004 49 5;393;29044950169;12;0;1;0;0;1;0;0;
2004 49 5;394;29044960156;2;1;0;0;0;1;1;0;
2004 49 5;395;29045050363;11;0;1;0;0;1;0;0;
2004 49 5;396;29045050095;11;0;1;0;0;1;0;0;
2004 49 5;397;29045050084;11;0;1;0;0;1;0;0;
2004 49 5;398;29044960174;2;1;0;0;0;1;1;0;
2004 49 5;399;29045010062;3;0;1;0;1;0;0;0;
2004 49 5;400;29044950291;5;1;0;0;0;1;0;0;
2004 49 5;401;29044950205;5;1;0;0;0;1;0;0;
2004 49 5;402;29044950194;5;1;0;0;0;1;0;0;
2004 49 5;403;29045050340;5;0;1;0;0;1;0;0;
2004 49 5;404;29044950024;5;1;0;0;0;1;1;0;
2004 49 5;405;29044950235;5;1;0;0;0;1;0;0;
2004 49 5;406;29044950203;5;1;0;0;0;1;0;0;
2004 49 5;407;29045050339;5;0;1;0;0;1;0;0;
2004 49 5;408;29044910345;5;1;0;0;0;1;1;0;
2004 49 5;409;29044950208;5;1;0;0;0;1;0;0;
2004 49 5;410;29045050349;5;0;1;0;0;1;0;0;
2004 49 5;411;29044950225;5;1;0;0;0;1;0;0;
2004 49 5;412;29044950018;5;1;0;0;0;1;1;0;
2004 49 5;413;29044950221;5;1;0;0;0;1;0;0;
2004 49 5;414;29044950146;9;0;1;1;0;0;0;0;
2004 49 5;415;29045120067;7;1;0;0;0;1;0;0;
2004 49 5;416;29044940262;7;1;0;0;0;1;0;0;
2004 49 5;417;29044940263;7;1;0;0;0;1;0;0;
2004 49 5;418;29045050065;11;0;1;0;0;1;0;0;
2004 49 5;419;29045050079;11;0;1;0;0;1;0;0;
2004 49 5;420;29044950271;11;0;1;1;0;1;0;0;
2004 49 5;421;29044940261;7;1;0;0;0;1;0;0;
2004 49 5;422;29044950117;11;0;1;0;0;0;0;0;
2004 49 5;423;29045050086;11;0;1;0;0;1;0;0;
2004 49 5;424;29045030274;11;0;1;0;1;1;0;0;
2004 49 5;425;29044960072;1;1;0;0;0;1;1;0;
2004 49 5;426;29045050096;11;0;1;0;0;1;0;0;
2004 49 5;427;29045050315;11;0;1;0;0;1;0;0;
2004 49 5;428;29045050066;11;0;1;0;0;1;0;0;
2004 49 5;429;29044960071;1;1;0;0;0;1;1;0;
2004 49 5;430;29044950158;13;0;1;0;0;1;0;0;
2004 49 5;431;29044950142;13;0;1;1;0;0;0;0;
2004 49 5;432;29044950122;13;0;1;0;0;1;0;0;
2004 49 5;433;29044960019;5;1;0;0;0;1;1;0;
2004 49 5;434;29044950202;5;1;0;0;0;1;0;0;
2004 49 5;435;29044950234;5;1;0;0;0;1;0;0;
2004 49 5;436;29045050342;5;0;1;0;0;1;0;0;
2004 49 5;437;29044950207;5;1;0;0;0;1;0;0;
2004 49 5;438;29044960003;5;1;0;0;0;1;1;0;
2004 49 5;439;29044950195;5;1;0;0;0;1;0;0;
2004 49 5;440;29045050083;11;0;1;0;0;1;0;0;
2004 49 5;441;29044950116;11;0;1;0;0;0;0;0;
2004 49 5;442;29045050085;11;0;1;0;0;1;0;0;
2004 49 5;443;29044960151;2;1;0;0;0;1;1;0;
2004 49 5;444;29045010339;2;1;0;0;0;1;0;0;
2004 49 5;445;29044960196;2;1;0;0;0;1;1;0;
2004 49 5;446;29045050080;11;0;1;0;0;1;0;0;
2004 49 5;447;29045050321;11;0;1;0;0;1;0;0;
2004 49 5;448;29045050087;11;0;1;0;0;1;0;0;
2004 49 5;449;29044960158;2;1;0;0;0;1;1;0;
2004 49 5;450;29045010112;2;1;0;0;0;0;0;0;
2004 49 5;451;29044960132;2;1;0;0;0;1;1;0;
2004 49 5;452;29045050090;11;0;1;0;0;1;0;0;
2004 49 5;453;29045050316;11;0;1;0;0;1;0;0;
2004 49 5;454;29045050092;11;0;1;0;0;1;0;0;
2004 49 5;455;29044960134;2;1;0;0;0;1;1;0;
2004 49 5;456;29045010336;2;1;0;0;0;1;0;0;
2004 49 5;457;29044960185;2;1;0;0;0;1;1;0;
2004 49 5;458;29045050064;11;0;1;0;0;1;0;0;
2004 49 5;459;29045050251;11;0;1;0;0;1;0;0;
2004 49 5;460;29045050093;11;0;1;0;0;1;0;0;
2004 49 5;461;29044910379;9;1;0;0;0;1;1;0;
2004 49 5;462;29044950104;9;0;1;0;1;0;0;0;
2004 49 5;463;29044960224;9;1;0;0;0;1;1;0;
2004 49 5;464;29044950139;9;0;1;1;0;1;0;0;
2004 49 5;465;29045010367;2;1;0;0;0;1;0;0;
2004 49 5;466;29044960171;2;1;0;0;0;1;1;0;
2004 49 5;467;29045010340;2;1;0;0;0;1;0;0;
2004 49 5;468;29045050322;11;0;1;0;0;1;0;0;
2004 49 5;469;29044950251;11;0;1;0;0;1;0;0;
2004 49 5;470;29045050360;11;0;1;0;0;1;0;0;
2004 49 5;471;29044960139;2;1;0;0;0;1;1;0;
2004 49 5;472;29045050063;11;0;1;0;0;1;0;0;
2004 49 5;473;29044950141;11;0;1;0;0;0;0;0;
2004 49 5;474;29045050081;11;0;1;0;0;1;0;0;
2004 49 5;475;29044960159;2;1;0;0;0;1;1;0;
2004 49 5;476;29044950266;11;0;1;0;0;1;0;0;
2004 49 5;477;29044950258;11;0;1;0;0;1;0;0;
2004 49 5;478;29044950295;11;0;1;0;0;1;0;0;
2004 49 5;479;29044960126;2;1;0;0;0;1;1;0;
2004 49 5;480;29045010120;2;1;0;0;0;0;0;0;
2004 49 5;481;29044960123;2;1;0;0;0;1;1;0;
2004 49 5;482;29045050318;11;0;1;0;0;1;0;0;
2004 49 5;483;29044960155;2;1;0;0;0;1;1;0;
2004 49 5;484;29045010332;2;1;0;0;0;1;0;0;
2004 49 5;485;29044960148;2;1;0;0;0;1;1;0;
2004 49 5;486;29044910409;10;0;1;0;1;1;0;0;
2004 49 5;487;29045020318;10;0;1;1;0;1;0;0;
2004 49 5;488;29045010356;10;1;0;0;0;1;0;0;
2004 49 5;489;29045050126;10;0;1;0;0;1;0;0;
2004 49 5;490;29045050282;10;0;1;0;0;1;0;0;
2004 49 5;491;29045050120;10;0;1;0;0;1;0;0;
2004 49 5;492;29045010326;10;1;0;0;0;1;0;0;
2004 49 5;493;29044950105;10;0;1;0;1;0;0;0;
2004 49 5;494;29045050122;10;0;1;0;0;1;0;0;
2004 49 5;495;29044950213;5;1;0;0;0;1;0;0;
2004 49 5;496;29044950232;5;1;0;0;0;1;0;0;
2004 49 5;497;29044950209;5;1;0;0;0;1;0;0;
2004 49 5;498;29044950273;5;0;1;0;0;1;0;0;
2004 49 5;499;29044960031;5;1;0;0;0;1;1;0;
2004 49 5;500;29044950242;5;1;0;0;0;1;0;0;
2004 49 5;501;29044950175;4;0;1;0;0;1;0;0;
2004 49 5;502;29044950155;4;0;1;0;0;1;0;0;
2004 49 5;503;29044950165;4;0;1;0;0;1;0;0;
2004 49 5;504;29044920435;4;1;0;0;0;0;0;0;
2004 49 5;505;29044950164;4;0;1;0;0;1;0;0;
2004 49 5;506;29044940179;4;0;1;0;1;1;0;0;
2004 49 5;507;29044960181;2;1;0;0;0;1;1;0;
2004 49 5;508;29045050082;11;0;1;0;0;1;0;0;
2004 49 5;509;29045050091;11;0;1;0;0;1;0;0;
2004 49 5;510;29045050069;11;0;1;0;0;1;0;0;
2004 49 5;511;29045010254;2;1;0;0;0;1;0;0;
2004 49 5;512;29044960144;2;1;0;0;0;1;1;0;
2004 49 5;513;29045010342;2;1;0;0;0;1;0;0;
2004 49 5;514;29044950174;9;0;1;0;0;0;0;0;
2004 49 5;515;29044950138;9;0;1;1;0;1;0;0;
2004 49 5;516;29044960223;9;1;0;0;0;1;1;0;
2004 49 5;517;29044950257;9;0;1;0;0;0;0;0;
2004 49 5;518;29044960030;5;1;0;0;0;1;1;0;
2004 49 5;519;29044950238;5;1;0;0;0;1;0;0;
2004 49 5;520;29044950227;5;1;0;0;0;1;0;0;
2004 49 5;521;29045020488;4;0;1;0;0;0;0;0;
2004 49 5;522;29045030307;4;0;1;0;0;1;0;0;
2004 49 5;523;29045030306;4;0;1;0;0;1;0;0;
2004 49 5;524;29044960154;2;1;0;0;0;1;1;0;
2004 49 5;525;29044950274;11;0;1;0;0;1;0;0;
2004 49 5;526;29045050076;11;0;1;0;0;1;0;0;
2004 49 5;527;29045050323;11;0;1;0;0;1;0;0;
2004 49 5;528;29044960149;2;1;0;0;0;1;1;0;
2004 49 5;529;29045050319;11;0;1;0;0;1;0;0;
2004 49 5;530;29045050097;11;0;1;0;0;1;0;0;
2004 49 5;531;29045050361;11;0;1;0;0;1;0;0;
2004 49 5;532;29044130501;2;1;0;0;0;1;1;0;
2004 49 5;533;29045010092;2;1;0;0;0;1;0;0;
2004 49 5;534;29044960015;2;1;0;0;0;1;1;0;
2004 49 5;535;29045050062;11;0;1;0;0;1;0;0;
2004 49 5;536;29045050098;11;0;1;0;0;1;0;0;
2004 49 5;537;29045050061;11;0;1;0;0;1;0;0;
2004 49 5;538;29044960014;2;1;0;0;0;1;1;0;
2004 49 5;539;29045050245;11;0;1;0;0;1;0;0;
2004 49 5;540;29044950255;11;0;1;0;0;1;0;0;
2004 49 5;541;29045050072;11;0;1;0;0;1;0;0;
2004 49 5;542;29044960091;2;1;0;0;0;1;1;0;
2004 49 5;543;29044960188;2;1;0;0;0;1;0;0;
2004 49 5;544;29044960112;2;1;0;0;0;1;1;0;
2004 49 5;545;29044950111;11;0;1;0;1;0;0;0;
2004 49 5;546;29044950121;11;0;1;0;0;0;0;0;
2004 49 5;547;29045050071;11;0;1;0;0;1;0;0;
2004 49 5;548;29044950241;5;1;0;0;0;1;0;0;
2004 49 5;549;29045050345;5;0;1;0;0;1;0;0;
2004 49 5;550;29044960018;5;1;0;0;0;1;1;0;
2004 49 5;551;29044950090;5;1;0;0;0;1;0;0;
2004 49 5;552;29045050337;5;0;1;0;0;1;0;0;
2004 49 5;553;29044960020;5;1;0;0;0;1;1;0;
2004 49 5;554;29045050341;5;0;1;0;0;1;0;0;
2004 49 5;555;29044950081;5;1;0;0;0;1;0;0;
2004 49 5;556;29045050343;5;0;1;0;0;1;0;0;
2004 49 5;557;29044960016;5;1;0;0;0;1;1;0;
2004 49 5;558;29044950089;5;1;0;0;0;1;0;0;
2004 49 5;559;29044950170;3;0;1;0;0;0;0;0;
2004 49 5;560;29044960004;5;1;0;0;0;1;1;0;
2004 49 5;561;29044960236;5;1;0;0;0;1;0;0;
2004 49 5;562;29044960002;5;1;0;0;0;1;1;0;
2004 49 5;563;29045050156;3;0;1;0;0;1;0;0;
2004 49 5;564;29045010061;3;0;1;0;1;0;0;0;
2004 49 5;565;29045050158;3;0;1;0;0;1;0;0;
2004 49 5;566;29045020073;3;1;0;0;0;1;0;0;
2004 49 5;567;29045050157;3;0;1;0;0;1;0;0;
2004 49 5;568;29045030265;3;1;0;0;0;1;0;0;
2004 49 5;569;29045030226;3;1;0;0;0;1;0;0;
2004 49 5;570;29045050162;3;0;1;0;0;1;0;0;
2004 49 5;571;29045050164;3;0;1;0;0;1;0;0;
2004 49 5;572;29045050160;3;0;1;0;0;1;0;0;
2004 49 5;573;29045010343;2;1;0;0;0;1;1;0;
2004 49 5;574;29045050365;11;0;1;0;0;1;0;0;
2004 49 5;575;29045050357;11;0;1;0;0;1;0;0;
2004 49 5;576;29045010111;2;1;0;0;0;0;1;0;
2004 49 5;577;29045050358;11;0;1;0;0;1;0;0;
2004 49 5;578;29045050068;11;0;1;0;0;1;0;0;
2004 49 5;579;29045050078;11;0;1;0;0;1;0;0;
2004 49 5;580;29045010345;2;1;0;0;0;1;1;0;
2004 49 5;581;29045050359;11;0;1;0;0;1;0;0;
2004 49 5;582;29045050067;11;0;1;0;0;1;0;0;
2004 49 5;583;29045020230;11;0;1;0;0;0;0;0;
2004 49 5;584;29045030295;6;1;0;0;0;1;0;0;
2004 49 5;585;29045030296;6;1;0;0;0;1;0;0;
2004 49 5;586;29045030298;6;1;0;0;0;1;0;0;
2004 49 5;587;29045050154;6;0;1;0;0;1;0;0;
2004 49 5;588;29045050150;6;0;1;0;0;1;0;0;
2004 49 5;589;29045030292;6;1;0;0;0;1;0;0;
2004 49 5;590;29045030301;6;1;0;0;0;1;0;0;
2004 49 5;591;29044950177;6;0;1;0;0;1;0;0;
2004 49 5;592;29045030293;6;1;0;0;0;1;0;0;
2004 49 5;593;29044910369;6;1;0;0;0;1;1;0;
2004 49 5;594;29045030297;6;1;0;0;0;1;0;0;
2004 49 5;595;29045050051;8;0;1;0;0;1;0;0;
2004 49 5;596;29044920428;8;1;0;0;0;0;0;0;
2004 49 5;597;29045050024;8;0;1;0;0;1;0;0;
2004 49 5;598;29045020003;8;1;0;0;0;1;0;0;
2004 49 5;599;29045050039;8;0;1;0;0;1;0;0;
2004 49 5;600;29044960111;8;1;0;0;0;1;1;0;
2004 49 5;601;29045020052;8;1;0;0;0;1;0;0;
2004 49 5;602;29045050106;10;0;1;0;0;1;0;0;
2004 49 5;603;29045050114;10;0;1;0;0;1;0;0;
2004 49 5;604;29044950277;10;0;1;0;0;0;0;0;
2004 49 5;605;29044960225;10;1;0;0;0;1;1;0;
2004 49 5;606;29045050124;10;0;1;0;0;1;0;0;
2004 49 5;607;29045050102;10;0;1;0;0;1;0;0;
2004 49 5;608;29044960226;10;1;0;0;0;1;1;0;
2004 49 5;609;29045050107;10;0;1;0;0;1;0;0;
2004 49 5;610;29044950256;10;0;1;0;0;1;0;0;
2004 49 5;611;29045050118;10;0;1;0;0;1;0;0;
2004 49 5;612;29045010328;10;1;0;0;0;1;0;0;
2004 49 5;613;29045050294;10;0;1;0;0;1;0;0;
2004 49 5;614;29044960229;10;1;0;0;0;1;1;0;
2004 49 5;615;29045050273;10;0;1;0;0;1;0;0;
2004 49 5;616;29044950162;10;0;1;0;0;0;0;0;
2004 49 5;617;29044960209;10;1;0;0;0;1;1;0;
2004 49 5;618;29045050119;10;0;1;0;0;1;0;0;
2004 49 5;619;29045050121;10;0;1;0;0;1;0;0;
2004 49 5;620;29045050117;10;0;1;0;0;1;0;0;
2004 49 5;621;29045010022;5;1;0;0;0;1;0;0;
2004 49 5;622;29044960005;5;1;0;0;0;1;1;0;
2004 49 5;623;29045050366;11;0;1;0;0;1;0;0;
2004 49 5;624;29045050088;11;0;1;0;0;1;0;0;
2004 49 5;625;29044950120;3;0;1;0;0;0;0;0;
2004 49 5;626;29044950007;3;1;0;0;0;1;1;0;
2004 49 5;627;29045050163;3;0;1;0;0;1;0;0;
2004 49 5;628;29045010029;3;0;1;0;1;0;0;0;
2004 49 5;629;29044960115;8;1;0;0;0;1;1;0;
2004 49 5;630;29045050049;8;0;1;0;0;1;0;0;
2004 49 5;631;29045050045;8;0;1;0;0;1;0;0;
2004 49 5;632;29045020002;8;1;0;0;0;1;0;0;
2004 49 5;633;29045050022;8;0;1;0;0;1;0;0;
2004 49 5;634;29045020051;8;1;0;0;0;1;0;0;
2004 49 5;635;29044960009;8;1;0;0;0;1;1;0;
2004 49 5;636;29045050040;8;0;1;0;0;1;0;0;
2004 49 5;637;29044950107;8;0;1;1;1;1;0;0;
2004 49 5;638;29045050219;8;0;1;0;0;1;0;0;
2004 49 5;639;29045020053;8;1;0;0;0;1;0;0;
2004 49 5;640;29045030205;8;1;0;0;0;1;0;0;
2004 49 5;641;29045050198;8;0;1;0;0;1;0;0;
2004 49 5;642;29045050313;8;0;1;0;0;1;0;0;
2004 49 5;643;29044950268;8;0;1;0;0;1;0;1;
2004 49 5;644;29045030030;8;1;0;0;0;1;0;0;
2004 49 5;645;29045050029;8;0;1;0;0;1;0;0;
2004 49 5;646;29045030206;8;1;0;0;0;1;0;0;
2004 49 5;647;29044950166;8;0;1;0;0;0;0;0;
2004 49 5;648;29045050030;8;0;1;0;0;1;0;0;
2004 49 5;649;29045050374;8;0;1;0;0;1;0;0;
2004 49 5;650;29044960006;8;1;0;0;0;1;1;0;
2004 49 5;651;29045050023;8;0;1;0;0;1;0;0;
2004 49 5;652;29045050314;8;0;1;0;0;1;0;0;
2004 49 5;653;29045050048;8;0;1;0;0;1;0;0;
2004 49 5;654;29045030204;8;1;0;0;0;1;0;0;
2004 49 5;655;29045050044;8;0;1;0;0;1;0;0;
2004 49 5;656;29045050229;8;0;1;0;0;1;0;0;
2004 49 5;657;29045010071;2;1;0;0;0;1;1;0;
2004 49 5;658;29045010117;2;1;0;0;0;0;0;0;
2004 49 5;659;29044910347;2;1;0;0;0;1;1;0;
2004 49 5;660;29044950154;3;0;1;0;1;0;0;0;
2004 49 5;661;29044920220;2;1;0;0;0;1;1;0;
2004 49 5;662;29044960116;2;1;0;0;0;1;0;0;
2004 49 5;663;29045020305;10;0;1;1;0;1;0;0;
2004 49 5;664;29045010354;7;1;0;0;0;1;0;0;
2004 49 5;665;29044920226;7;1;0;0;0;1;1;0;
2004 49 5;666;29045030266;7;1;0;0;0;1;0;0;
2004 49 5;667;29045050288;10;0;1;0;0;1;0;0;
2004 49 5;668;29045010028;10;1;0;0;0;1;0;0;
2004 49 5;669;29045020304;10;0;1;1;0;1;0;0;
2004 49 5;670;29045050104;10;0;1;0;0;1;0;0;
2004 49 5;671;29045020234;10;0;1;0;0;0;0;0;
2004 49 5;672;29044920218;2;1;0;0;0;1;1;0;
2004 49 5;673;29044940010;2;1;0;0;0;1;0;0;
2004 49 5;674;29044910373;2;1;0;0;0;1;1;0;
2004 49 5;675;29045050297;10;0;1;0;0;1;0;0;
2004 49 5;676;29045050101;10;0;1;0;0;1;0;0;
2004 49 5;677;29044960078;10;1;0;0;0;1;1;0;
2004 49 5;678;29045050116;10;0;1;0;0;1;0;0;
2004 49 5;679;29045050103;10;0;1;0;0;1;0;0;
2004 49 5;680;29045050115;10;0;1;0;0;1;0;0;
2004 49 5;681;29045010327;10;1;0;0;0;1;0;0;
2004 49 5;682;29045050108;10;0;1;0;0;1;0;0;
2004 49 5;683;29045030263;10;1;0;0;0;1;0;0;
2004 49 5;684;29045050125;10;0;1;0;0;1;0;0;
2004 49 5;685;29044960167;2;1;0;0;0;1;1;0;
2004 49 5;686;29045010116;2;1;0;0;0;0;0;0;
2004 49 5;687;29044960187;2;1;0;0;0;1;1;0;
2004 49 5;688;29044950178;11;0;1;0;0;1;0;0;
2004 49 5;689;29044960137;2;1;0;0;0;1;1;0;
2004 49 5;690;29045050094;11;0;1;0;0;1;0;0;
2004 49 5;691;29044950126;11;0;1;0;0;1;0;0;
2004 49 5;692;29044950168;11;0;1;0;0;1;0;0;
2004 49 5;693;29044920214;6;1;0;0;0;1;1;0;
2004 49 5;694;29045030269;6;1;0;0;0;1;0;0;
2004 49 5;695;29044920225;6;1;0;0;0;1;1;0;
2004 49 5;696;29044950127;11;0;1;0;0;1;0;0;
2004 49 5;697;29044950172;11;0;1;1;1;0;0;0;
2004 49 5;698;29044950161;11;0;1;0;0;1;0;0;
2004 49 5;699;29044960075;1;1;0;0;0;1;1;0;
2004 49 5;700;29045020228;11;0;1;0;0;0;0;0;
2004 49 5;701;29044950151;11;0;1;0;0;1;0;0;
2004 49 5;702;29044950167;11;0;1;0;0;1;0;0;
2004 49 5;703;29045010012;5;1;0;0;0;1;0;0;
2004 49 5;704;29045050329;5;0;1;0;0;1;0;0;
2004 49 5;705;29045020061;5;1;0;0;0;1;0;0;
2004 49 5;706;29044960001;5;1;0;0;0;1;1;0;
2004 49 5;707;29045050356;5;0;1;0;0;1;0;0;
2004 49 5;708;29044960017;5;1;0;0;0;1;1;0;
2004 49 5;709;29045020062;5;1;0;0;0;1;0;0;
2004 49 5;710;29044950123;8;0;1;0;0;1;0;0;
2004 49 5;711;29044950125;8;0;1;0;0;0;0;0;
2004 49 5;712;29044950187;8;0;1;0;0;1;0;1;
2004 49 5;713;29045030178;8;1;0;0;0;1;0;0;
2004 49 5;714;29044950160;8;0;1;0;0;1;0;0;
2004 49 5;715;29045030175;8;1;0;0;0;1;0;0;
2004 49 5;716;29045030161;8;1;0;0;0;1;0;0;
2004 49 5;717;29044960010;8;1;0;0;0;1;1;0;
2004 49 5;718;29044950157;8;0;1;0;0;1;0;0;
2004 49 5;719;29044950114;8;0;1;0;0;1;0;0;
2004 49 5;720;29045030202;8;1;0;0;0;1;0;0;
2004 49 5;721;29045030305;8;0;1;0;0;1;0;0;
2004 49 5;722;29045030287;8;0;1;0;1;1;0;0;
2004 49 5;723;29045030179;8;1;0;0;0;1;0;0;
2004 49 5;724;29045020485;8;0;1;0;0;1;0;0;
2004 49 5;725;29045020474;8;0;1;0;0;1;0;0;
2004 49 5;726;29044960008;8;1;0;0;0;1;1;0;
2004 49 5;727;29045020365;8;0;1;0;0;0;0;0;
2004 49 5;728;29045030203;8;1;0;0;0;1;0;0;
2004 49 5;729;29045020477;8;0;1;0;0;1;0;0;
2004 49 5;730;29045020475;8;0;1;0;0;1;0;0;
2004 49 5;731;29044960007;8;1;0;0;0;1;1;0;
2004 49 5;732;29045020467;8;0;1;0;0;1;0;0;
2004 49 5;733;29045020483;8;0;1;0;0;1;0;0;
2004 49 5;734;29045020470;8;0;1;0;0;1;0;0;
2004 49 5;735;29045010137;8;1;0;0;0;1;0;0;
2004 49 5;736;29045010135;8;1;0;0;0;1;0;0;
2004 49 5;737;29044950176;3;0;1;0;0;1;0;0;
2004 49 5;738;29044950113;3;0;1;0;1;0;0;0;
2004 49 5;739;29045050159;3;0;1;0;0;1;0;0;
2004 49 5;740;29044910376;3;1;0;0;0;1;1;0;
2004 49 5;741;29045020224;3;0;1;0;0;0;0;0;
2004 49 5;742;29044920246;3;1;0;0;0;1;1;0;
2004 49 5;743;29044950293;3;0;1;0;0;1;0;0;
2004 49 5;744;29045050155;3;0;1;0;0;1;0;0;
2004 49 5;745;29045020221;3;0;1;1;1;1;0;0;
2004 49 5;746;29044910375;3;1;0;0;0;1;1;0;
2004 49 5;747;29044950153;3;0;1;0;0;1;0;0;
2004 49 5;748;29045020065;5;1;0;0;0;1;0;0;
2004 49 5;749;29044960028;5;1;0;0;0;1;1;0;
2004 49 5;750;29044950192;5;0;1;0;0;0;0;0;
2004 49 5;751;29045020063;5;1;0;0;0;1;0;0;
2004 49 5;752;29045020064;5;1;0;0;0;1;0;0;
2004 49 5;753;29044950115;11;0;1;0;0;1;0;0;
2004 49 5;754;29044950124;11;0;1;0;0;1;0;0;
2004 49 5;755;29044950119;11;0;1;0;0;1;0;0;
2004 49 5;756;29044910370;6;1;0;0;0;1;1;0;
2004 49 5;757;29045030270;6;1;0;0;0;1;0;0;
2004 49 5;758;29044910354;6;1;0;0;0;1;1;0;
2004 49 5;759;29045050153;6;0;1;0;0;1;0;0;
2004 49 5;760;29044910378;6;1;0;0;0;1;1;0;
2004 49 5;761;29044950136;13;0;1;1;0;1;0;0;
2004 49 5;762;29044950134;13;0;1;0;0;0;0;0;
2004 49 5;763;29044960029;5;1;0;0;0;1;1;0;
2004 49 5;764;29045030029;5;1;0;0;0;1;0;0;
2004 49 5;765;29045030276;5;1;0;0;0;1;0;0;
2004 49 5;766;29045050327;5;0;1;0;0;1;0;0;
2004 49 5;767;29045030027;5;1;0;0;0;1;0;0;
2004 49 5;768;29045030154;5;1;0;0;0;1;0;0;
2004 49 5;769;29045050355;5;0;1;0;0;1;0;0;
2004 49 5;770;29045030159;5;1;0;0;0;1;0;0;
2004 49 5;771;29045030261;5;1;0;0;0;1;0;0;
2004 49 5;772;29045030260;5;1;0;0;0;1;0;0;
2004 49 5;773;29045050338;5;0;1;0;0;1;0;0;
2004 49 5;774;29044960027;5;1;0;0;0;1;1;0;
2004 49 5;775;29045010292;5;1;0;0;0;1;0;0;
2004 49 5;776;29045050332;5;0;1;0;0;1;0;0;
2004 49 5;777;29045010223;5;1;0;0;0;1;1;0;
2004 49 5;778;29044650542;5;1;0;0;0;1;0;0;
2004 49 5;779;29045040231;11;0;1;0;0;1;0;0;
2004 49 5;780;29044950306;11;0;1;0;0;1;0;1;