Date;SeqRank;Ident;Paint Color;HPRC1;HPRC2;HPRC3;HPRC4;HPRC5;LPRC1;LPRC2;LPRC3;LPRC4;LPRC5;LPRC6;LPRC7;
2004 49 1;1242;23044630090;8;0;0;1;1;0;1;1;0;0;0;0;1;
2004 49 1;1243;23044850498;8;0;0;0;0;0;1;1;0;0;0;0;0;
2004 49 1;1244;23044940052;8;0;0;0;0;0;1;1;0;0;0;0;0;
2004 49 1;1245;23044910842;8;0;0;0;0;0;0;0;0;0;0;0;0;
2004 49 1;1246;23044910395;8;0;0;0;0;0;1;1;0;0;0;0;0;
2004 49 1;1247;23044910443;8;0;0;0;0;0;0;0;0;0;0;0;0;
2004 49 1;1248;23044620033;8;0;0;0;1;0;1;1;0;0;0;0;0;
2004 49 1;1249;23044920424;8;0;0;0;0;0;0;0;0;0;0;0;0;
2004 49 1;1250;23044910537;8;0;0;0;0;0;1;1;0;0;0;0;0;
2004 49 1;1251;23044850496;8;0;0;0;0;0;1;1;0;0;0;0;0;
2004 49 1;1252;23044910453;8;0;0;0;0;0;0;0;0;0;0;0;1;
2004 49 1;1253;23044910364;8;0;0;0;0;0;1;1;0;0;0;0;0;
2004 49 1;1254;23044620085;8;0;0;1;1;0;0;0;0;0;0;0;0;
2004 49 1;1255;23044850499;8;0;0;0;0;0;1;1;0;0;0;0;0;
2004 49 1;1256;23045140020;8;1;0;0;0;0;0;0;0;0;0;0;0;
2004 49 1;1257;23050120125;8;0;0;0;0;0;1;1;0;0;0;0;0;
2004 49 1;1258;23050240017;8;0;0;0;0;0;1;1;0;0;0;0;0;
2004 49 1;1259;23045140011;8;0;0;0;0;0;1;1;0;0;0;0;0;
2004 49 1;1260;23044910257;7;0;0;1;1;0;0;0;0;0;0;0;1;
2004 49 2;1;23044650241;1;0;0;0;1;0;0;0;0;0;0;0;0;
2004 49 2;2;23044640397;1;0;0;0;0;0;1;0;1;0;0;0;1;
2004 49 2;3;23044920839;1;0;0;0;0;0;0;0;0;0;0;0;0;
2004 49 2;4;23044920647;1;0;0;0;0;0;1;1;0;0;0;0;0;
2004 49 2;5;23044920523;1;0;0;0;0;0;0;0;0;0;0;0;0;
2004 49 2;6;23044920831;1;0;0;0;0;0;0;0;0;0;0;0;0;
2004 49 2;7;23044920417;1;0;1;0;0;0;1;1;0;0;0;0;0;
2004 49 2;8;23044650088;2;0;0;1;1;0;0;0;0;0;0;0;0;
2004 49 2;9;23044920829;1;0;0;0;0;0;0;0;0;0;0;0;0;
2004 49 2;10;23044920593;1;0;0;0;0;0;1;1;0;0;0;0;0;
2004 49 2;11;23044921268;1;0;0;0;0;0;0;0;0;0;0;0;0;
2004 49 2;12;23044921012;1;0;0;0;0;0;1;1;0;0;0;0;0;
2004 49 2;13;23044921271;1;0;0;0;0;0;0;0;0;0;0;0;0;
2004 49 2;14;23044921293;1;0;0;0;0;0;1;1;0;0;0;0;0;
2004 49 2;15;23044710116;1;1;0;1;1;0;0;0;0;1;0;0;1;
2004 49 2;16;23044921011;1;0;0;0;0;0;1;1;0;0;0;0;0;
2004 49 2;17;23044910545;1;0;0;0;0;0;0;0;0;0;1;0;0;
2004 49 2;18;23044910488;1;0;1;0;0;0;0;0;0;0;0;0;0;
2004 49 2;19;23044920491;1;0;0;0;0;0;0;0;0;0;0;0;0;
2004 49 2;20;23044921009;1;0;0;0;0;0;1;1;0;0;0;0;0;
2004 49 2;21;23044750233;2;0;0;1;1;0;0;0;0;0;0;0;0;
2004 49 2;22;23044921039;9;0;0;0;0;0;1;1;0;0;0;0;0;
2004 49 2;23;23044920650;9;0;0;0;0;0;1;1;0;0;0;0;0;
2004 49 2;24;23044640512;9;0;0;0;0;0;1;0;1;0;0;0;0;
2004 49 2;25;23044920665;9;0;0;0;0;0;1;1;0;0;0;0;0;
2004 49 2;26;23044920474;13;1;0;0;0;0;0;0;0;0;0;0;0;
2004 49 2;27;23044920371;13;0;1;0;0;0;0;0;0;0;0;0;0;
2004 49 2;28;23044640398;13;0;0;1;0;0;1;0;1;0;0;0;1;
2004 49 2;29;23044650019;9;0;0;0;1;0;0;0;0;0;0;0;0;
2004 49 2;30;23044920688;7;0;0;0;0;0;1;1;0;0;0;0;0;
2004 49 2;31;23044921228;7;0;0;0;0;0;0;0;0;0;0;0;0;
2004 49 2;32;23044921018;7;0;0;0;0;0;1;1;0;0;0;0;0;
2004 49 2;33;23044920893;7;0;0;0;0;0;0;0;0;0;0;0;0;
2004 49 2;34;23044920878;7;0;0;0;0;0;0;0;0;0;0;0;0;
2004 49 2;35;23044921190;7;0;0;0;0;0;0;0;0;0;0;0;0;
2004 49 2;36;23044650086;2;0;0;0;1;0;0;0;0;0;0;0;0;
2004 49 2;37;23044920803;1;0;0;0;0;0;0;0;0;0;0;0;0;
2004 49 2;38;23044640555;1;0;0;1;0;0;1;0;1;0;0;0;0;
2004 49 2;39;23044920863;1;0;0;0;0;0;0;0;0;0;0;0;0;
2004 49 2;40;23044920597;1;0;0;0;0;0;1;1;0;0;0;0;0;
2004 49 2;41;23044920830;1;0;0;0;0;0;0;0;0;0;0;0;0;
2004 49 2;42;23044920814;1;0;0;0;0;0;0;0;0;0;0;0;0;
2004 49 2;43;23044920463;1;0;0;0;0;0;1;1;0;0;0;0;0;
2004 49 2;44;23044750251;13;0;0;1;1;0;0;0;0;0;0;0;0;
2004 49 2;45;23044920429;13;0;1;0;0;0;0;0;0;0;0;0;0;
2004 49 2;46;23044921273;1;0;0;0;0;0;0;0;0;0;0;0;0;
2004 49 2;47;23044921015;1;0;0;0;0;0;1;1;0;0;0;0;0;
2004 49 2;48;23044921101;1;0;0;0;0;0;0;0;0;0;0;0;0;
2004 49 2;49;23044921290;1;0;0;0;0;0;1;1;0;0;0;0;0;
2004 49 2;50;23044650030;8;0;0;0;1;0;0;0;0;1;0;0;0;
2004 49 2;51;23044920765;8;0;0;0;0;0;0;0;0;0;0;0;0;
2004 49 2;52;23044920573;8;0;0;0;0;0;1;1;0;0;0;0;0;
2004 49 2;53;23044920480;8;0;0;0;0;0;0;0;0;0;0;0;0;
2004 49 2;54;23044920477;13;0;1;0;0;0;1;1;0;0;0;0;0;
2004 49 2;55;23044640467;13;0;0;1;0;0;1;0;1;0;1;0;0;
2004 49 2;56;23044650172;13;0;0;0;1;0;0;0;0;0;0;0;0;
2004 49 2;57;23044921226;7;0;0;0;0;0;0;0;0;0;0;0;0;
2004 49 2;58;23044920696;7;0;0;0;0;0;1;1;0;0;0;0;0;
2004 49 2;59;23044921189;7;0;0;0;0;0;0;0;0;0;0;0;0;
2004 49 2;60;23044920674;7;0;0;0;0;0;1;1;0;0;0;0;0;
2004 49 2;61;23044921214;7;0;0;0;0;0;0;0;0;0;0;0;0;
2004 49 2;62;23044920699;7;0;0;0;0;0;1;1;0;0;0;0;0;
2004 49 2;63;23044921220;7;0;0;0;0;0;0;0;0;0;0;0;0;
2004 49 2;64;23044920880;7;0;0;0;0;0;0;0;0;0;0;0;0;
2004 49 2;65;23044920689;7;0;0;0;0;0;1;1;0;0;0;0;0;
2004 49 2;66;23044750249;13;0;0;1;1;0;0;0;0;0;0;0;0;
2004 49 2;67;23044920380;13;0;1;0;0;0;1;1;0;0;0;0;0;
2004 49 2;68;23044920454;8;1;0;0;0;0;0;0;0;0;0;0;0;
2004 49 2;69;23044920558;8;0;0;0;0;0;1;1;0;0;0;0;0;
2004 49 2;70;23044920754;8;0;0;0;0;0;0;0;0;0;0;0;0;
2004 49 2;71;23044920755;8;0;0;0;0;0;0;0;0;0;0;0;0;
2004 49 2;72;23044640117;8;0;0;1;1;0;0;0;0;0;0;0;0;
2004 49 2;73;23044920753;8;0;0;0;0;0;0;0;0;0;0;0;0;
2004 49 2;74;23044920571;8;0;0;0;0;0;1;1;0;0;0;0;0;
2004 49 2;75;23044920488;8;0;0;0;0;0;0;0;0;0;0;0;0;
2004 49 2;76;23044640291;8;0;0;0;0;0;1;0;1;0;1;0;0;
2004 49 2;77;23044920339;13;0;1;0;0;0;0;0;0;0;0;0;0;
2004 49 2;78;23044710111;9;1;0;1;1;0;0;0;0;0;0;0;1;
2004 49 2;79;23044921041;9;0;0;0;0;0;1;1;0;0;0;0;0;
2004 49 2;80;23044921043;9;0;0;0;0;0;1;1;0;0;0;0;0;
2004 49 2;81;23044920502;9;0;0;0;0;0;0;0;0;0;0;0;0;
2004 49 2;82;23044920667;9;0;0;0;0;0;1;1;0;0;0;0;0;
2004 49 2;83;23044920664;9;0;0;0;0;0;1;1;0;0;0;0;0;
2004 49 2;84;23044830137;9;0;1;0;1;0;0;0;0;0;0;0;0;
2004 49 2;85;23044921053;9;0;0;0;0;0;1;1;0;0;0;0;0;
2004 49 2;86;23044920660;9;0;0;0;0;0;1;1;0;0;0;0;0;
2004 49 2;87;23044920666;9;0;0;0;0;0;1;1;0;0;0;0;0;
2004 49 2;88;23044640421;9;0;0;0;0;0;1;0;1;0;0;0;0;
2004 49 2;89;23044920663;9;0;0;0;0;0;1;1;0;0;0;0;0;
2004 49 2;90;23044921047;9;0;0;0;0;0;1;1;0;0;0;0;0;
2004 49 2;91;23044810210;9;0;0;0;1;0;0;0;0;0;0;0;1;
2004 49 2;92;23044921054;9;0;0;0;0;0;1;1;0;0;0;0;0;
2004 49 2;93;23044920661;9;0;0;0;0;0;1;1;0;0;0;0;0;
2004 49 2;94;23044920811;1;0;0;0;0;0;0;0;0;0;0;0;0;
2004 49 2;95;23044921093;1;0;0;0;0;0;0;0;0;0;0;0;0;
2004 49 2;96;23044920423;1;0;1;1;0;0;1;1;0;0;0;0;0;
2004 49 2;97;23044450013;1;1;0;0;1;0;0;0;0;1;0;0;0;
2004 49 2;98;23044920641;1;0;0;0;0;0;1;1;0;0;0;0;0;
2004 49 2;99;23044920856;1;0;0;0;0;0;0;0;0;0;0;0;0;
2004 49 2;100;23044921013;1;0;0;0;0;0;1;1;0;0;0;0;0;
2004 49 2;101;23044920797;1;0;0;0;0;0;0;0;0;0;0;0;0;
2004 49 2;102;23044921063;1;0;0;0;0;0;0;0;0;0;0;0;0;
2004 49 2;103;23044920401;1;0;1;0;0;0;1;1;0;0;0;0;0;
2004 49 2;104;23044750236;2;0;0;1;1;0;0;0;0;0;0;0;0;
2004 49 2;105;23044920669;7;0;0;0;0;0;1;1;0;0;0;0;0;
2004 49 2;106;23044920901;7;0;0;0;0;0;0;0;0;0;0;0;0;
2004 49 2;107;23044920676;7;0;0;0;0;0;1;1;0;0;0;0;0;
2004 49 2;108;23044920445;7;1;0;0;0;0;0;0;0;0;0;0;0;
2004 49 2;109;23044920687;7;0;0;0;0;0;1;1;0;0;0;0;0;
2004 49 2;110;23044640072;7;0;0;1;1;0;0;0;0;0;1;0;0;
2004 49 2;111;23044921200;7;0;0;0;0;0;0;0;0;0;0;0;0;
2004 49 2;112;23044920680;7;0;0;0;0;0;1;1;0;0;0;0;0;
2004 49 2;113;23044921229;7;0;0;0;0;0;0;0;0;0;0;0;0;
2004 49 2;114;23044921027;7;0;0;0;0;0;1;1;0;0;0;0;0;
2004 49 2;115;23044921218;7;0;0;0;0;0;0;0;0;0;0;0;0;
2004 49 2;116;23044602736;7;0;0;1;1;0;1;1;0;0;0;0;0;
2004 49 2;117;23044920892;7;0;0;0;0;0;0;0;0;0;0;0;0;
2004 49 2;118;23044920704;7;0;0;0;0;0;1;1;0;0;0;0;0;
2004 49 2;119;23044920471;7;0;0;0;0;0;0;0;0;0;0;0;0;
2004 49 2;120;23044920670;7;0;0;0;0;0;1;1;0;0;0;0;0;
2004 49 2;121;23044920905;7;0;0;0;0;0;0;0;0;0;0;0;0;
2004 49 2;122;23044920355;13;0;1;0;0;0;1;1;0;0;0;0;0;
2004 49 2;123;23044750254;8;1;0;1;1;0;0;0;0;0;0;0;0;
2004 49 2;124;23044920775;8;0;0;0;0;0;0;0;0;0;0;0;0;
2004 49 2;125;23044930261;8;0;0;0;0;0;0;0;0;0;0;0;0;
2004 49 2;126;23044920770;8;0;0;0;0;0;0;0;0;0;0;0;0;
2004 49 2;127;23044920481;8;0;0;0;0;0;1;1;0;0;0;0;0;
2004 49 2;128;23044930277;8;0;0;0;0;0;0;0;0;0;0;0;0;
2004 49 2;129;23044810137;8;0;0;1;1;0;0;0;0;0;0;0;1;
2004 49 2;130;23044921262;8;0;0;0;0;0;0;0;0;0;0;0;0;
2004 49 2;131;23044920791;8;0;0;0;0;0;0;0;0;0;1;0;0;
2004 49 2;132;23044920576;8;0;0;0;0;0;1;1;0;0;0;0;0;
2004 49 2;133;23044921236;8;0;0;0;0;0;0;0;0;0;0;0;0;
2004 49 2;134;23044920577;8;0;0;0;0;0;1;1;0;0;0;0;0;
2004 49 2;135;23044750240;8;0;0;1;1;0;0;0;0;0;0;0;0;
2004 49 2;136;23044920557;8;0;0;0;0;0;1;1;0;0;0;0;0;
2004 49 2;137;23044930294;8;0;0;0;0;0;0;0;0;0;0;0;0;
2004 49 2;138;23044921242;8;0;0;0;0;0;0;0;0;0;0;0;0;
2004 49 2;139;23044920894;7;0;0;0;0;0;0;0;0;0;0;0;0;
2004 49 2;140;23044921217;7;0;0;0;0;0;0;0;0;0;0;0;0;
2004 49 2;141;23044810148;13;0;1;0;1;0;0;0;0;0;0;0;0;
2004 49 2;142;23044920697;7;0;0;0;0;0;1;1;0;0;0;0;0;
2004 49 2;143;23044920914;7;0;0;0;0;0;0;0;0;0;0;0;0;
2004 49 2;144;23044920706;7;0;0;0;0;0;1;1;0;0;0;0;0;
2004 49 2;145;23044921227;7;0;0;0;0;0;0;0;0;0;0;0;0;
2004 49 2;146;23044921230;7;0;0;0;0;0;0;0;0;0;0;0;0;
2004 49 2;147;23044640466;13;0;0;1;0;0;1;0;1;0;1;0;0;
2004 49 2;148;23044920335;13;0;1;0;0;0;0;0;0;0;0;0;0;
2004 49 2;149;23044610052;8;0;0;0;1;0;0;0;0;0;0;0;0;
2004 49 2;150;23044920562;8;0;0;0;0;0;1;1;0;0;0;0;0;
2004 49 2;151;23044920751;8;0;0;0;0;0;0;0;0;0;0;0;0;
2004 49 2;152;23044920575;8;0;0;0;0;0;1;1;0;0;0;0;0;
2004 49 2;153;23044920749;8;0;0;0;0;0;0;0;0;0;0;0;0;
2004 49 2;154;23044920759;8;0;0;0;0;0;0;0;0;0;0;0;0;
2004 49 2;155;23044640047;8;0;0;1;1;0;0;0;0;0;0;1;0;
2004 49 2;156;23044921294;1;0;0;0;0;0;1;1;0;0;0;0;0;
2004 49 2;157;23044920848;1;0;0;0;0;0;0;0;0;0;0;0;0;
2004 49 2;158;23044920409;1;0;1;0;0;0;1;1;0;0;0;0;0;
2004 49 2;159;23044920802;1;0;0;0;0;0;0;0;0;0;0;0;0;
2004 49 2;160;23044920599;1;0;0;0;0;0;1;1;0;0;0;0;0;
2004 49 2;161;23044550004;1;0;0;0;1;0;0;0;0;0;0;0;0;
2004 49 2;162;23044640435;1;0;0;1;0;0;1;0;1;0;0;0;0;
2004 49 2;163;23044921060;1;0;0;0;0;0;0;0;0;0;0;0;0;
2004 49 2;164;23044920859;1;0;0;0;0;0;0;0;0;0;0;0;0;
2004 49 2;165;23044920633;1;0;0;0;0;0;1;1;0;0;0;0;0;
2004 49 2;166;23044921058;1;0;0;0;0;0;0;0;0;0;0;0;0;
2004 49 2;167;23044920618;1;0;0;0;0;0;1;1;0;0;0;0;0;
2004 49 2;168;23044921276;1;0;0;0;0;0;0;0;0;0;0;0;0;
2004 49 2;169;23044920821;1;0;0;0;0;0;0;0;0;0;0;0;0;
2004 49 2;170;23044920235;1;1;1;1;1;0;0;0;0;0;0;0;0;
2004 49 2;171;23044930609;1;0;0;0;0;0;0;0;0;0;0;0;0;
2004 49 2;172;23044920860;1;0;0;0;0;0;0;0;0;0;0;0;0;
2004 49 2;173;23044921289;1;0;0;0;0;0;1;1;0;0;0;0;0;
2004 49 2;174;23044920804;1;0;0;0;0;0;0;0;0;0;0;0;0;
2004 49 2;175;23044920868;1;0;0;0;0;0;0;0;0;0;0;0;0;
2004 49 2;176;23044920592;1;0;0;0;0;0;1;1;0;0;0;0;0;
2004 49 2;177;23044921091;1;0;0;0;0;0;0;0;0;0;0;0;0;
2004 49 2;178;23044920614;1;0;0;0;0;0;1;1;0;0;0;0;0;
2004 49 2;179;23044921076;1;0;0;0;0;0;0;0;0;0;0;0;0;
2004 49 2;180;23044920231;11;0;1;1;1;0;0;0;0;0;0;0;1;
2004 49 2;181;23044921194;7;0;0;0;0;0;0;0;0;0;0;0;0;
2004 49 2;182;23044920479;7;0;0;0;0;0;1;1;0;0;0;0;0;
2004 49 2;183;23044921191;7;0;0;0;0;0;0;0;0;0;0;0;0;
2004 49 2;184;23044920673;7;0;0;0;0;0;1;1;0;0;0;0;0;
2004 49 2;185;23044920885;7;0;0;0;0;0;0;0;0;0;0;0;0;
2004 49 2;186;23044650177;2;0;0;0;1;0;0;0;0;0;0;0;0;
2004 49 2;187;23044920363;13;0;1;0;0;0;0;0;0;0;0;0;0;
2004 49 2;188;23044920979;6;0;0;0;0;0;1;1;0;0;0;0;0;
2004 49 2;189;23044921159;6;0;0;0;0;0;0;0;0;0;0;0;0;
2004 49 2;190;23044930626;6;0;0;0;0;0;0;0;0;0;0;0;0;
2004 49 2;191;23044640359;2;0;0;1;0;0;1;0;1;0;0;0;0;
2004 49 2;192;23044650073;2;0;0;0;1;0;0;0;0;0;0;1;1;
2004 49 2;193;23044920526;2;0;0;0;0;1;1;1;0;0;0;0;0;
2004 49 2;194;23044920343;13;0;1;0;0;0;0;0;0;0;0;0;0;
2004 49 2;195;23044921292;1;0;0;0;0;0;1;1;0;0;0;0;0;
2004 49 2;196;23044921067;1;0;0;0;0;0;0;0;0;0;0;0;0;
2004 49 2;197;23044920792;2;0;0;0;0;0;0;0;0;0;1;0;0;
2004 49 2;198;23044640120;2;0;0;0;1;0;1;1;0;0;0;0;0;
2004 49 2;199;23044920532;1;0;0;0;0;0;0;0;0;0;0;0;0;
2004 49 2;200;23044920602;1;0;0;0;0;0;1;1;0;0;0;0;0;
2004 49 2;201;23044930178;1;0;1;0;0;0;0;0;0;0;0;0;0;
2004 49 2;202;23044921279;1;0;0;0;0;0;0;0;0;0;0;0;0;
2004 49 2;203;23044920632;1;0;0;0;0;0;1;1;0;0;0;0;0;
2004 49 2;204;23044810094;1;1;0;0;1;0;0;0;0;1;1;0;1;
2004 49 2;205;23044920613;1;0;0;0;0;0;1;1;0;0;0;0;0;
2004 49 2;206;23044921086;1;0;0;0;0;0;0;0;0;0;0;0;0;
2004 49 2;207;23044920611;1;0;0;0;0;0;1;1;0;0;0;0;0;
2004 49 2;208;23044921070;1;0;0;0;0;0;0;0;0;0;0;0;0;
2004 49 2;209;23044930186;1;0;1;0;0;0;0;0;0;0;0;0;0;
2004 49 2;210;23044920624;1;0;0;0;0;0;1;1;0;0;0;0;0;
2004 49 2;211;23044920866;1;0;0;0;0;0;0;0;0;0;0;0;0;
2004 49 2;212;23044920631;1;0;0;0;0;0;1;1;0;0;0;0;0;
2004 49 2;213;23044921104;1;0;0;0;0;0;0;0;0;0;0;0;0;
2004 49 2;214;23044920536;1;0;0;0;0;0;1;1;0;0;0;0;0;
2004 49 2;215;23044921281;1;0;0;0;0;0;0;0;0;0;0;0;0;
2004 49 2;216;23044640263;1;0;0;0;0;0;1;0;1;0;0;0;0;
2004 49 2;217;23044750253;2;1;0;1;1;0;0;0;0;0;0;0;0;
2004 49 2;218;23044920348;13;0;1;0;0;0;1;1;0;0;0;0;0;
2004 49 2;219;23044920808;1;0;0;0;0;0;0;0;0;0;0;0;0;
2004 49 2;220;23044921005;1;0;0;0;0;0;1;1;0;0;0;0;0;
2004 49 2;221;23044920799;1;0;0;0;0;0;0;0;0;0;0;0;0;
2004 49 2;222;23044921287;1;0;0;0;0;0;1;1;0;0;0;0;0;
2004 49 2;223;23044750238;2;0;0;1;1;0;0;0;0;0;0;0;0;
2004 49 2;224;23044920852;1;0;0;0;0;0;0;0;0;0;0;0;0;
2004 49 2;225;23044920997;1;0;0;0;0;0;1;1;0;0;0;0;0;
2004 49 2;226;23044930177;1;0;1;0;0;0;0;0;0;0;0;0;0;
2004 49 2;227;23044921016;1;0;0;0;0;0;1;1;0;0;0;0;0;
2004 49 2;228;23044921073;1;0;0;0;0;0;0;0;0;0;0;0;0;
2004 49 2;229;23044920844;1;0;0;0;0;0;0;0;0;0;0;0;0;
2004 49 2;230;23044640581;1;0;0;0;0;0;1;0;1;0;0;0;0;
2004 49 2;231;23044640183;1;0;0;1;1;0;0;0;0;0;0;0;0;
2004 49 2;232;23044920876;1;0;0;0;0;1;1;1;0;0;0;0;0;
2004 49 2;233;23044920508;1;0;0;0;0;0;0;0;0;0;0;0;0;
2004 49 2;234;23044921001;1;0;0;0;0;0;1;1;0;0;0;0;0;
2004 49 2;235;23044930174;1;0;1;0;0;0;0;0;0;0;0;0;0;
2004 49 2;236;23044920539;1;0;0;0;0;0;1;1;0;0;0;0;0;
2004 49 2;237;23044920857;1;0;0;0;0;0;0;0;0;0;0;0;0;
2004 49 2;238;23044640378;1;0;0;1;0;0;1;0;1;0;1;0;0;
2004 49 2;239;23044720244;1;0;0;0;1;0;0;0;0;0;0;0;1;
2004 49 2;240;23044920634;1;0;0;0;0;0;1;1;0;0;0;0;0;
2004 49 2;241;23044921057;1;0;0;0;0;0;0;0;0;0;0;0;0;
2004 49 2;242;23044920407;1;0;1;0;0;0;1;1;0;0;0;0;0;
2004 49 2;243;23044921075;1;0;0;0;0;0;0;0;0;0;0;0;0;
2004 49 2;244;23044920636;1;0;0;0;0;0;1;1;0;0;0;0;0;
2004 49 2;245;23044750237;2;0;0;1;1;0;0;0;0;0;0;0;0;
2004 49 2;246;23044920690;7;0;0;0;0;0;1;1;0;0;0;0;0;
2004 49 2;247;23044920883;7;0;0;0;0;0;0;0;0;0;0;0;0;
2004 49 2;248;23044921032;7;0;0;0;0;0;1;1;0;0;0;0;0;
2004 49 2;249;23044921210;7;0;0;0;0;0;0;0;0;0;0;0;0;
2004 49 2;250;23044921029;7;0;0;0;0;0;1;1;0;0;0;0;0;
2004 49 2;251;23045150026;7;1;0;1;0;0;0;0;0;1;0;0;1;
2004 49 2;252;23044920161;7;0;0;0;1;0;1;1;0;0;0;0;0;
2004 49 2;253;23044921198;7;0;0;0;0;0;0;0;0;0;0;0;0;
2004 49 2;254;23044920456;7;0;0;0;0;0;1;1;0;0;0;0;0;
2004 49 2;255;23044921202;7;0;0;0;0;0;0;0;0;0;0;0;0;
2004 49 2;256;23044921035;7;0;0;0;0;0;1;1;0;0;0;0;0;
2004 49 2;257;23044921225;7;0;0;0;0;0;0;0;0;0;0;0;0;
2004 49 2;258;23044920705;7;0;0;0;0;0;1;1;0;0;0;0;0;
2004 49 2;259;23044920881;7;0;0;0;0;0;0;0;0;0;0;0;0;
2004 49 2;260;23044921184;7;0;0;0;0;0;0;0;0;0;0;0;0;
2004 49 2;261;23044520002;7;0;0;0;1;0;0;0;0;0;0;0;0;
2004 49 2;262;23044920916;7;0;0;0;0;0;0;0;0;0;0;0;0;
2004 49 2;263;23044930512;7;0;0;1;0;0;1;1;0;0;0;0;0;
2004 49 2;264;23044921231;7;0;0;0;0;0;0;0;0;0;0;0;0;
2004 49 2;265;23044921192;7;0;0;0;0;0;0;0;0;0;0;0;0;
2004 49 2;266;23044921036;7;0;0;0;0;0;1;1;0;0;0;0;0;
2004 49 2;267;23044920879;7;0;0;0;0;0;0;0;0;0;0;0;0;
2004 49 2;268;23044921209;7;0;0;0;0;0;0;0;0;0;0;0;0;
2004 49 2;269;23044750143;2;1;0;1;1;0;0;0;0;0;0;0;1;
2004 49 2;270;23044920470;3;0;0;0;0;1;1;1;0;0;0;0;0;
2004 49 2;271;23044920372;13;0;1;0;0;0;0;0;0;0;0;0;0;
2004 49 2;272;23044921261;8;0;0;0;0;0;0;0;0;0;0;0;0;
2004 49 2;273;23044921234;8;0;0;0;0;0;0;0;0;0;0;0;0;
2004 49 2;274;23044920578;8;0;0;0;0;0;1;1;0;0;0;0;0;
2004 49 2;275;23044920780;8;0;0;0;0;0;0;0;0;0;0;0;0;
2004 49 2;276;23044750244;8;0;0;1;1;0;0;0;0;0;0;0;0;
2004 49 2;277;23044921144;10;0;0;0;0;0;0;0;0;0;0;0;0;
2004 49 2;278;23044920388;10;0;1;0;0;0;1;1;0;0;0;0;0;
2004 49 2;279;23044921156;10;0;0;0;0;0;0;0;0;0;0;0;0;
2004 49 2;280;23044920948;10;0;0;0;0;0;0;0;0;0;0;0;0;
2004 49 2;281;23044920943;10;0;0;0;0;0;0;0;0;0;0;0;0;
2004 49 2;282;23044750006;10;1;0;0;1;0;0;0;0;1;1;0;1;
2004 49 2;283;23044920741;10;0;0;0;0;0;1;1;0;0;0;0;0;
2004 49 2;284;23044920438;10;0;0;1;0;0;0;0;0;0;0;0;0;
2004 49 2;285;23044920743;10;0;0;0;0;0;1;1;0;0;0;0;0;
2004 49 2;286;23044921153;10;0;0;0;0;0;0;0;0;0;0;0;0;
2004 49 2;287;23044920736;10;0;0;0;0;0;1;1;0;0;0;0;0;
2004 49 2;288;23044650045;2;0;0;0;1;0;0;0;0;0;0;0;0;
2004 49 2;289;23044920359;13;0;1;0;0;0;1;1;0;0;0;0;0;
2004 49 2;290;23044920964;11;0;0;0;0;0;0;0;0;0;0;0;0;
2004 49 2;291;23044930510;11;0;0;1;0;0;1;1;0;0;0;0;0;
2004 49 2;292;23044640296;11;0;0;0;0;0;1;0;1;0;1;0;0;
2004 49 2;293;23044920461;11;0;0;0;0;0;1;1;0;0;0;0;1;
2004 49 2;294;23044710202;11;1;0;0;1;0;0;0;0;0;0;0;0;
2004 49 2;295;23044920955;10;0;0;0;0;0;0;0;0;0;0;0;0;
2004 49 2;296;23044921126;10;0;0;0;0;0;0;0;0;0;0;0;0;
2004 49 2;297;23044921107;10;0;0;0;0;0;0;0;0;0;0;0;0;
2004 49 2;298;23044921132;10;0;0;0;0;0;0;0;0;0;0;0;0;
2004 49 2;299;23044921148;10;0;0;0;0;0;0;0;0;0;0;0;0;
2004 49 2;300;23044920952;10;0;0;0;0;0;0;0;0;0;0;0;0;
2004 49 2;301;23044921155;10;0;0;0;0;0;0;0;0;0;0;0;0;
2004 49 2;302;23044750248;13;0;0;1;1;0;0;0;0;0;0;0;0;
2004 49 2;303;23044920517;13;0;0;0;0;0;1;1;0;0;1;0;1;
2004 49 2;304;23044920482;13;1;1;0;0;0;0;0;0;0;0;0;0;
2004 49 2;305;23044920737;10;0;0;0;0;0;1;1;0;0;0;0;0;
2004 49 2;306;23044921134;10;0;0;0;0;0;0;0;0;0;0;0;0;
2004 49 2;307;23044920940;10;0;0;0;0;0;0;0;0;0;0;0;0;
2004 49 2;308;23044750229;2;0;0;1;1;0;0;0;0;0;0;0;0;
2004 49 2;309;23044921002;1;0;0;0;0;0;1;1;0;0;0;0;0;
2004 49 2;310;23044921072;1;0;0;0;0;0;0;0;0;0;0;0;0;
2004 49 2;311;23044920410;1;0;1;0;0;0;1;1;0;0;0;0;0;
2004 49 2;312;23044921282;1;0;0;0;0;0;0;0;0;0;0;0;0;
2004 49 2;313;23044920807;1;0;0;0;0;0;0;0;0;0;0;0;0;
2004 49 2;314;23044920524;1;0;0;0;0;1;1;1;0;0;0;0;0;
2004 49 2;315;23044921085;1;0;0;0;0;0;0;0;0;0;0;0;0;
2004 49 2;316;23044920644;1;0;0;0;0;0;1;1;0;0;0;0;0;
2004 49 2;317;23044820120;1;1;0;1;1;0;0;0;0;0;0;0;0;
2004 49 2;318;23044930182;1;0;1;0;0;0;0;0;0;0;0;0;0;
2004 49 2;319;23044921062;1;0;0;0;0;0;0;0;0;0;0;0;0;
2004 49 2;320;23044921010;1;0;0;0;0;0;1;1;0;0;0;0;0;
2004 49 2;321;23044921100;1;0;0;0;0;0;0;0;0;0;0;0;0;
2004 49 2;322;23044921079;1;0;0;0;0;0;0;0;0;0;0;0;0;
2004 49 2;323;23044750220;1;0;0;1;1;0;0;0;0;0;0;0;0;
2004 49 2;324;23044921007;1;0;0;0;0;0;1;1;0;0;0;0;0;
2004 49 2;325;23044920805;1;0;0;0;0;0;0;0;0;0;0;0;0;
2004 49 2;326;23044930183;1;0;1;0;0;0;0;0;0;0;0;0;0;
2004 49 2;327;23044920959;1;0;0;0;0;0;1;1;0;0;0;0;0;
2004 49 2;328;23044920917;6;0;0;0;0;0;0;0;0;0;0;0;0;
2004 49 2;329;23044920988;6;0;0;0;0;0;1;1;0;0;0;0;0;
2004 49 2;330;23044720145;6;0;0;0;1;0;0;0;0;0;1;0;0;
2004 49 2;331;23044640301;6;0;0;1;0;0;1;0;1;0;0;0;1;
2004 49 2;332;23044920918;6;0;0;0;0;0;0;0;0;0;0;0;0;
2004 49 2;333;23044920976;6;0;0;0;0;0;1;1;0;0;0;0;0;
2004 49 2;334;23044921162;6;0;0;0;0;0;0;0;0;0;0;0;0;
2004 49 2;335;23044920397;6;0;1;0;0;0;1;1;0;0;0;0;0;
2004 49 2;336;23044921164;6;0;0;0;0;0;0;0;0;0;0;0;0;
2004 49 2;337;23044640358;6;0;0;1;0;0;1;0;1;0;0;0;0;
2004 49 2;338;23044921180;6;0;0;0;0;0;0;0;0;0;0;0;0;
2004 49 2;339;23044920585;8;0;0;0;0;0;1;1;0;0;0;0;0;
2004 49 2;340;23044920487;8;0;0;0;0;0;0;0;0;0;0;0;0;
2004 49 2;341;23044640040;8;0;0;0;1;0;1;1;0;0;0;0;1;
2004 49 2;342;23044920768;8;0;0;0;0;0;0;0;0;0;0;0;0;
2004 49 2;343;23044920769;8;0;0;0;0;0;0;0;0;0;0;0;0;
2004 49 2;344;23044920583;8;0;0;0;0;0;1;1;0;0;0;0;0;
2004 49 2;345;23044930555;8;0;0;0;0;0;0;0;0;0;0;0;0;
2004 49 2;346;23044920356;13;0;1;0;0;0;1;1;0;0;0;0;0;
2004 49 2;347;23044820169;9;1;0;0;1;0;0;0;0;0;1;0;0;
2004 49 2;348;23044920462;9;0;0;0;0;0;1;1;0;0;0;0;1;
2004 49 2;349;23044921052;9;0;0;0;0;0;1;1;0;0;0;0;0;
2004 49 2;350;23044921044;9;0;0;0;0;0;1;1;0;0;0;0;0;
2004 49 2;351;23044921048;9;0;0;0;0;0;1;1;0;0;0;0;0;
2004 49 2;352;23044921055;9;0;0;0;0;0;1;1;0;0;0;0;0;
2004 49 2;353;23044720065;9;0;0;0;1;0;0;0;0;0;0;0;0;
2004 49 2;354;23044920387;10;0;1;0;0;0;1;1;0;0;0;0;0;
2004 49 2;355;23044921136;10;0;0;0;0;0;0;0;0;0;0;0;0;
2004 49 2;356;23044920746;10;0;0;0;0;0;1;1;0;0;0;0;0;
2004 49 2;357;23044920465;10;0;0;0;0;0;0;0;0;1;1;0;0;
2004 49 2;358;23044921145;10;0;0;0;0;0;0;0;0;0;0;0;0;
2004 49 2;359;23044640509;10;0;0;1;0;0;1;0;1;0;0;0;0;
2004 49 2;360;23044920950;10;0;0;0;0;0;0;0;0;0;0;0;0;
2004 49 2;361;23044920732;10;0;0;0;0;0;1;1;0;0;0;0;0;
2004 49 2;362;23044921118;10;0;0;0;0;0;0;0;0;0;0;0;0;
2004 49 2;363;23044920384;10;0;1;0;0;0;1;1;0;0;0;0;0;
2004 49 2;364;23044630180;8;1;0;0;1;0;0;0;0;0;0;0;0;
2004 49 2;365;23044920989;6;0;0;0;0;0;1;1;0;0;0;0;0;
2004 49 2;366;23044920922;6;0;0;0;0;0;0;0;0;0;0;0;0;
2004 49 2;367;23044640432;6;0;0;1;0;0;1;0;1;0;0;0;0;
2004 49 2;368;23044921179;6;0;0;0;0;0;0;0;0;0;0;0;0;
2004 49 2;369;23044930239;6;0;0;0;0;0;0;0;0;0;0;0;0;
2004 49 2;370;23044920391;6;0;1;0;0;0;1;1;0;0;0;0;0;
2004 49 2;371;23044810073;6;0;0;0;1;0;0;0;0;0;0;0;1;
2004 49 2;372;23044920935;6;0;0;0;0;0;0;0;0;0;0;0;0;
2004 49 2;373;23044920727;6;0;0;0;0;0;1;1;0;0;0;0;0;
2004 49 2;374;23044921165;6;0;0;0;0;0;0;0;0;0;0;0;0;
2004 49 2;375;23044640406;4;0;0;1;0;0;1;0;1;0;1;0;0;
2004 49 2;376;23044920435;4;0;0;0;0;0;1;1;0;0;0;0;0;
2004 49 2;377;23044920207;9;0;1;0;1;0;0;0;0;0;0;0;0;
2004 49 2;378;23044920658;9;0;0;0;0;0;1;1;0;0;0;0;0;
2004 49 2;379;23044920512;5;0;0;0;0;0;0;0;0;0;0;0;0;
2004 49 2;380;23044920449;5;0;0;0;0;0;0;0;0;0;1;0;0;
2004 49 2;381;23044920489;5;0;0;0;0;0;0;0;0;0;0;0;0;
2004 49 2;382;23044640254;4;0;0;1;0;0;1;0;1;0;0;0;0;
2004 49 2;383;23044920180;8;1;0;0;1;0;0;0;0;0;0;1;0;
2004 49 2;384;23044920843;1;0;0;0;0;0;0;0;0;0;0;0;0;
2004 49 2;385;23044921066;1;0;0;0;0;0;0;0;0;0;0;0;0;
2004 49 2;386;23044930169;1;0;1;0;0;0;0;0;0;0;0;0;0;
2004 49 2;387;23044921264;1;0;0;0;0;0;0;0;0;0;0;0;0;
2004 49 2;388;23044640423;1;0;0;1;0;0;1;0;1;1;0;0;0;
2004 49 2;389;23044920842;1;0;0;0;0;0;0;0;0;0;0;0;0;
2004 49 2;390;23044920994;1;0;0;0;0;0;1;1;0;0;0;0;0;
2004 49 2;391;23044920795;1;0;0;0;0;0;0;0;0;0;0;0;0;
2004 49 2;392;23044920595;1;0;0;0;0;0;1;1;0;0;0;0;0;
2004 49 2;393;23044810191;1;0;0;0;1;0;0;0;0;0;0;0;0;
2004 49 2;394;23044921006;1;0;0;0;0;0;1;1;0;0;0;0;0;
2004 49 2;395;23044921278;1;0;0;0;0;0;0;0;0;0;0;0;0;
2004 49 2;396;23044930171;1;0;1;0;0;0;0;0;0;0;0;0;0;
2004 49 2;397;23044640295;1;0;0;1;0;0;1;0;1;1;1;0;0;
2004 49 2;398;23044921270;1;0;0;0;0;0;0;0;0;0;0;0;0;
2004 49 2;399;23044710122;3;1;0;0;1;0;0;0;0;0;0;0;1;
2004 49 2;400;23044920476;3;0;0;0;0;1;1;1;0;0;0;0;0;
2004 49 2;401;23044920850;1;0;0;0;0;0;0;0;0;0;0;0;0;
2004 49 2;402;23044921103;1;0;0;0;0;0;0;0;0;0;0;0;0;
2004 49 2;403;23044920612;1;0;0;0;0;0;1;1;0;0;0;0;0;
2004 49 2;404;23044920817;1;0;0;0;0;0;0;0;0;0;0;0;0;
2004 49 2;405;23044920837;1;0;0;0;0;0;0;0;0;0;0;0;0;
2004 49 2;406;23044640394;1;0;0;0;0;0;1;0;1;0;0;0;0;
2004 49 2;407;23044921083;1;0;0;0;0;0;0;0;0;0;0;0;0;
2004 49 2;408;23044920412;1;0;1;0;0;0;1;1;0;0;0;0;0;
2004 49 2;409;23044921256;8;0;0;0;0;0;0;0;0;0;0;0;0;
2004 49 2;410;23044920563;8;0;0;0;0;0;1;1;0;0;0;0;0;
2004 49 2;411;23044921252;8;0;0;0;0;0;0;0;0;0;0;0;0;
2004 49 2;412;23044920774;8;0;0;0;0;0;0;0;0;0;0;0;0;
2004 49 2;413;23044920757;8;0;0;0;0;0;0;0;0;0;0;0;0;
2004 49 2;414;23044750243;8;0;0;1;1;0;0;0;0;0;0;0;0;
2004 49 2;415;23044920566;8;0;0;0;0;0;1;1;0;0;0;0;0;
2004 49 2;416;23044921255;8;0;0;0;0;0;0;0;0;0;0;0;0;
2004 49 2;417;23044920554;8;0;0;0;0;0;1;1;0;0;0;0;0;
2004 49 2;418;23044920762;8;0;0;0;0;0;0;0;0;0;0;0;0;
2004 49 2;419;23044920767;8;0;0;0;0;0;0;0;0;0;0;0;0;
2004 49 2;420;23044920773;8;0;0;0;0;0;0;0;0;0;0;0;0;
2004 49 2;421;23044740134;8;1;0;0;1;0;0;0;0;0;0;0;0;
2004 49 2;422;23044920783;8;0;0;0;0;0;0;0;0;0;0;0;0;
2004 49 2;423;23044920570;8;0;0;0;0;0;1;1;0;0;0;0;0;
2004 49 2;424;23044920764;8;0;0;0;0;0;0;0;0;0;0;0;0;
2004 49 2;425;23044920782;8;0;0;0;0;0;0;0;0;0;0;0;0;
2004 49 2;426;23044921246;8;0;0;0;0;0;0;0;0;0;0;0;0;
2004 49 2;427;23044640215;8;0;0;1;1;0;1;1;0;0;0;0;0;
2004 49 2;428;23044920444;8;0;0;0;0;0;0;0;0;0;0;0;0;
2004 49 2;429;23044921239;8;0;0;0;0;0;0;0;0;0;0;0;0;
2004 49 2;430;23044921237;8;0;0;0;0;0;0;0;0;0;0;0;0;
2004 49 2;431;23044920549;8;0;0;0;0;0;1;1;0;0;0;0;0;
2004 49 2;432;23044921235;8;0;0;0;0;0;0;0;0;0;0;0;0;
2004 49 2;433;23044810173;8;1;0;0;1;0;0;0;0;1;0;0;0;
2004 49 2;434;23044920332;13;0;1;0;0;0;0;0;0;0;0;0;0;
2004 49 2;435;23044640306;6;0;0;1;0;0;1;0;1;0;0;0;0;
2004 49 2;436;23044920648;6;0;0;0;0;0;0;0;0;0;0;0;0;
2004 49 2;437;23044921163;6;0;0;0;0;0;0;0;0;0;0;0;0;
2004 49 2;438;23044920721;6;0;0;0;0;0;1;1;0;0;0;0;0;
2004 49 2;439;23044920923;6;0;0;0;0;0;0;0;0;0;0;0;0;
2004 49 2;440;23044640500;6;0;0;0;0;0;1;0;1;0;0;0;0;
2004 49 2;441;23044920228;6;0;1;1;1;0;0;0;0;0;1;0;1;
2004 49 2;442;23044920973;6;0;0;0;0;0;1;1;0;0;0;0;0;
2004 49 2;443;23044921170;6;0;0;0;0;0;0;0;0;0;0;0;0;
2004 49 2;444;23044920975;6;0;0;0;0;0;1;1;0;0;0;0;0;
2004 49 2;445;23044921169;6;0;0;0;0;0;0;0;0;0;0;0;0;
2004 49 2;446;23044640444;11;0;0;0;0;0;1;0;1;0;0;0;0;
2004 49 2;447;23044920875;11;0;0;0;0;0;1;1;0;0;0;0;0;
2004 49 2;448;23044810186;11;0;0;1;1;0;0;0;0;0;0;1;1;
2004 49 2;449;23044920608;1;0;0;0;0;0;1;1;0;0;0;0;0;
2004 49 2;450;23044920801;1;0;0;0;0;0;0;0;0;0;0;0;0;
2004 49 2;451;23044920492;1;0;0;0;0;0;1;1;0;0;0;0;0;
2004 49 2;452;23044921265;1;0;0;0;0;0;0;0;0;0;0;0;0;
2004 49 2;453;23044920403;1;0;1;0;0;0;1;1;0;0;0;0;0;
2004 49 2;454;23044920798;1;0;0;0;0;0;0;0;0;0;0;0;0;
2004 49 2;455;23044750219;1;0;0;1;1;0;0;0;0;0;0;0;0;
2004 49 2;456;23044921084;1;0;0;0;0;0;0;0;0;0;0;0;0;
2004 49 2;457;23044920635;1;0;0;0;0;0;1;1;0;0;0;0;0;
2004 49 2;458;23044920846;1;0;0;0;0;0;0;0;0;0;0;0;0;
2004 49 2;459;23044920504;1;0;0;0;0;0;0;0;0;0;0;0;0;
2004 49 2;460;23044920627;1;0;0;0;0;0;1;1;0;0;0;0;0;
2004 49 2;461;23044750161;2;0;0;0;1;0;0;0;0;0;0;1;0;
2004 49 2;462;23044640440;13;0;0;1;0;0;1;0;1;0;0;0;0;
2004 49 2;463;23044920368;13;0;1;0;0;0;0;0;0;0;0;0;0;
2004 49 2;464;23044920443;8;1;0;0;0;0;0;0;0;0;0;0;1;
2004 49 2;465;23044920766;8;0;0;0;0;0;0;0;0;0;0;0;0;
2004 49 2;466;23044920756;8;0;0;0;0;0;0;0;0;0;0;0;0;
2004 49 2;467;23044920564;8;0;0;0;0;0;1;1;0;0;0;0;0;
2004 49 2;468;23044650040;8;0;0;0;1;0;0;0;0;0;0;0;0;
2004 49 2;469;23044920551;8;0;0;0;0;0;1;1;0;0;0;0;0;
2004 49 2;470;23044920544;8;0;0;0;0;0;0;0;0;0;0;0;0;
2004 49 2;471;23044920580;8;0;0;0;0;0;1;1;0;0;0;0;0;
2004 49 2;472;23044920340;13;0;1;0;0;0;0;0;0;0;0;0;0;
2004 49 2;473;23044920468;3;0;0;0;0;1;1;1;0;0;0;0;0;
2004 49 2;474;23044630108;2;1;0;1;1;0;0;0;0;0;0;1;1;
2004 49 2;475;23044921139;10;0;0;0;0;0;0;0;0;0;0;0;0;
2004 49 2;476;23044640319;10;0;0;0;0;0;1;0;1;0;0;0;0;
2004 49 2;477;23044920942;10;0;0;0;0;0;0;0;0;0;0;0;0;
2004 49 2;478;23044921146;10;0;0;0;0;0;0;0;0;0;0;0;0;
2004 49 2;479;23044920346;13;0;1;0;0;0;1;1;0;0;0;0;0;
2004 49 2;480;23044750231;2;0;0;1;1;0;0;0;0;0;0;0;0;
2004 49 2;481;23044920607;1;0;0;0;0;0;1;1;0;0;0;0;0;
2004 49 2;482;23044920865;1;0;0;0;0;0;0;0;0;0;0;0;0;
2004 49 2;483;23044920823;1;0;0;0;0;0;0;0;0;0;0;0;0;
2004 49 2;484;23044921102;1;0;0;0;0;0;0;0;0;0;0;0;0;
2004 49 2;485;23044921283;1;0;0;0;0;0;1;1;0;0;0;0;0;
2004 49 2;486;23044650277;1;0;0;1;1;0;0;0;0;0;1;0;0;
2004 49 2;487;23044920525;1;0;0;0;0;0;1;1;0;0;0;0;0;
2004 49 2;488;23044921106;1;0;0;0;0;0;0;0;0;0;0;0;0;
2004 49 2;489;23044920616;1;0;0;0;0;0;1;1;0;0;0;0;0;
2004 49 2;490;23044930167;1;0;1;0;0;0;0;0;0;0;0;0;0;
2004 49 2;491;23044921286;1;0;0;0;0;0;1;1;0;0;0;0;0;
2004 49 2;492;23044930305;8;0;0;0;0;0;0;0;0;0;0;0;0;
2004 49 2;493;23044750245;8;0;0;1;1;0;0;0;0;0;0;0;0;
2004 49 2;494;23044920550;8;0;0;0;0;0;1;1;0;0;0;0;0;
2004 49 2;495;23044930307;8;0;0;0;0;0;0;0;0;0;0;0;0;
2004 49 2;496;23044920579;8;0;0;0;0;0;1;1;0;0;0;0;0;
2004 49 2;497;23044921238;8;0;0;0;0;0;0;0;0;0;0;0;0;
2004 49 2;498;23044920568;8;0;0;0;0;0;1;1;0;0;0;0;0;
2004 49 2;499;23044640136;8;1;0;1;1;0;0;0;0;0;1;0;1;
2004 49 2;500;23044921247;8;0;0;0;0;0;0;0;0;0;0;0;0;
2004 49 2;501;23044920574;8;0;0;0;0;0;1;1;0;0;0;0;0;
2004 49 2;502;23044920333;13;0;1;0;0;0;0;0;0;0;0;0;0;
2004 49 2;503;23044921046;9;0;0;0;0;0;1;1;0;0;0;0;0;
2004 49 2;504;23044920656;9;0;0;0;0;0;1;1;0;0;0;0;0;
2004 49 2;505;23044720258;9;0;0;0;1;0;0;0;0;0;0;0;0;
2004 49 2;506;23044920653;9;0;0;0;0;0;1;1;0;0;0;0;0;
2004 49 2;507;23044921050;9;0;0;0;0;0;1;1;0;0;0;0;0;
2004 49 2;508;23044921040;9;0;0;0;0;0;1;1;0;0;0;0;0;
2004 49 2;509;23044920659;9;0;0;0;0;0;1;1;0;0;0;0;0;
2004 49 2;510;23044920668;9;0;0;0;0;0;1;1;0;0;0;0;0;
2004 49 2;511;23044710138;9;0;0;0;1;0;0;0;0;0;0;0;1;
2004 49 2;512;23044930521;12;0;0;1;0;0;1;1;0;0;0;0;0;
2004 49 2;513;23044920361;13;0;1;0;0;0;0;0;0;0;0;0;0;
2004 49 2;514;23044920742;10;0;0;0;0;0;1;1;0;0;0;0;0;
2004 49 2;515;23044920944;10;0;0;0;0;0;0;0;0;0;0;0;0;
2004 49 2;516;23044920954;10;0;0;0;0;0;0;0;0;0;0;0;0;
2004 49 2;517;23044640810;1;0;0;0;0;0;1;0;1;0;1;0;0;
2004 49 2;518;23044920152;1;1;0;1;1;0;0;0;0;0;0;0;0;
2004 49 2;519;23044921277;1;0;0;0;0;0;0;0;0;0;0;0;0;
2004 49 2;520;23044920603;1;0;0;0;0;0;1;1;0;0;0;0;0;
2004 49 2;521;23044920836;1;0;0;0;0;0;0;0;0;0;0;0;0;
2004 49 2;522;23044920522;1;0;0;0;0;1;1;1;0;0;0;0;0;
2004 49 2;523;23044930161;1;0;1;0;0;0;0;0;0;0;0;0;0;
2004 49 2;524;23044750222;1;0;0;1;1;0;0;0;0;0;0;0;0;
2004 49 2;525;23044920519;1;0;0;0;0;0;0;0;0;0;0;0;0;
2004 49 2;526;23044920789;1;0;0;0;0;0;0;0;0;0;0;0;0;
2004 49 2;527;23044920637;1;0;0;0;0;0;1;1;0;0;0;0;0;
2004 49 2;528;23044920849;1;0;0;0;0;0;0;0;0;0;0;0;0;
2004 49 2;529;23044921064;1;0;0;0;0;0;0;0;0;0;0;0;0;
2004 49 2;530;23044920404;1;0;1;0;0;0;1;1;0;0;0;0;0;
2004 49 2;531;23044750074;8;0;0;0;1;0;0;0;0;0;1;0;1;
2004 49 2;532;23044920514;8;0;0;0;0;0;0;0;0;0;0;0;0;
2004 49 2;533;23044920567;8;0;0;0;0;0;1;1;0;0;0;0;0;
2004 49 2;534;23044920761;8;0;0;0;0;0;0;0;0;0;0;0;0;
2004 49 2;535;23044920543;8;0;0;0;0;0;1;1;0;0;0;0;0;
2004 49 2;536;23044920788;8;0;0;0;0;0;0;0;0;0;0;0;0;
2004 49 2;537;23044750241;8;0;0;1;1;0;0;0;0;0;0;0;0;
2004 49 2;538;23044920357;13;0;1;0;0;0;1;1;0;0;0;0;0;
2004 49 2;539;23044920787;8;0;0;0;0;0;0;0;0;0;0;0;0;
2004 49 2;540;23044920777;8;0;0;0;0;0;0;0;0;0;0;0;0;
2004 49 2;541;23044920561;8;0;0;0;0;0;1;1;0;0;0;0;0;
2004 49 2;542;23044920785;8;0;0;0;0;0;0;0;0;0;0;0;0;
2004 49 2;543;23044750242;8;0;0;1;1;0;0;0;0;0;0;0;0;
2004 49 2;544;23044920553;8;0;0;0;0;0;1;1;0;0;0;0;0;
2004 49 2;545;23044930572;8;0;0;0;0;0;0;0;0;0;0;0;0;
2004 49 2;546;23044920587;8;0;0;0;0;0;1;1;0;0;0;0;0;
2004 49 2;547;23044921233;8;0;0;0;0;0;0;0;0;0;0;0;0;
2004 49 2;548;23044920786;8;0;0;0;0;0;0;0;0;0;0;0;0;
2004 49 2;549;23044810052;8;1;0;1;1;0;0;0;0;1;0;0;1;
2004 49 2;550;23044920572;8;0;0;0;0;0;1;1;0;0;0;0;0;
2004 49 2;551;23044921251;8;0;0;0;0;0;0;0;0;0;0;0;0;
2004 49 2;552;23044930225;13;0;1;0;0;0;0;0;0;0;0;0;0;
2004 49 2;553;23044920501;2;0;0;0;0;0;1;1;0;0;0;0;0;
2004 49 2;554;23044920499;2;0;0;0;0;0;0;0;0;0;0;0;0;
2004 49 2;555;23044640341;2;0;0;1;0;0;1;0;1;0;0;0;0;
2004 49 2;556;23044650173;2;0;0;0;1;0;0;0;0;0;0;0;0;
2004 49 2;557;23044920604;1;0;0;0;0;0;1;1;0;0;0;0;0;
2004 49 2;558;23044920867;1;0;0;0;0;0;0;0;0;0;0;0;0;
2004 49 2;559;23044920995;1;0;0;0;0;0;1;1;0;0;0;0;0;
2004 49 2;560;23044930202;13;0;1;0;0;0;0;0;0;0;0;0;0;
2004 49 2;561;23044640830;4;0;0;1;0;0;1;0;1;0;0;0;0;
2004 49 2;562;23044820081;4;1;0;0;1;0;0;0;0;0;0;0;0;
2004 49 2;563;23044920998;1;0;0;0;0;0;1;1;0;0;0;0;0;
2004 49 2;564;23044920828;1;0;0;0;0;0;0;0;0;0;0;0;0;
2004 49 2;565;23044920851;1;0;0;0;0;0;0;0;0;0;0;0;0;
2004 49 2;566;23044920853;1;0;0;0;0;0;0;0;0;0;0;0;0;
2004 49 2;567;23044930179;1;0;1;0;0;0;0;0;0;0;0;0;0;
2004 49 2;568;23044920816;1;0;0;0;0;0;0;0;0;0;0;0;0;
2004 49 2;569;23044640139;2;0;0;1;1;0;0;0;0;1;0;0;0;
2004 49 2;570;23044920528;2;0;0;0;0;0;0;0;0;0;0;0;0;
2004 49 2;571;23044640446;2;0;0;0;0;0;1;0;1;0;0;0;0;
2004 49 2;572;23044920497;2;0;0;0;0;0;0;0;0;0;0;0;0;
2004 49 2;573;23044920455;2;0;0;0;0;0;1;1;0;0;0;0;0;
2004 49 2;574;23044930149;2;0;1;0;0;0;0;0;0;0;0;0;0;
2004 49 2;575;23044750252;2;1;0;1;1;0;0;0;0;0;0;0;0;
2004 49 2;576;23044920538;1;0;0;0;0;0;1;1;0;0;0;0;0;
2004 49 2;577;23044920833;1;0;0;0;0;0;0;0;0;0;0;0;0;
2004 49 2;578;23044920615;1;0;0;0;0;0;1;1;0;0;0;0;0;
2004 49 2;579;23044920840;1;0;0;0;0;0;0;0;0;0;0;0;0;
2004 49 2;580;23044640375;1;0;0;0;0;0;1;0;1;0;0;0;0;
2004 49 2;581;23044750232;2;0;0;1;1;0;0;0;0;0;0;0;0;
2004 49 2;582;23044921149;10;0;0;0;0;0;0;0;0;0;0;0;0;
2004 49 2;583;23044920729;10;0;0;0;0;0;1;1;0;0;0;0;0;
2004 49 2;584;23044921121;10;0;0;0;0;0;0;0;0;0;0;0;0;
2004 49 2;585;23044921143;10;0;0;0;0;0;0;0;0;0;0;0;0;
2004 49 2;586;23044920947;10;0;0;0;0;0;0;0;0;0;0;0;0;
2004 49 2;587;23044920433;10;1;1;0;0;0;0;0;0;0;0;0;0;
2004 49 2;588;23044921127;10;0;0;0;0;0;0;0;0;0;0;0;0;
2004 49 2;589;23044920740;10;0;0;0;0;0;1;1;0;0;0;0;0;
2004 49 2;590;23044921135;10;0;0;0;0;0;0;0;0;0;0;0;0;
2004 49 2;591;23044920738;10;0;0;0;0;0;1;1;0;0;0;0;0;
2004 49 2;592;23044921110;10;0;0;0;0;0;0;0;0;0;0;0;0;
2004 49 2;593;23044921109;10;0;0;0;0;0;0;0;0;0;0;0;0;
2004 49 2;594;23044921142;10;0;0;0;0;0;0;0;0;0;0;0;0;
2004 49 2;595;23044650188;10;0;0;1;1;0;0;0;0;0;1;0;0;
2004 49 2;596;23044640352;10;0;0;0;0;0;1;0;1;0;0;0;1;
2004 49 2;597;23044920939;10;0;0;0;0;0;0;0;0;0;0;0;0;
2004 49 2;598;23044910464;10;0;1;0;0;0;0;0;0;0;0;0;0;
2004 49 2;599;23044921129;10;0;0;0;0;0;0;0;0;0;0;0;0;
2004 49 2;600;23044920730;10;0;0;0;0;0;1;1;0;0;0;0;0;
2004 49 2;601;23044750226;2;0;0;1;1;0;0;0;0;0;0;0;0;
2004 49 2;602;23044920986;6;0;0;0;0;0;1;1;0;0;0;0;0;
2004 49 2;603;23044930246;6;0;0;0;0;0;0;0;0;0;0;0;0;
2004 49 2;604;23044920728;6;0;0;0;0;0;1;1;0;0;0;0;0;
2004 49 2;605;23044920317;6;1;1;0;0;0;0;0;0;0;0;0;0;
2004 49 2;606;23044920714;6;0;0;0;0;0;1;1;0;0;0;0;0;
2004 49 2;607;23044750230;2;0;0;1;1;0;0;0;0;0;0;0;0;
2004 49 2;608;23044920858;1;0;0;0;0;0;0;0;0;0;0;0;0;
2004 49 2;609;23044920619;1;0;0;0;0;0;1;1;0;0;0;0;0;
2004 49 2;610;23044920834;1;0;0;0;0;0;0;0;0;0;0;0;0;
2004 49 2;611;23044921285;1;0;0;0;0;0;1;1;0;0;0;0;0;
2004 49 2;612;23044930164;1;0;1;0;0;0;0;0;0;0;0;0;0;
2004 49 2;613;23044750224;2;0;0;1;1;0;0;0;0;0;0;0;0;
2004 49 2;614;23044920990;6;0;0;0;0;0;1;1;0;0;0;0;0;
2004 49 2;615;23044920503;6;0;0;0;0;0;0;0;0;0;0;0;0;
2004 49 2;616;23044920982;6;0;0;0;0;0;1;1;0;0;0;0;0;
2004 49 2;617;23044921157;6;0;0;0;0;0;0;0;0;0;0;0;0;
2004 49 2;618;23044920930;6;0;0;0;0;0;0;0;0;0;0;0;0;
2004 49 2;619;23044920230;6;0;1;1;1;0;1;1;0;0;0;0;1;
2004 49 2;620;23044921175;6;0;0;0;0;0;0;0;0;0;0;0;0;
2004 49 2;621;23044920921;6;0;0;0;0;0;0;0;0;0;0;0;0;
2004 49 2;622;23044920926;6;0;0;0;0;0;0;0;0;0;0;0;0;
2004 49 2;623;23044920436;6;0;0;0;0;0;1;1;0;0;0;0;0;
2004 49 2;624;23044920441;6;0;0;0;0;0;0;0;0;0;0;0;0;
2004 49 2;625;23044640505;6;0;0;1;0;0;1;0;1;0;0;0;0;
2004 49 2;626;23044920252;6;0;0;0;1;0;1;1;0;0;0;0;0;
2004 49 2;627;23044930256;6;0;0;0;0;0;0;0;0;0;0;0;0;
2004 49 2;628;23044920722;6;0;0;0;0;0;1;1;0;0;0;0;0;
2004 49 2;629;23044921167;6;0;0;0;0;0;0;0;0;0;0;0;0;
2004 49 2;630;23044920716;6;0;0;0;0;0;1;1;0;0;0;0;0;
2004 49 2;631;23044920316;6;1;1;1;0;0;0;0;0;0;0;0;0;
2004 49 2;632;23044920725;6;0;0;0;0;0;1;1;0;0;0;0;0;
2004 49 2;633;23044920928;6;0;0;0;0;0;0;0;0;0;0;0;0;
2004 49 2;634;23044920717;6;0;0;0;0;0;1;1;0;0;0;0;0;
2004 49 2;635;23044930240;6;0;0;0;0;0;0;0;0;0;0;0;0;
2004 49 2;636;23044920719;6;0;0;0;0;0;1;1;0;0;0;0;0;
2004 49 2;637;23044750234;2;0;0;1;1;0;0;0;0;0;0;0;0;
2004 49 2;638;23044920623;1;0;0;0;0;0;1;1;0;0;0;0;0;
2004 49 2;639;23044921071;1;0;0;0;0;0;0;0;0;0;0;0;0;
2004 49 2;640;23044930187;1;0;1;0;0;0;0;0;0;0;0;0;0;
2004 49 2;641;23044920521;1;0;0;0;0;1;1;1;0;0;0;0;0;
2004 49 2;642;23044920824;1;0;0;0;0;0;0;0;0;0;0;0;0;
2004 49 2;643;23044710106;1;1;0;1;1;0;0;0;0;1;0;0;1;
2004 49 2;644;23044920855;1;0;0;0;0;0;0;0;0;0;0;0;0;
2004 49 2;645;23044920591;1;0;0;0;0;0;1;1;0;0;0;0;0;
2004 49 2;646;23044921092;1;0;0;0;0;0;0;0;0;0;0;0;0;
2004 49 2;647;23044920415;1;0;1;0;0;0;1;1;0;0;0;0;0;
2004 49 2;648;23044921069;1;0;0;0;0;0;0;0;0;0;0;0;0;
2004 49 2;649;23044920218;1;0;0;0;1;0;0;0;0;0;0;0;0;
2004 49 2;650;23044640537;1;0;0;1;0;0;1;0;1;0;0;0;0;
2004 49 2;651;23044920872;1;0;0;0;0;0;0;0;0;0;0;0;0;
2004 49 2;652;23044920609;1;0;0;0;0;0;1;1;0;0;0;0;0;
2004 49 2;653;23044920841;1;0;0;0;0;0;0;0;0;0;0;0;0;
2004 49 2;654;23044920640;1;0;0;0;0;0;1;1;0;0;0;0;0;
2004 49 2;655;23044930168;1;0;1;0;0;0;0;0;0;0;0;0;0;
2004 49 2;656;23044920628;1;0;0;0;0;0;1;1;0;0;0;0;0;
2004 49 2;657;23044921089;1;0;0;0;0;0;0;0;0;0;0;0;0;
2004 49 2;658;23044650253;5;1;0;0;1;0;0;0;0;0;0;0;0;
2004 49 2;659;23044930509;6;0;0;1;0;0;1;1;0;0;0;0;0;
2004 49 2;660;23044921181;6;0;0;0;0;0;0;0;0;0;0;0;0;
2004 49 2;661;23044920710;6;0;0;0;0;0;1;1;0;0;0;0;0;
2004 49 2;662;23044921172;6;0;0;0;0;0;0;0;0;0;0;0;0;
2004 49 2;663;23044920980;6;0;0;0;0;0;1;1;0;0;0;0;0;
2004 49 2;664;23044920003;6;0;1;0;1;0;0;0;0;0;0;0;0;
2004 49 2;665;23044640504;6;0;0;1;0;0;1;0;1;0;0;0;1;
2004 49 2;666;23044920925;6;0;0;0;0;0;0;0;0;0;0;0;0;
2004 49 2;667;23044920677;7;0;0;0;0;0;1;1;0;0;0;0;0;
2004 49 2;668;23044920888;7;0;0;0;0;0;0;0;0;0;0;0;0;
2004 49 2;669;23044921023;7;0;0;0;0;0;1;1;0;0;0;0;0;
2004 49 2;670;23044920904;7;0;0;0;0;0;0;0;0;0;0;0;0;
2004 49 2;671;23044921021;7;0;0;0;0;0;1;1;0;0;0;0;0;
2004 49 2;672;23044921208;7;0;0;0;0;0;0;0;0;0;0;0;0;
2004 49 2;673;23044920683;7;0;0;0;0;0;1;1;0;0;0;0;0;
2004 49 2;674;23044921205;7;0;0;0;0;0;0;0;0;0;0;0;0;
2004 49 2;675;23044920496;7;0;0;0;0;0;0;0;0;0;0;0;0;
2004 49 2;676;23044921030;7;0;0;0;0;0;1;1;0;0;0;0;0;
2004 49 2;677;23044451187;7;1;0;0;1;0;0;0;0;0;0;0;0;
2004 49 2;678;23044920529;7;0;0;0;0;0;1;1;0;0;0;0;0;
2004 49 2;679;23044920473;7;0;0;0;0;0;0;0;0;0;0;0;0;
2004 49 2;680;23044921028;7;0;0;0;0;0;1;1;0;0;0;0;0;
2004 49 2;681;23044920884;7;0;0;0;0;0;0;0;0;0;0;0;0;
2004 49 2;682;23044920375;13;0;1;0;0;0;1;1;0;0;0;0;0;
2004 49 2;683;23044921125;10;0;0;0;0;0;0;0;0;0;0;0;0;
2004 49 2;684;23044920731;10;0;0;0;0;0;1;1;0;0;0;0;0;
2004 49 2;685;23044640016;2;0;0;1;1;0;0;0;0;0;0;0;1;
2004 49 2;686;23044921097;1;0;0;0;0;0;0;0;0;0;0;0;0;
2004 49 2;687;23044920847;1;0;0;0;0;0;0;0;0;0;0;0;0;
2004 49 2;688;23044920596;1;0;0;0;0;0;1;1;0;0;0;0;0;
2004 49 2;689;23044921082;1;0;0;0;0;0;0;0;0;0;0;0;0;
2004 49 2;690;23044930221;13;0;1;0;0;0;0;0;0;0;0;0;0;
2004 49 2;691;23044640209;2;0;0;1;1;0;1;1;0;0;0;0;0;
2004 49 2;692;23044920862;1;0;0;0;0;0;0;0;0;0;0;0;0;
2004 49 2;693;23044921090;1;0;0;0;0;0;0;0;0;0;0;0;0;
2004 49 2;694;23044920642;1;0;0;0;0;0;1;1;0;0;0;0;0;
2004 49 2;695;23044920838;1;0;0;0;0;0;0;0;0;0;0;0;0;
2004 49 2;696;23044921088;1;0;0;0;0;0;0;0;0;0;0;0;0;
2004 49 2;697;23044640391;1;0;0;1;0;0;1;0;1;1;0;0;0;
2004 49 2;698;23044920264;1;1;1;0;1;0;0;0;0;0;0;0;0;
2004 49 2;699;23044920537;1;0;0;0;0;0;1;1;0;0;0;0;0;
2004 49 2;700;23044920796;1;0;0;0;0;0;0;0;0;0;0;0;0;
2004 49 2;701;23044921014;1;0;0;0;0;0;1;1;0;0;0;0;0;
2004 49 2;702;23044920809;1;0;0;0;0;0;0;0;0;0;0;0;0;
2004 49 2;703;23044920598;1;0;0;0;0;0;1;1;0;0;0;0;0;
2004 49 2;704;23044750218;1;0;0;1;1;0;0;0;0;0;0;0;0;
2004 49 2;705;23044920416;1;0;1;0;0;0;1;1;0;0;0;0;0;
2004 49 2;706;23044920832;1;0;0;0;0;0;0;0;0;0;0;0;0;
2004 49 2;707;23044920606;1;0;0;0;0;0;1;1;0;0;0;0;0;
2004 49 2;708;23044920854;1;0;0;0;0;0;0;0;0;0;0;0;0;
2004 49 2;709;23044920589;1;0;0;0;0;0;1;1;0;0;0;0;0;
2004 49 2;710;23044820128;2;1;0;1;1;0;0;0;0;1;0;0;0;
2004 49 2;711;23044921193;7;0;0;0;0;0;0;0;0;0;0;0;0;
2004 49 2;712;23044920327;7;0;0;0;0;0;1;1;0;0;0;0;1;
2004 49 2;713;23044920898;7;0;0;0;0;0;0;0;0;0;0;0;0;
2004 49 2;714;23044920684;7;0;0;0;0;0;1;1;0;0;0;0;0;
2004 49 2;715;23044930208;13;0;1;0;0;0;0;0;0;0;0;0;0;
2004 49 2;716;23044920483;2;0;0;0;0;0;1;1;0;0;0;0;0;
2004 49 2;717;23044750227;2;0;0;1;1;0;0;0;0;0;0;0;0;
2004 49 2;718;23044921000;1;0;0;0;0;0;1;1;0;0;0;0;0;
2004 49 2;719;23044920450;1;0;0;0;0;0;0;0;0;0;0;0;0;
2004 49 2;720;23044920605;1;0;0;0;0;0;1;1;0;0;0;0;0;
2004 49 2;721;23044921095;1;0;0;0;0;0;0;0;0;0;0;0;0;
2004 49 2;722;23044920349;13;0;1;0;0;0;1;1;0;0;0;0;0;
2004 49 2;723;23044740215;2;0;0;0;1;0;0;0;0;0;0;0;0;
2004 49 2;724;23044920530;10;0;0;1;0;0;1;1;0;0;0;0;0;
2004 49 2;725;23044921138;10;0;0;0;0;0;0;0;0;0;0;0;0;
2004 49 2;726;23044920956;10;0;0;0;0;0;0;0;0;0;0;0;0;
2004 49 2;727;23044920434;10;0;0;0;0;0;0;0;0;0;0;0;0;
2004 49 2;728;23044921130;10;0;0;0;0;0;0;0;0;0;0;0;0;
2004 49 2;729;23044920386;10;0;1;0;0;0;1;1;0;0;0;0;0;
2004 49 2;730;23044750075;10;1;0;0;1;0;0;0;0;0;0;0;0;
2004 49 2;731;23044640930;10;0;0;1;0;0;1;0;1;0;0;0;0;
2004 49 2;732;23044921111;10;0;0;0;0;0;0;0;0;0;0;0;0;
2004 49 2;733;23044920937;10;0;0;0;0;0;0;0;0;0;0;0;0;
2004 49 2;734;23044921128;10;0;0;0;0;0;0;0;0;0;0;0;0;
2004 49 2;735;23044921116;10;0;0;0;0;0;0;0;0;0;0;0;0;
2004 49 2;736;23044921124;10;0;0;0;0;0;0;0;0;0;0;0;0;
2004 49 2;737;23044920247;11;0;1;1;1;0;1;1;0;0;0;0;0;
2004 49 2;738;23044921197;7;0;0;0;0;0;0;0;0;0;0;0;0;
2004 49 2;739;23044921026;7;0;0;0;0;0;1;1;0;0;0;0;0;
2004 49 2;740;23044920900;7;0;0;0;0;0;0;0;0;0;0;0;0;
2004 49 2;741;23044920896;7;0;0;0;0;0;0;0;0;0;0;0;0;
2004 49 2;742;23044921024;7;0;0;0;0;0;1;1;0;0;0;0;0;
2004 49 2;743;23044750235;2;0;0;1;1;0;0;0;0;0;0;0;0;
2004 49 2;744;23044920354;13;0;1;0;0;0;1;1;0;0;0;0;0;
2004 49 2;745;23044920913;7;0;0;0;0;0;0;0;0;0;0;0;0;
2004 49 2;746;23044920701;7;0;0;0;0;0;1;1;0;0;0;0;0;
2004 49 2;747;23044921215;7;0;0;0;0;0;0;0;0;0;0;0;0;
2004 49 2;748;23044921019;7;0;0;0;0;0;1;1;0;0;0;0;0;
2004 49 2;749;23044921203;7;0;0;0;0;0;0;0;0;0;0;0;0;
2004 49 2;750;23044640099;2;0;0;0;1;0;1;1;0;0;0;0;0;
2004 49 2;751;23044930507;2;1;0;1;0;0;0;0;0;0;0;0;0;
2004 49 2;752;23044920350;13;0;1;0;0;0;1;1;0;0;0;0;0;
2004 49 2;753;23044921245;8;0;0;0;0;0;0;0;0;0;0;0;0;
2004 49 2;754;23044921260;8;0;0;0;0;0;0;0;0;0;0;0;0;
2004 49 2;755;23044920541;8;0;0;0;0;0;1;1;0;0;0;0;0;
2004 49 2;756;23044720135;8;0;0;0;1;0;0;0;0;0;0;0;0;
2004 49 2;757;23044921259;8;0;0;0;0;0;0;0;0;0;0;0;0;
2004 49 2;758;23044920560;8;0;0;0;0;0;1;1;0;0;0;0;0;
2004 49 2;759;23044921250;8;0;0;0;0;0;0;0;0;0;0;0;0;
2004 49 2;760;23044920784;8;0;0;0;0;0;0;0;0;0;0;0;0;
2004 49 2;761;23044920559;8;0;0;0;0;0;1;1;0;0;0;0;0;
2004 49 2;762;23044740172;8;0;0;1;1;0;0;0;0;1;1;0;1;
2004 49 2;763;23044920552;8;0;0;0;0;0;1;1;0;0;0;0;0;
2004 49 2;764;23044921257;8;0;0;0;0;0;0;0;0;0;0;0;0;
2004 49 2;765;23044920448;8;1;0;0;0;0;0;0;0;0;0;0;0;
2004 49 2;766;23044920542;8;0;0;0;0;0;1;1;0;0;0;0;0;
2004 49 2;767;23044920758;8;0;0;0;0;0;0;0;0;0;0;0;0;
2004 49 2;768;23044810032;8;0;0;1;1;0;0;0;0;0;0;0;0;
2004 49 2;769;23044920781;8;0;0;0;0;0;0;0;0;0;0;0;0;
2004 49 2;770;23044920763;8;0;0;0;0;0;0;0;0;0;0;0;0;
2004 49 2;771;23044920565;8;0;0;0;0;0;1;1;0;0;0;0;0;
2004 49 2;772;23044921244;8;0;0;0;0;0;0;0;0;0;0;0;0;
2004 49 2;773;23044930204;13;0;1;0;0;0;0;0;0;0;0;0;0;
2004 49 2;774;23044640331;2;0;0;1;0;0;1;0;1;0;0;0;0;
2004 49 2;775;23044750095;2;0;0;0;1;0;0;0;0;0;0;0;0;
2004 49 2;776;23044920949;10;0;0;0;0;0;0;0;0;0;0;0;0;
2004 49 2;777;23044920744;10;0;0;0;0;0;1;1;0;0;0;0;0;
2004 49 2;778;23044921114;10;0;0;0;0;0;0;0;0;0;0;0;0;
2004 49 2;779;23044920747;10;0;0;0;0;0;1;1;0;0;0;0;0;
2004 49 2;780;23044930213;13;0;1;0;0;0;0;0;0;0;0;0;0;
2004 49 2;781;23044640370;13;0;0;1;0;0;1;0;1;0;0;0;0;
2004 49 2;782;23044920159;9;0;0;0;1;0;0;0;0;0;0;0;1;
2004 49 2;783;23044921042;9;0;0;0;0;0;1;1;0;0;0;0;0;
2004 49 2;784;23044920654;9;0;0;0;0;0;1;1;0;0;0;0;0;
2004 49 2;785;23044921038;9;0;0;0;0;0;1;1;0;0;0;0;0;
2004 49 2;786;23044921037;9;0;0;0;0;0;1;1;0;0;0;0;0;
2004 49 2;787;23044921056;9;0;0;0;0;0;1;1;0;0;0;0;0;
2004 49 2;788;23044920125;9;0;0;1;1;0;1;1;0;0;0;0;0;
2004 49 2;789;23044920871;1;0;0;0;0;0;0;0;0;0;0;0;0;
2004 49 2;790;23044920869;1;0;0;0;0;0;0;0;0;0;0;0;0;
2004 49 2;791;23044920629;1;0;0;0;0;0;1;1;0;0;0;0;0;
2004 49 2;792;23044920861;1;0;0;0;0;0;0;0;0;0;0;0;0;
2004 49 2;793;23044920620;1;0;0;0;0;0;1;1;0;0;0;0;0;
2004 49 2;794;23044750223;1;0;0;1;1;0;0;0;0;0;0;0;0;
2004 49 2;795;23044920992;1;0;0;0;0;0;1;1;0;0;0;0;0;
2004 49 2;796;23044921266;1;0;0;0;0;0;0;0;0;0;0;0;0;
2004 49 2;797;23044921288;1;0;0;0;0;0;1;1;0;0;0;0;0;
2004 49 2;798;23044920428;1;1;1;0;0;0;0;0;0;0;0;0;1;
2004 49 2;799;23044920643;1;0;0;0;0;0;1;1;0;0;0;0;0;
2004 49 2;800;23044750228;2;0;0;1;1;0;0;0;0;0;0;0;0;
2004 49 2;801;23044920890;7;0;0;0;0;0;0;0;0;0;0;0;0;
2004 49 2;802;23044920877;7;0;0;0;0;0;0;0;0;0;0;0;0;
2004 49 2;803;23044920902;7;0;0;0;0;0;0;0;0;0;0;0;0;
2004 49 2;804;23044920672;7;0;0;0;0;0;1;1;0;0;0;0;0;
2004 49 2;805;23044920451;7;0;0;0;0;0;0;0;0;0;0;0;0;
2004 49 2;806;23044920903;7;0;0;0;0;0;0;0;0;0;0;0;0;
2004 49 2;807;23044920686;7;0;0;0;0;0;1;1;0;0;0;0;0;
2004 49 2;808;23044750246;13;0;0;1;1;0;0;0;0;0;0;0;0;
2004 49 2;809;23044920374;13;0;1;0;0;0;1;1;0;0;0;0;0;
2004 49 2;810;23044921122;10;0;0;0;0;0;0;0;0;0;0;0;0;
2004 49 2;811;23044920739;10;0;0;0;0;0;1;1;0;0;0;0;0;
2004 49 2;812;23044921108;10;0;0;0;0;0;0;0;0;0;0;0;0;
2004 49 2;813;23044921113;10;0;0;0;0;0;0;0;0;0;0;0;0;
2004 49 2;814;23044921151;10;0;0;0;0;0;0;0;0;0;0;0;0;
2004 49 2;815;23044640386;10;0;0;1;0;0;1;0;1;0;0;0;0;
2004 49 2;816;23044810128;8;1;1;0;1;0;0;0;0;0;0;0;1;
2004 49 2;817;23044920776;8;0;0;0;0;0;0;0;0;0;0;0;0;
2004 49 2;818;23044920475;8;0;0;0;0;0;0;0;0;0;0;0;0;
2004 49 2;819;23044921248;8;0;0;0;0;0;0;0;0;0;0;0;0;
2004 49 2;820;23044920459;8;0;0;0;0;0;1;1;0;0;0;0;0;
2004 49 2;821;23044920779;8;0;0;0;0;0;0;0;0;0;0;0;0;
2004 49 2;822;23044640384;2;0;0;0;0;0;1;0;1;0;0;0;0;
2004 49 2;823;23044920960;2;0;0;0;0;0;0;0;0;1;0;0;0;
2004 49 2;824;23044750225;2;0;0;1;1;0;0;0;0;0;0;0;0;
2004 49 2;825;23044930151;2;0;1;0;0;0;0;0;0;0;0;0;0;
2004 49 2;826;23044920498;2;0;0;0;0;0;0;0;0;0;0;0;0;
2004 49 2;827;23044640919;2;0;0;0;0;0;1;0;1;0;0;0;0;
2004 49 2;828;23044920493;2;0;0;0;0;0;0;0;0;0;0;0;0;
2004 49 2;829;23044920527;2;0;0;0;0;1;1;1;0;0;0;0;0;
2004 49 2;830;23044810100;2;0;0;1;1;0;0;0;0;0;0;1;1;
2004 49 2;831;23044640377;2;0;0;0;0;0;1;0;1;0;0;0;0;
2004 49 2;832;23044930152;2;0;1;0;0;0;0;0;0;0;0;0;0;
2004 49 2;833;23044920793;2;0;0;0;0;0;1;1;0;0;0;0;0;
2004 49 2;834;23044920464;2;0;0;0;0;0;0;0;0;0;0;0;0;
2004 49 2;835;23044640401;2;0;0;0;0;0;1;0;1;0;0;0;0;
2004 49 2;836;23044750045;2;0;0;0;1;0;0;0;0;0;0;0;0;
2004 49 2;837;23044920500;2;0;0;1;0;0;0;0;0;0;0;0;0;
2004 49 2;838;23044920600;1;0;0;0;0;0;1;1;0;0;0;0;0;
2004 49 2;839;23044921275;1;0;0;0;0;0;0;0;0;0;0;0;0;
2004 49 2;840;23044920645;1;0;0;0;0;0;1;1;0;0;0;0;0;
2004 49 2;841;23044920822;1;0;0;0;0;0;0;0;0;0;0;0;0;
2004 49 2;842;23044920639;1;0;0;0;0;0;1;1;0;0;0;0;0;
2004 49 2;843;23044920430;13;1;1;0;0;0;0;0;0;0;0;0;0;
2004 49 2;844;23044640217;2;0;0;1;1;0;1;1;0;0;0;0;0;
2004 49 2;845;23044921147;10;0;0;0;0;0;0;0;0;0;0;0;0;
2004 49 2;846;23044921141;10;0;0;0;0;0;0;0;0;0;0;0;0;
2004 49 2;847;23044921123;10;0;0;0;0;0;0;0;0;0;0;0;0;
2004 49 2;848;23044921133;10;0;0;0;0;0;0;0;0;0;0;0;0;
2004 49 2;849;23044920941;10;0;0;0;0;0;0;0;0;0;0;0;0;
2004 49 2;850;23044750174;2;0;0;1;1;0;0;0;0;0;0;0;0;
2004 49 2;851;23044920963;6;0;0;0;0;0;1;1;0;0;0;0;0;
2004 49 2;852;23044920933;6;0;0;0;0;0;0;0;0;0;0;0;0;
2004 49 2;853;23044930191;6;0;1;0;0;0;0;0;0;0;0;0;0;
2004 49 2;854;23044920724;6;0;0;0;0;0;1;1;0;0;0;0;0;
2004 49 2;855;23044920924;6;0;0;0;0;0;0;0;0;0;0;0;0;
2004 49 2;856;23044920978;6;0;0;0;0;0;1;1;0;0;0;0;0;
2004 49 2;857;23044820066;6;1;0;1;1;0;0;0;0;0;0;0;1;
2004 49 2;858;23044920987;6;0;0;0;0;0;1;1;0;0;0;0;0;
2004 49 2;859;23044921158;6;0;0;0;0;0;0;0;0;0;0;0;0;
2004 49 2;860;23044920969;6;0;0;0;0;0;1;1;0;0;0;0;0;
2004 49 2;861;23044930196;6;0;1;0;0;0;0;0;0;0;0;0;0;
2004 49 2;862;23044920991;6;0;0;0;0;0;1;1;0;0;0;0;0;
2004 49 2;863;23044750031;2;0;0;0;1;0;0;0;0;0;0;0;0;
2004 49 2;864;23044640388;2;0;0;1;0;0;1;0;1;0;0;0;0;
2004 49 2;865;23044921137;10;0;0;0;0;0;0;0;0;0;0;0;0;
2004 49 2;866;23044920733;10;0;0;0;0;0;1;1;0;0;0;0;0;
2004 49 2;867;23044921131;10;0;0;0;0;0;0;0;0;0;0;0;0;
2004 49 2;868;23044640392;10;0;0;0;0;0;1;0;1;0;0;0;0;
2004 49 2;869;23044920166;2;1;1;0;1;0;0;0;0;0;0;1;0;
2004 49 2;870;23044920695;7;0;0;0;0;0;1;1;0;0;0;0;0;
2004 49 2;871;23044921216;7;0;0;0;0;0;0;0;0;0;0;0;0;
2004 49 2;872;23044920675;7;0;0;0;0;0;1;1;0;0;0;0;0;
2004 49 2;873;23044921223;7;0;0;0;0;0;0;0;0;0;0;0;0;
2004 49 2;874;23044920671;7;0;0;0;0;0;1;1;0;0;0;0;0;
2004 49 2;875;23044640009;7;0;0;1;1;0;0;0;0;0;0;0;0;
2004 49 2;876;23044920707;7;0;0;0;0;0;1;1;0;0;0;0;0;
2004 49 2;877;23044921219;7;0;0;0;0;0;0;0;0;0;0;0;0;
2004 49 2;878;23044920679;7;0;0;0;0;0;1;1;0;0;0;0;0;
2004 49 2;879;23044920891;7;0;0;0;0;0;0;0;0;0;0;0;0;
2004 49 2;880;23044920708;7;0;0;0;0;0;1;1;0;0;0;0;0;
2004 49 2;881;23044820098;7;0;0;1;1;0;0;0;0;1;0;0;0;
2004 49 2;882;23044920961;7;0;0;0;0;0;0;0;0;0;0;0;0;
2004 49 2;883;23044921196;7;0;0;0;0;0;0;0;0;0;0;0;0;
2004 49 2;884;23044920547;7;0;0;0;0;0;1;1;0;0;0;0;0;
2004 49 2;885;23044921213;7;0;0;0;0;0;0;0;0;0;0;0;0;
2004 49 2;886;23044921033;7;0;0;0;0;0;1;1;0;0;0;0;0;
2004 49 2;887;23044920210;7;0;0;0;1;0;0;0;0;0;0;0;0;
2004 49 2;888;23044920693;7;0;0;0;0;0;1;1;0;0;0;0;0;
2004 49 2;889;23044920907;7;0;0;0;0;0;0;0;0;0;0;0;0;
2004 49 2;890;23044921211;7;0;0;0;0;0;0;0;0;0;0;0;0;
2004 49 2;891;23044921188;7;0;0;0;0;0;0;0;0;0;0;0;0;
2004 49 2;892;23044920518;11;0;0;1;0;0;1;1;0;0;0;0;0;
2004 49 2;893;23044920931;6;0;0;0;0;0;0;0;0;0;0;0;0;
2004 49 2;894;23044920390;6;0;1;0;0;0;1;1;0;0;0;0;0;
2004 49 2;895;23044921161;6;0;0;0;0;0;0;0;0;0;0;0;0;
2004 49 2;896;23044921168;6;0;0;0;0;0;0;0;0;0;0;0;0;
2004 49 2;897;23044920715;6;0;0;0;0;0;1;1;0;0;0;0;0;
2004 49 2;898;23044820178;9;0;0;0;1;0;0;0;0;0;1;1;1;
2004 49 2;899;23044920910;7;0;0;0;0;0;0;0;0;0;0;0;0;
2004 49 2;900;23044921201;7;0;0;0;0;0;0;0;0;0;0;0;0;
2004 49 2;901;23044921025;7;0;0;0;0;0;1;1;0;0;0;0;0;
2004 49 2;902;23044921199;7;0;0;0;0;0;0;0;0;0;0;0;0;
2004 49 2;903;23044920702;7;0;0;0;0;0;1;1;0;0;0;0;0;
2004 49 2;904;23044750131;2;0;0;1;1;0;0;0;0;0;0;0;0;
2004 49 2;905;23044920540;1;0;0;0;0;0;1;1;0;0;0;0;0;
2004 49 2;906;23044921078;1;0;0;0;0;0;0;0;0;0;0;0;0;
2004 49 2;907;23044920622;1;0;0;0;0;0;1;1;0;0;0;0;0;
2004 49 2;908;23044921269;1;0;0;0;0;0;0;0;0;0;0;0;0;
2004 49 2;909;23044920996;1;0;0;0;0;0;1;1;0;0;0;0;0;
2004 49 2;910;23044920810;1;0;0;0;0;0;0;0;0;0;0;0;0;
2004 49 2;911;23044920621;1;0;0;0;0;0;1;1;0;0;0;0;0;
2004 49 2;912;23044920819;1;0;0;0;0;0;0;0;0;0;0;0;0;
2004 49 2;913;23044920267;1;0;1;1;1;0;1;1;0;0;1;0;1;
2004 49 2;914;23044920864;1;0;0;0;0;0;0;0;0;0;0;0;0;
2004 49 2;915;23044921094;1;0;0;0;0;0;0;0;0;0;0;0;0;
2004 49 2;916;23044920815;1;0;0;0;0;0;0;0;0;0;0;0;0;
2004 49 2;917;23044920617;1;0;0;0;0;0;1;1;0;0;0;0;0;
2004 49 2;918;23044920825;1;0;0;0;0;0;0;0;0;0;0;0;0;
2004 49 2;919;23044920484;1;0;0;0;0;0;1;1;0;0;0;0;0;
2004 49 2;920;23044930172;1;0;1;0;0;0;0;0;0;0;0;0;0;
2004 49 2;921;23044640216;8;0;0;1;1;0;1;1;0;0;0;0;0;
2004 49 2;922;23044920752;8;0;0;0;0;0;0;0;0;0;0;0;0;
2004 49 2;923;23044920586;8;0;0;0;0;0;1;1;0;0;0;0;0;
2004 49 2;924;23044930286;8;0;0;0;0;0;0;0;0;0;0;0;0;
2004 49 2;925;23044920581;8;0;0;0;0;0;1;1;0;0;0;0;0;
2004 49 2;926;23044920818;8;1;0;0;0;0;0;0;0;0;0;0;1;
2004 49 2;927;23044920229;8;0;1;1;1;0;1;1;0;0;1;0;0;
2004 49 2;928;23044920778;8;0;0;0;0;0;0;0;0;0;0;0;0;
2004 49 2;929;23044921243;8;0;0;0;0;0;0;0;0;0;0;0;0;
2004 49 2;930;23044920569;8;0;0;0;0;0;1;1;0;0;0;0;0;
2004 49 2;931;23044920771;8;0;0;0;0;0;0;0;0;0;0;0;0;
2004 49 2;932;23044920772;8;0;0;0;0;0;0;0;0;0;0;0;0;
2004 49 2;933;23044640134;8;0;0;1;1;0;1;1;0;0;1;0;0;
2004 49 2;934;23044921267;1;0;0;0;0;0;0;0;0;0;0;0;0;
2004 49 2;935;23044921105;1;0;0;0;0;0;0;0;0;0;0;0;0;
2004 49 2;936;23044921098;1;0;0;0;0;0;0;0;0;0;0;0;0;
2004 49 2;937;23044921065;1;0;0;0;0;0;0;0;0;0;0;0;0;
2004 49 2;938;23044920812;1;0;0;0;0;0;0;0;0;0;0;0;0;
2004 49 2;939;23044640042;2;0;0;1;1;0;1;1;0;0;0;0;0;
2004 49 2;940;23044930189;6;0;1;0;0;0;0;0;0;0;0;0;0;
2004 49 2;941;23044920712;6;0;0;0;0;0;1;1;0;0;0;0;0;
2004 49 2;942;23044930248;6;0;0;0;0;0;0;0;0;0;0;0;0;
2004 49 2;943;23044920437;6;0;0;0;0;0;1;1;0;0;0;0;0;
2004 49 2;944;23044920927;6;0;0;0;0;0;0;0;0;0;0;0;0;
2004 49 2;945;23044920139;6;0;0;1;1;0;0;0;0;1;0;0;1;
2004 49 2;946;23044920723;6;0;0;0;0;0;1;1;0;0;0;0;0;
2004 49 2;947;23044930193;6;0;1;0;0;0;0;0;0;0;0;0;0;
2004 49 2;948;23044920981;6;0;0;0;0;0;1;1;0;0;0;0;0;
2004 49 2;949;23044921212;7;0;0;0;0;0;0;0;0;0;0;0;0;
2004 49 2;950;23044920703;7;0;0;0;0;0;1;1;0;0;0;0;0;
2004 49 2;951;23044920915;7;0;0;0;0;0;0;0;0;0;0;0;0;
2004 49 2;952;23044920790;7;0;0;1;0;0;1;1;0;0;0;0;0;
2004 49 2;953;23044920889;7;0;0;0;0;0;0;0;0;0;0;0;0;
2004 49 2;954;23044920193;7;1;0;0;1;0;0;0;0;0;0;0;0;
2004 49 2;955;23044920682;7;0;0;0;0;0;1;1;0;0;0;0;0;
2004 49 2;956;23044921195;7;0;0;0;0;0;0;0;0;0;0;0;0;
2004 49 2;957;23044921034;7;0;0;0;0;0;1;1;0;0;0;0;0;
2004 49 2;958;23044921232;7;0;0;0;0;0;0;0;0;0;0;0;0;
2004 49 2;959;23044920685;7;0;0;0;0;0;1;1;0;0;0;0;0;
2004 49 2;960;23044650252;7;0;0;1;1;0;0;0;0;0;0;0;0;
2004 49 2;961;23044920546;7;0;0;0;0;0;1;1;0;0;0;0;0;
2004 49 2;962;23044920895;7;0;0;0;0;0;0;0;0;0;0;0;0;
2004 49 2;963;23044921204;7;0;0;0;0;0;0;0;0;0;0;0;0;
2004 49 2;964;23044920886;7;0;0;0;0;0;0;0;0;0;0;0;0;
2004 49 2;965;23044921020;7;0;0;0;0;0;1;1;0;0;0;0;0;
2004 49 2;966;23044920143;7;1;0;1;1;0;0;0;0;0;1;0;1;
2004 49 2;967;23044920545;7;0;0;0;0;0;1;1;0;0;0;0;0;
2004 49 2;968;23044921185;7;0;0;0;0;0;0;0;0;0;0;0;0;
2004 49 2;969;23044920694;7;0;0;0;0;0;1;1;0;0;0;0;0;
2004 49 2;970;23044930217;13;0;1;0;0;0;0;0;0;0;0;0;0;
2004 49 2;971;23044640665;13;0;0;0;0;0;1;0;1;0;1;0;0;
2004 49 2;972;23044750250;13;0;0;1;1;0;0;0;0;0;0;0;0;
2004 49 2;973;23044920531;7;0;0;0;0;1;1;1;0;0;0;0;0;
2004 49 2;974;23044921206;7;0;0;0;0;0;0;0;0;0;0;0;0;
2004 49 2;975;23044920700;7;0;0;0;0;0;1;1;0;0;0;0;0;
2004 49 2;976;23044921221;7;0;0;0;0;0;0;0;0;0;0;0;0;
2004 49 2;977;23044920353;13;0;1;0;0;0;1;1;0;0;0;0;0;
2004 49 2;978;23044710201;2;1;0;0;1;0;0;0;0;0;0;0;0;
2004 49 2;979;23044920908;7;0;0;0;0;0;0;0;0;0;0;0;0;
2004 49 2;980;23044921017;7;0;0;0;0;0;1;1;0;0;0;0;0;
2004 49 2;981;23044920887;7;0;0;0;0;0;0;0;0;0;0;0;0;
2004 49 2;982;23044921008;1;0;0;0;0;0;1;1;0;0;0;0;0;
2004 49 2;983;23044920806;1;0;0;0;0;0;0;0;0;0;0;0;0;
2004 49 2;984;23044920250;1;0;1;0;1;0;1;1;0;0;0;0;0;
2004 49 2;985;23044920835;1;0;0;0;0;0;0;0;0;0;0;0;0;
2004 49 2;986;23044920630;1;0;0;0;0;0;1;1;0;0;0;0;0;
2004 49 2;987;23044920813;1;0;0;0;0;0;0;0;0;0;0;0;0;
2004 49 2;988;23044920590;1;0;0;0;0;0;1;1;0;0;0;0;0;
2004 49 2;989;23044920845;1;0;0;0;0;0;0;0;0;0;0;0;0;
2004 49 2;990;23044921059;1;0;0;0;0;0;0;0;0;0;0;0;0;
2004 49 2;991;23044920625;1;0;0;0;0;0;1;1;0;0;0;0;0;
2004 49 2;992;23044710086;13;1;0;0;1;0;0;0;0;0;0;0;0;
2004 49 2;993;23044640323;13;0;0;1;0;0;1;0;1;0;0;0;0;
2004 49 2;994;23044930220;13;0;1;0;0;0;0;0;0;0;0;0;0;
2004 49 2;995;23044920870;1;0;0;0;0;0;0;0;0;0;0;0;0;
2004 49 2;996;23044921291;1;0;0;0;0;0;1;1;0;0;0;0;0;
2004 49 2;997;23044921077;1;0;0;0;0;0;0;0;0;0;0;0;0;
2004 49 2;998;23044921280;1;0;0;0;0;0;0;0;0;0;0;0;0;
2004 49 2;999;23044640414;1;0;0;1;0;0;1;0;1;0;0;0;0;
2004 49 2;1000;23044920457;1;0;0;0;0;0;0;0;0;0;0;0;0;
2004 49 2;1001;23044930224;13;0;1;0;0;0;0;0;0;0;0;0;0;
2004 49 2;1002;23044640448;8;0;0;0;0;0;1;0;1;0;0;0;0;
2004 49 2;1003;23044820035;8;0;0;0;1;0;0;0;0;0;0;0;1;
2004 49 2;1004;23044921241;8;0;0;0;0;0;0;0;0;0;0;0;0;
2004 49 2;1005;23044920472;8;0;0;1;0;0;0;0;0;1;0;0;0;
2004 49 2;1006;23044920509;8;0;0;0;0;0;0;0;0;0;0;0;0;
2004 49 2;1007;23044920534;8;0;0;0;0;0;1;1;0;0;0;0;0;
2004 49 2;1008;23044921254;8;0;0;0;0;0;0;0;0;0;0;0;0;
2004 49 2;1009;23044920582;8;0;0;0;0;0;1;1;0;0;0;0;0;
2004 49 2;1010;23044810207;8;1;0;0;1;0;0;0;0;0;0;0;0;
2004 49 2;1011;23044920548;8;0;0;0;0;0;1;1;0;0;0;0;0;
2004 49 2;1012;23044920458;8;0;0;0;0;0;0;0;0;0;0;0;0;
2004 49 2;1013;23044920556;8;0;0;0;0;0;1;1;0;0;0;0;0;
2004 49 2;1014;23044920750;8;0;0;0;0;0;0;0;0;0;0;0;0;
2004 49 2;1015;23044921258;8;0;0;0;0;0;0;0;0;0;0;0;0;
2004 49 2;1016;23044921253;8;0;0;0;0;0;0;0;0;0;0;0;0;
2004 49 2;1017;23044640367;8;0;0;0;0;0;1;0;1;0;0;0;1;
2004 49 2;1018;23044820164;8;0;0;1;1;0;0;0;0;0;0;0;0;
2004 49 2;1019;23044920392;6;0;1;0;0;0;1;1;0;0;0;0;0;
2004 49 2;1020;23044921177;6;0;0;0;0;0;0;0;0;0;0;0;0;
2004 49 2;1021;23044920968;6;0;0;0;0;0;1;1;0;0;0;0;0;
2004 49 2;1022;23044921176;6;0;0;0;0;0;0;0;0;0;0;0;0;
2004 49 2;1023;23044920711;6;0;0;0;0;0;1;1;0;0;0;0;0;
2004 49 2;1024;23044921171;6;0;0;0;0;0;0;0;0;0;0;0;0;
2004 49 2;1025;23044930237;6;0;0;0;0;0;0;0;0;0;0;0;0;
2004 49 2;1026;23044920394;6;0;1;0;0;0;1;1;0;0;0;0;0;
2004 49 2;1027;23044610081;6;1;0;1;1;0;0;0;0;0;0;0;0;
2004 49 2;1028;23044920718;6;0;0;0;0;0;1;1;0;0;0;0;0;
2004 49 2;1029;23044921166;6;0;0;0;0;0;0;0;0;0;0;0;0;
2004 49 2;1030;23044920971;6;0;0;0;0;0;1;1;0;0;0;0;0;
2004 49 2;1031;23044930238;6;0;0;0;0;0;0;0;0;0;0;0;0;
2004 49 2;1032;23044921160;6;0;0;0;0;0;0;0;0;0;0;0;0;
2004 49 2;1033;23044920393;6;0;1;0;0;0;1;1;0;0;0;0;0;
2004 49 2;1034;23044810126;2;0;0;1;1;0;0;0;0;0;0;0;0;
2004 49 2;1035;23044921120;10;0;0;0;0;0;0;0;0;0;0;0;0;
2004 49 2;1036;23044920953;10;0;0;0;0;0;0;0;0;0;0;0;0;
2004 49 2;1037;23044920945;10;0;0;0;0;0;0;0;0;0;0;0;0;
2004 49 2;1038;23044921119;10;0;0;0;0;0;0;0;0;0;0;0;0;
2004 49 2;1039;23044920734;10;0;0;0;0;0;1;1;0;0;0;0;0;
2004 49 2;1040;23044810074;13;1;0;0;1;0;0;0;0;0;0;0;0;
2004 49 2;1041;23044920373;13;0;1;0;0;0;1;1;0;0;0;0;0;
2004 49 2;1042;23044920507;13;0;0;1;0;0;0;0;0;0;0;0;0;
2004 49 2;1043;23044920469;3;0;0;0;0;1;1;1;0;0;0;0;0;
2004 49 2;1044;23044920510;3;0;0;0;0;0;1;1;0;0;0;0;0;
2004 49 2;1045;23044921182;3;0;0;0;0;0;1;1;0;0;0;0;0;
2004 49 2;1046;23044810111;2;0;0;0;1;0;0;0;0;0;0;0;1;
2004 49 2;1047;23044920720;6;0;0;0;0;0;1;1;0;0;0;0;0;
2004 49 2;1048;23044920919;6;0;0;0;0;0;0;0;0;0;0;0;0;
2004 49 2;1049;23044920985;6;0;0;0;0;0;1;1;0;0;0;0;0;
2004 49 2;1050;23044921178;6;0;0;0;0;0;0;0;0;0;0;0;0;
2004 49 2;1051;23044920983;6;0;0;0;0;0;1;1;0;0;0;0;0;
2004 49 2;1052;23044810075;6;0;0;1;1;0;0;0;0;0;0;0;0;
2004 49 2;1053;23044920967;6;0;0;0;0;0;1;1;0;0;0;0;0;
2004 49 2;1054;23044930194;6;0;1;0;0;0;0;0;0;0;0;0;0;
2004 49 2;1055;23044920974;6;0;0;0;0;0;1;1;0;0;0;0;0;
2004 49 2;1056;23044920936;6;0;0;0;0;0;0;0;0;0;0;0;0;
2004 49 2;1057;23044920970;6;0;0;0;0;0;1;1;0;0;0;0;0;
2004 49 2;1058;23044810110;6;0;0;1;1;0;0;0;0;0;1;0;1;
2004 49 2;1059;23044920977;6;0;0;0;0;0;1;1;0;0;0;0;0;
2004 49 2;1060;23044921174;6;0;0;0;0;0;0;0;0;0;0;0;0;
2004 49 2;1061;23044920398;6;0;1;0;0;0;1;1;0;0;0;0;0;
2004 49 2;1062;23044920486;6;0;0;0;0;0;0;0;0;1;0;0;0;
2004 49 2;1063;23044920709;6;0;0;0;0;0;1;1;0;0;0;0;0;
2004 49 2;1064;23044920251;2;0;0;1;1;0;0;0;0;0;0;0;0;
2004 49 2;1065;23044921115;10;0;0;0;0;0;0;0;0;0;0;0;0;
2004 49 2;1066;23044920745;10;0;0;0;0;0;1;1;0;0;0;0;0;
2004 49 2;1067;23044920946;10;0;0;0;0;0;0;0;0;0;0;0;0;
2004 49 2;1068;23044921152;10;0;0;0;0;0;0;0;0;0;0;0;0;
2004 49 2;1069;23044921117;10;0;0;0;0;0;0;0;0;0;0;0;0;
2004 49 2;1070;23044920136;2;1;0;1;1;0;0;0;0;0;0;1;1;
2004 49 2;1071;23044920418;1;0;1;0;0;0;1;1;0;0;0;0;0;
2004 49 2;1072;23044921068;1;0;0;0;0;0;0;0;0;0;0;0;0;
2004 49 2;1073;23044920594;1;0;0;0;0;0;1;1;0;0;0;0;0;
2004 49 2;1074;23044921274;1;0;0;0;0;0;0;0;0;0;0;0;0;
2004 49 2;1075;23044920646;1;0;0;0;0;0;1;1;0;0;0;0;0;
2004 49 2;1076;23044820012;2;0;0;0;1;0;0;0;0;0;0;0;0;
2004 49 2;1077;23044640373;2;0;0;1;0;0;1;0;1;0;0;0;0;
2004 49 2;1078;23044930209;13;0;1;0;0;0;0;0;0;0;0;0;0;
2004 49 2;1079;23044921154;10;0;0;0;0;0;0;0;0;0;0;0;0;
2004 49 2;1080;23044920748;10;0;0;0;0;0;1;1;0;0;0;0;0;
2004 49 2;1081;23044921150;10;0;0;0;0;0;0;0;0;0;0;0;0;
2004 49 2;1082;23044920154;2;0;0;0;1;0;0;0;0;0;0;0;0;
2004 49 2;1083;23044640508;6;0;0;1;0;0;1;0;1;0;0;0;0;
2004 49 2;1084;23044920440;6;1;0;0;0;0;0;0;0;0;1;0;0;
2004 49 2;1085;23044920920;6;0;0;0;0;0;0;0;0;0;0;0;0;
2004 49 2;1086;23044930192;6;0;1;0;0;0;0;0;0;0;0;0;0;
2004 49 2;1087;23044920984;6;0;0;0;0;0;1;1;0;0;0;0;0;
2004 49 2;1088;23044920934;6;0;0;0;0;0;0;0;0;0;0;0;0;
2004 49 2;1089;23044820136;5;0;0;0;1;0;0;0;0;0;0;0;0;
2004 49 2;1090;23044920966;5;0;0;0;0;0;0;0;0;0;0;0;0;
2004 49 2;1091;23044640592;5;0;0;0;0;0;1;0;1;0;0;0;0;
2004 49 2;1092;23044920490;5;0;0;0;0;0;0;0;0;0;0;0;0;
2004 49 2;1093;23044930218;13;0;1;0;0;0;0;0;0;0;0;0;0;
2004 49 2;1094;23044640453;12;0;0;0;0;0;1;0;1;0;1;0;0;
2004 49 2;1095;23045040024;12;0;0;0;1;0;1;1;0;0;0;0;0;
2004 49 2;1096;23044920962;12;0;0;0;0;0;0;0;0;0;0;0;0;
2004 49 2;1097;23044920515;12;0;0;1;0;0;0;0;0;1;0;0;0;
2004 49 2;1098;23044820238;12;0;0;0;0;1;1;1;0;0;0;0;0;
2004 49 2;1099;23044920826;1;0;0;0;0;0;0;0;0;0;0;0;0;
2004 49 2;1100;23044640450;1;0;0;0;0;0;1;0;1;0;0;0;0;
2004 49 2;1101;23044920103;1;1;1;0;1;0;0;0;0;0;0;0;0;
2004 49 2;1102;23044920601;1;0;0;0;0;0;1;1;0;0;0;0;0;
2004 49 2;1103;23044921087;1;0;0;0;0;0;0;0;0;0;0;0;0;
2004 49 2;1104;23044920626;1;0;0;0;0;0;1;1;0;0;0;0;0;
2004 49 2;1105;23044921099;1;0;0;0;0;0;0;0;0;0;0;0;0;
2004 49 2;1106;23044921272;1;0;0;0;0;0;0;0;0;0;0;0;0;
2004 49 2;1107;23044920800;1;0;0;0;0;0;0;0;0;0;0;0;0;
2004 49 2;1108;23044920610;1;0;0;0;0;0;1;1;0;0;0;0;0;
2004 49 2;1109;23044650180;4;0;0;1;1;0;0;0;0;0;1;0;0;
2004 49 2;1110;23044920446;4;0;0;0;0;0;0;0;0;0;0;0;0;
2004 49 2;1111;23044920713;6;0;0;0;0;0;1;1;0;0;0;0;0;
2004 49 2;1112;23044930195;6;0;1;0;0;0;0;0;0;0;0;0;0;
2004 49 2;1113;23044920972;6;0;0;0;0;0;1;1;0;0;0;0;0;
2004 49 2;1114;23044921173;6;0;0;0;0;0;0;0;0;0;0;0;0;
2004 49 2;1115;23044720119;13;0;0;0;1;0;0;0;0;0;1;0;0;
2004 49 2;1116;23044920535;13;0;0;0;0;0;0;0;0;0;0;0;0;
2004 49 2;1117;23044920485;13;0;0;0;0;0;1;1;0;0;0;0;0;
2004 49 2;1118;23044920506;13;0;0;1;0;0;0;0;0;0;0;0;0;
2004 49 2;1119;23044920478;13;1;0;0;0;0;0;0;0;0;0;0;0;
2004 49 2;1120;23044930199;13;0;1;0;0;0;0;0;0;0;0;0;0;
2004 49 2;1121;23044640292;13;0;0;0;0;0;1;0;1;0;1;0;0;
2004 49 2;1122;23044920513;13;0;0;0;0;0;0;0;0;0;0;0;0;
2004 49 2;1123;23044920494;13;0;0;0;0;0;0;0;0;0;0;0;0;
2004 49 2;1124;23044750247;13;0;0;1;1;0;0;0;0;0;0;0;0;
2004 49 2;1125;23044920460;13;0;0;0;0;0;1;1;0;0;0;0;0;
2004 49 2;1126;23044920466;13;0;0;0;0;0;0;0;0;0;0;0;0;
2004 49 2;1127;23044640443;13;0;0;0;0;0;1;0;1;0;0;0;0;
2004 49 2;1128;23044920958;13;0;0;0;0;0;1;1;0;0;0;0;0;
2004 49 2;1129;23044930223;13;0;1;0;0;0;0;0;0;0;0;0;0;
2004 49 2;1130;23044920965;13;0;0;0;0;0;1;1;0;0;0;0;0;
2004 49 2;1131;23044640325;11;0;0;0;0;0;1;0;1;0;1;0;0;
2004 49 2;1132;23044640043;11;0;0;1;1;0;1;1;0;1;0;0;1;
2004 49 2;1133;23044920453;11;0;0;0;0;0;0;0;0;0;0;0;1;
2004 49 2;1134;23044640877;11;0;0;0;0;0;1;0;1;0;0;0;0;
2004 49 2;1135;23044920495;11;0;0;0;0;0;0;0;0;0;0;0;0;
2004 49 2;1136;23044920442;13;0;0;0;0;0;0;0;0;0;0;0;0;
2004 49 2;1137;23044920358;13;0;1;0;0;0;1;1;0;0;0;0;0;
2004 49 2;1138;23044750158;2;1;0;0;1;0;0;0;0;0;1;0;0;
2004 49 2;1139;23044640545;2;0;0;1;0;0;1;0;1;0;0;0;0;
2004 49 2;1140;23044920511;2;0;0;0;0;0;0;0;0;0;0;0;0;
2004 49 2;1141;23044920681;7;0;0;0;0;0;1;1;0;0;0;0;0;
2004 49 2;1142;23044921222;7;0;0;0;0;0;0;0;0;0;0;0;0;
2004 49 2;1143;23044640501;7;0;0;0;0;0;1;0;1;0;0;0;0;
2004 49 2;1144;23044921224;7;0;0;0;0;0;0;0;0;0;0;0;0;
2004 49 2;1145;23044920204;7;0;1;1;1;0;1;1;0;0;0;0;0;
2004 49 2;1146;23044920882;7;0;0;0;0;0;0;0;0;0;0;0;0;
2004 49 2;1147;23044920678;7;0;0;0;0;0;1;1;0;0;0;0;0;
2004 49 2;1148;23044920906;7;0;0;0;0;0;0;0;0;0;0;0;0;
2004 49 2;1149;23044920691;7;0;0;0;0;0;1;1;0;0;0;0;0;
2004 49 2;1150;23044921187;7;0;0;0;0;0;0;0;0;0;0;0;0;
2004 49 2;1151;23044820140;7;0;0;1;1;0;0;0;0;0;0;0;0;
2004 49 2;1152;23044920698;7;0;0;0;0;0;1;1;0;0;0;0;0;
2004 49 2;1153;23044920897;7;0;0;0;0;0;0;0;0;0;0;0;0;
2004 49 2;1154;23044920692;7;0;0;0;0;0;1;1;0;0;0;0;0;
2004 49 2;1155;23044921183;7;0;0;0;0;0;0;0;0;0;0;0;0;
2004 49 2;1156;23044921022;7;0;0;0;0;0;1;1;0;0;0;0;0;
2004 49 2;1157;23044750072;7;0;0;0;1;0;0;0;0;0;0;0;1;
2004 49 2;1158;23044921031;7;0;0;0;0;0;1;1;0;0;0;0;0;
2004 49 2;1159;23044930206;13;0;1;0;0;0;0;0;0;0;0;0;0;
2004 49 2;1160;23044921140;10;0;0;0;0;0;0;0;0;0;0;0;0;
2004 49 2;1161;23044920951;10;0;0;0;0;0;0;0;0;0;0;0;0;
2004 49 2;1162;23044640412;10;0;0;1;0;0;1;0;1;0;0;0;0;
2004 49 2;1163;23044820032;9;0;0;0;1;0;0;0;0;0;0;0;0;
2004 49 2;1164;23044920651;9;0;0;0;0;0;1;1;0;0;0;0;0;
2004 49 2;1165;23044920957;9;0;0;0;0;0;1;1;0;0;0;0;0;
2004 49 2;1166;23044920649;9;0;0;0;0;0;1;1;0;0;0;0;0;
2004 49 2;1167;23044920662;9;0;0;0;0;0;1;1;0;0;0;0;0;
2004 49 2;1168;23044920655;9;0;0;0;0;0;1;1;0;0;0;0;0;
2004 49 2;1169;23044810180;9;1;1;1;1;0;0;0;0;0;0;0;1;
2004 49 2;1170;23044920657;9;0;0;0;0;0;1;1;0;0;0;0;0;
2004 49 2;1171;23044921049;9;0;0;0;0;0;1;1;0;0;0;0;0;
2004 49 2;1172;23044921051;9;0;0;0;0;0;1;1;0;0;0;0;0;
2004 49 2;1173;23044921045;9;0;0;0;0;0;1;1;0;0;0;0;0;
2004 49 2;1174;23044920452;9;0;0;0;0;0;1;1;0;0;0;0;0;
2004 49 2;1175;23044810139;9;0;0;1;1;0;0;0;0;0;0;0;0;
2004 49 2;1176;23044920652;9;0;0;0;0;0;1;1;0;0;0;0;0;
2004 49 2;1177;23044920938;10;0;0;0;0;0;0;0;0;0;0;0;0;
2004 49 2;1178;23044921112;10;0;0;0;0;0;0;0;0;0;0;0;0;
2004 49 2;1179;23044920735;10;0;0;0;0;0;1;1;0;0;0;0;0;
2004 49 2;1180;23044930203;13;0;1;0;0;0;0;0;0;0;0;0;0;
2004 49 2;1181;23045150133;7;0;0;0;0;0;1;1;0;0;0;0;0;
2004 49 2;1182;23044740084;7;1;0;1;1;0;0;0;0;1;0;0;0;
2004 49 2;1183;23044920912;7;0;0;0;0;0;0;0;0;0;0;0;0;
2004 49 2;1184;23045220087;7;0;0;0;0;0;1;1;0;0;0;0;0;
2004 49 2;1185;23044921186;7;0;0;0;0;0;0;0;0;0;0;0;0;
2004 49 2;1186;23044920909;7;0;0;0;0;0;0;0;0;0;0;0;0;
2004 49 2;1187;23045220092;7;0;0;0;0;0;1;1;0;0;0;0;0;
2004 49 2;1188;23044920520;7;0;0;0;0;0;0;0;0;0;0;0;0;
2004 49 2;1189;23044920146;7;0;0;0;1;0;1;1;0;0;0;0;0;
2004 49 2;1190;23044920899;7;0;0;0;0;0;0;0;0;0;0;0;0;
2004 49 2;1191;23044920911;7;0;0;0;0;0;0;0;0;0;0;0;0;
2004 49 2;1192;23045220088;7;0;0;0;0;0;1;1;0;0;0;0;0;
2004 49 2;1193;23044921207;7;0;0;0;0;0;0;0;0;0;0;0;0;
2004 49 2;1194;23045230007;7;0;0;0;0;0;1;1;0;0;0;0;0;
2004 49 2;1195;23044750256;13;1;0;1;1;0;0;0;0;0;0;0;0;
2004 49 2;1196;23044920347;13;0;1;0;0;0;1;1;0;0;0;0;0;
2004 49 2;1197;23044920820;1;0;0;0;0;0;0;0;0;0;0;0;0;
2004 49 2;1198;23044921074;1;0;0;0;0;0;0;0;0;0;0;0;0;
2004 49 2;1199;23044920999;1;0;0;0;0;0;1;1;0;0;0;0;0;
2004 49 2;1200;23044921061;1;0;0;0;0;0;0;0;0;0;0;0;0;
2004 49 2;1201;23044920638;1;0;0;0;0;0;1;1;0;0;0;0;0;
2004 49 2;1202;23044810189;1;0;0;0;1;0;0;0;0;0;0;0;1;
2004 49 2;1203;23044920588;1;0;0;0;0;0;1;1;0;0;0;0;0;
2004 49 2;1204;23044921081;1;0;0;0;0;0;0;0;0;0;0;0;0;
2004 49 2;1205;23044921003;1;0;0;0;0;0;1;1;0;0;0;0;0;
2004 49 2;1206;23044921096;1;0;0;0;0;0;0;0;0;0;0;0;0;
2004 49 2;1207;23044920447;1;0;0;0;0;0;1;1;0;0;0;0;0;
2004 49 2;1208;23044930184;1;0;1;0;0;0;0;0;0;0;0;0;0;
2004 49 2;1209;23044920794;1;0;0;0;0;0;0;0;0;0;0;0;0;
2004 49 2;1210;23044820056;2;1;0;1;1;0;0;0;0;1;0;0;0;
2004 49 2;1211;23044921004;1;0;0;0;0;0;1;1;0;0;0;0;0;
2004 49 2;1212;23044920827;1;0;0;0;0;0;0;0;0;0;0;0;0;
2004 49 2;1213;23044921263;1;0;0;0;0;0;0;0;0;0;0;0;0;
2004 49 2;1214;23044640472;1;0;0;0;0;0;1;0;1;0;0;0;0;
2004 49 2;1215;23044930185;1;0;1;0;0;0;0;0;0;0;0;0;0;
2004 49 2;1216;23044920873;1;0;0;0;0;0;0;0;0;0;0;0;0;
2004 49 2;1217;23044920993;1;0;0;0;0;0;1;1;0;0;0;0;0;
2004 49 2;1218;23044930604;1;0;0;0;0;0;0;0;0;0;0;0;0;
2004 49 2;1219;23044750221;1;0;0;1;1;0;0;0;0;0;0;0;0;
2004 49 2;1220;23044921284;1;0;0;0;0;0;1;1;0;0;0;0;0;
2004 49 2;1221;23044930763;1;0;0;0;0;0;0;0;0;0;0;0;0;
2004 49 2;1222;23044920399;1;0;1;0;0;0;1;1;0;0;0;0;0;
2004 49 2;1223;23044920874;1;0;0;0;0;0;0;0;0;0;0;0;0;
2004 49 2;1224;23050120238;1;0;0;0;0;0;1;1;0;0;0;0;0;
2004 49 2;1225;23044920130;1;0;0;0;1;0;0;0;0;0;0;0;0;
2004 49 2;1226;23050120242;1;0;0;0;0;0;1;1;0;0;0;0;0;
2004 49 2;1227;23044921080;1;0;0;0;0;0;0;0;0;0;0;0;0;
2004 49 2;1228;23044440120;1;0;0;0;0;0;1;1;0;0;0;0;0;
2004 49 2;1229;23045150015;1;0;0;0;0;0;0;0;0;0;0;0;0;
2004 49 2;1230;23044920414;1;0;1;0;0;0;1;1;0;0;0;0;0;
2004 49 2;1231;23044750255;8;1;0;1;1;0;0;0;0;0;0;0;0;
2004 49 2;1232;23044930303;8;0;0;0;0;0;0;0;0;0;0;0;0;
2004 49 2;1233;23044921249;8;0;0;0;0;0;0;0;0;0;0;0;0;
2004 49 2;1234;23044920584;8;0;0;0;0;0;1;1;0;0;0;0;0;
2004 49 2;1235;23044920760;8;0;0;0;0;0;0;0;0;0;0;0;0;
2004 49 2;1236;23044920555;8;0;0;0;0;0;1;1;0;0;0;0;0;
2004 49 2;1237;23044920113;8;0;0;1;1;0;0;0;0;0;0;0;0;
2004 49 2;1238;23044921240;8;0;0;0;0;0;0;0;0;0;0;0;0;
2004 49 2;1239;23044920395;6;0;1;0;0;0;1;1;0;0;0;0;0;
2004 49 2;1240;23044920932;6;0;0;0;0;0;0;0;0;0;0;0;0;
2004 49 2;1241;23044920929;6;0;0;0;0;0;0;0;0;0;0;0;0;
2004 49 2;1242;23044920726;6;0;0;0;0;0;1;1;0;0;0;0;0;
2004 49 2;1243;23044750096;2;0;0;1;1;0;0;0;0;0;0;0;1;
2004 49 2;1244;23050120255;7;0;0;0;0;0;1;1;0;0;0;0;0;
2004 49 2;1245;23045120049;7;0;0;0;0;0;0;0;0;0;0;0;0;
2004 49 2;1246;23044640445;7;0;0;0;0;0;1;0;1;0;0;0;0;
2004 49 2;1247;23050240018;7;0;0;0;0;0;0;0;0;0;0;0;0;
2004 49 2;1248;23050120237;7;0;0;0;0;0;1;1;0;0;0;0;0;
2004 49 2;1249;23044920124;2;0;0;0;1;0;0;0;0;0;0;0;0;
2004 49 2;1250;23044920439;2;1;0;1;0;0;0;0;0;0;0;0;0;
2004 49 2;1251;23044640411;2;0;0;0;0;0;1;0;1;0;0;0;0;
2004 49 2;1252;23044930156;2;0;1;0;0;0;0;0;0;0;0;0;0;
2004 49 2;1253;23044920516;2;0;0;0;0;0;1;1;0;0;0;0;0;
2004 49 2;1254;23044820165;2;0;0;0;1;0;0;0;0;0;0;0;1;
2004 49 2;1255;23044920505;2;0;0;0;0;0;1;1;0;0;0;0;0;
2004 49 2;1256;23044920467;2;0;0;0;0;0;0;0;0;0;0;0;0;
2004 49 2;1257;23044740238;2;0;0;0;0;0;0;0;0;0;0;0;0;
2004 49 2;1258;23044640513;2;0;0;1;0;0;1;0;1;0;0;0;0;
2004 49 2;1259;23044930154;2;0;1;0;0;0;0;0;0;0;0;0;0;
2004 49 2;1260;23044530206;2;0;0;0;1;0;1;1;0;0;0;0;0;