Date;SeqRank;Ident;Paint Color;HPRC1;HPRC2;HPRC3;HPRC4;HPRC5;HPRC6;HPRC7;HPRC8;HPRC9;LPRC1;LPRC2;
2004 48 5;777;64044850094;5;1;0;0;0;0;0;0;0;0;0;0;
2004 48 5;778;64044850169;5;1;0;0;0;0;0;1;0;0;0;0;
2004 48 5;779;64044850807;5;0;1;0;0;0;0;0;0;0;0;0;
2004 48 5;780;64044850837;5;1;0;0;0;0;0;0;1;0;1;1;
2004 48 5;781;64044850172;5;1;0;0;0;0;0;1;0;0;0;0;
2004 48 5;782;64044850768;5;0;1;0;0;0;0;0;0;0;0;0;
2004 48 5;783;64044850124;5;1;0;0;0;0;0;0;0;0;0;0;
2004 48 5;784;64044850146;5;1;0;0;0;0;0;1;0;0;0;0;
2004 48 5;785;64044850107;5;1;0;0;0;0;0;0;0;0;0;0;
2004 48 5;786;64044850029;5;0;1;1;0;0;0;1;0;1;0;0;
2004 48 5;787;64044851018;5;0;1;0;0;0;0;0;0;0;1;1;
2004 48 5;788;64044910701;5;1;0;0;0;0;0;1;0;0;0;0;
2004 48 5;789;64044850116;5;1;0;0;0;0;0;0;0;0;0;0;
2004 48 5;790;64044850862;5;0;1;0;0;1;0;1;1;0;0;0;
2004 48 5;791;64044851083;5;1;0;0;0;0;0;0;0;0;1;1;
2004 48 5;792;64044910098;5;1;0;0;0;0;0;1;0;0;0;0;
2004 48 5;793;64044851019;5;0;1;0;0;0;0;0;0;0;1;1;
2004 48 5;794;64044850141;5;1;0;0;0;0;0;1;0;0;0;0;
2004 48 5;795;64044850066;5;0;1;0;0;0;0;0;0;0;0;0;
2004 48 5;796;64044850012;5;1;0;0;0;0;0;1;0;0;0;0;
2004 48 5;797;64044850053;5;0;1;0;0;0;0;0;0;0;0;0;
2004 48 5;798;64044850011;5;1;0;0;0;0;0;1;0;0;0;0;
2004 48 5;799;64044850083;5;0;1;0;0;0;0;0;0;0;0;0;
2004 48 5;800;64044910490;5;1;0;0;0;0;0;1;0;0;0;0;
2004 48 5;801;64044850844;5;1;0;0;0;0;0;0;0;0;0;0;
2004 48 5;802;64044850178;5;0;1;0;0;0;0;1;0;1;0;0;
2004 48 5;803;64044850845;5;1;0;0;0;0;0;0;0;0;0;0;
2004 48 5;804;64044910272;5;1;0;0;0;0;0;1;0;0;0;0;
2004 48 5;805;64045011037;5;0;1;0;0;0;0;0;0;0;0;1;
2004 48 5;806;64044910629;5;1;0;0;0;0;0;1;0;0;0;0;
2004 48 5;807;64044850806;5;0;1;0;0;0;0;0;0;0;0;0;
2004 48 5;808;64044910458;5;1;0;0;0;0;0;1;0;0;0;0;
2004 48 5;809;64044941061;5;0;1;0;0;0;0;0;0;0;0;0;
2004 48 5;810;64044910720;5;1;0;0;0;0;0;1;0;0;0;0;
2004 48 5;811;64044850848;5;1;0;0;0;0;0;0;0;0;0;0;
2004 48 5;812;64044850021;5;0;1;1;0;0;0;1;0;1;0;0;
2004 48 5;813;64044850849;5;1;0;0;0;0;0;0;0;0;0;0;
2004 48 5;814;64044850634;5;0;1;0;0;0;0;1;0;0;0;0;
2004 48 5;815;64044850133;5;1;0;0;0;0;0;0;0;0;0;0;
2004 48 5;816;64044850872;5;1;0;0;0;0;0;0;0;0;1;0;
2004 48 5;817;64044850228;5;0;1;0;0;1;0;1;1;0;0;0;
2004 48 5;818;64044850656;5;0;1;0;0;0;0;0;0;0;0;1;
2004 48 5;819;64045120032;5;1;0;0;0;0;0;1;0;0;0;0;
2004 48 5;820;64044850163;5;1;0;0;0;0;0;0;0;0;0;0;
2004 48 5;821;64044850024;5;0;1;1;0;0;0;1;0;1;0;0;
2004 48 5;822;64044850164;5;1;0;0;0;0;0;0;0;0;0;0;
2004 48 5;823;64044850225;5;0;1;0;0;0;0;1;0;0;0;0;
2004 48 5;824;64044850111;5;1;0;0;0;0;0;0;0;0;0;0;
2004 48 5;825;64044850448;5;1;0;0;0;0;0;1;0;0;0;0;
2004 48 5;826;64044851043;5;0;1;0;0;0;0;0;0;0;1;1;
2004 48 5;827;64044910665;5;1;0;0;0;0;0;1;0;0;0;1;
2004 48 5;828;64044850064;5;0;1;0;0;0;0;0;0;0;0;0;
2004 48 5;829;64044910508;5;1;0;0;0;0;0;1;0;0;0;0;
2004 48 5;830;64044850655;5;0;1;0;0;0;0;0;0;0;0;0;
2004 48 5;831;64044850113;5;1;0;0;0;0;0;0;0;0;0;0;
2004 48 5;832;64044850003;5;0;1;1;0;0;0;1;0;1;0;0;
2004 48 5;833;64044850052;5;1;0;0;0;0;0;0;1;0;1;0;
2004 48 5;834;64044910074;5;1;0;0;0;0;0;1;0;0;0;0;
2004 48 5;835;64044850681;5;0;1;0;0;0;0;0;0;0;0;0;
2004 48 5;836;64044850119;5;1;0;0;0;0;0;0;0;0;0;0;
2004 48 5;837;64044910833;5;1;0;0;0;0;0;1;0;0;0;0;
2004 48 5;838;64044850775;5;0;1;0;0;0;0;0;0;0;0;1;
2004 48 5;839;64044910837;5;1;0;0;0;0;0;1;0;0;0;0;
2004 48 5;840;64044850188;5;0;1;0;0;0;0;0;0;0;0;0;
2004 48 5;841;64044910706;5;1;0;0;0;0;0;1;0;0;0;0;
2004 48 5;842;64044850889;5;1;0;0;0;0;0;0;1;0;1;0;
2004 48 5;843;64044850023;5;0;1;1;0;0;0;1;0;1;0;0;
2004 48 5;844;64044850109;5;1;0;0;0;0;0;0;0;0;0;0;
2004 48 5;845;64044850878;5;0;1;0;0;0;0;0;0;0;0;1;
2004 48 5;846;64044910525;5;1;0;0;0;0;0;1;0;0;0;0;
2004 48 5;847;64044850063;5;0;1;0;0;0;0;0;0;0;0;0;
2004 48 5;848;64044911061;5;1;0;0;0;0;0;1;1;0;0;0;
2004 48 5;849;64044850114;5;1;0;0;0;0;0;0;0;0;0;0;
2004 48 5;850;64044850464;5;0;1;0;0;0;0;1;0;0;0;0;
2004 48 5;851;64045120015;5;1;0;0;0;0;0;0;0;0;0;0;
2004 48 5;852;64044850194;5;0;1;0;0;0;0;1;1;0;0;0;
2004 48 5;853;64044851078;5;1;0;0;0;0;0;0;0;0;1;1;
2004 48 5;854;64044850045;5;0;1;1;0;0;0;1;0;1;0;0;
2004 48 5;855;64044850126;5;1;0;0;0;0;0;0;0;0;0;0;
2004 48 5;856;64044910136;5;1;0;0;0;0;0;1;0;0;0;0;
2004 48 5;857;64044850127;5;1;0;0;0;0;0;0;0;0;0;0;
2004 48 5;858;64044850198;5;0;1;0;0;0;0;1;0;0;0;0;
2004 48 5;859;64045120017;5;1;0;0;0;0;0;0;0;0;0;0;
2004 48 5;860;64045011036;5;0;1;0;0;1;0;0;0;0;1;1;
2004 48 5;861;64045011038;5;0;1;0;0;0;0;1;0;0;0;1;
2004 48 5;862;64044850128;5;1;0;0;0;0;0;0;0;0;0;0;
2004 48 5;863;64044850161;5;1;0;0;0;0;0;0;0;0;0;0;
2004 48 5;864;64044850189;5;0;1;0;0;0;0;1;0;1;0;0;
2004 48 5;865;64044620660;5;1;0;0;0;0;0;0;0;0;0;0;
2004 48 5;866;64044910533;5;1;0;0;0;0;0;1;0;0;0;0;
2004 48 5;867;64044850896;5;0;1;0;0;0;0;0;1;0;1;1;
2004 48 5;868;64044910779;5;1;0;0;0;0;0;1;0;0;0;0;
2004 48 5;869;64044850676;5;0;1;0;0;0;0;0;0;0;0;0;
2004 48 5;870;64044930179;5;1;0;0;0;0;0;0;0;0;0;0;
2004 48 5;871;64044930525;5;1;0;0;0;0;0;1;0;0;0;0;
2004 48 5;872;64044850797;5;0;1;0;0;0;0;0;0;0;0;0;
2004 48 5;873;64044910467;5;1;0;0;0;0;0;1;0;0;0;0;
2004 48 5;874;64045010231;5;1;0;0;0;0;0;0;0;0;1;0;
2004 48 5;875;64044850246;4;0;1;0;0;0;0;1;0;1;0;0;
2004 49 1;1;64044850811;1;0;1;0;0;0;0;0;0;0;0;0;
2004 49 1;2;64044910269;8;1;0;0;0;0;0;1;0;0;0;0;
2004 49 1;3;64044851017;8;0;1;0;0;0;0;0;0;0;1;1;
2004 49 1;4;64044910173;8;1;0;0;0;0;0;1;0;0;0;0;
2004 49 1;5;64044910396;11;1;0;0;0;0;0;0;0;0;0;0;
2004 49 1;6;64044910155;11;0;1;0;0;1;0;1;0;0;0;0;
2004 49 1;7;64044910795;11;1;0;0;0;0;0;0;0;0;0;0;
2004 49 1;8;64044910730;4;0;1;0;0;0;0;1;0;1;0;0;
2004 49 1;9;64044320352;11;1;0;0;0;0;0;0;0;0;0;0;
2004 49 1;10;64044911269;2;0;1;0;0;0;0;1;0;0;0;1;
2004 49 1;11;64044910220;2;1;0;0;0;0;0;1;0;0;0;0;
2004 49 1;12;64044850881;2;0;1;0;0;0;0;0;0;0;1;0;
2004 49 1;13;64044910022;2;1;0;0;0;0;0;1;0;0;0;0;
2004 49 1;14;64044910550;2;1;0;0;0;1;0;1;1;0;0;0;
2004 49 1;15;64044911254;2;0;1;0;0;0;0;0;0;0;0;0;
2004 49 1;16;64044910226;2;1;0;0;0;0;0;1;0;0;0;0;
2004 49 1;17;64044911245;2;0;1;0;0;0;0;0;0;0;1;0;
2004 49 1;18;64044910227;2;1;0;0;0;0;0;1;0;0;0;0;
2004 49 1;19;64044911266;2;0;1;0;0;0;0;0;0;0;0;1;
2004 49 1;20;64044910496;7;1;0;0;0;0;0;1;0;0;0;0;
2004 49 1;21;64044910787;7;1;0;0;0;0;0;0;0;0;0;0;
2004 49 1;22;64044910202;7;1;0;0;0;0;0;1;0;0;0;0;
2004 49 1;23;64044911136;7;0;1;0;0;0;0;0;0;0;1;0;
2004 49 1;24;64044910197;7;1;0;0;0;0;0;1;0;0;0;0;
2004 49 1;25;64044810022;7;1;0;0;0;0;0;0;0;0;0;0;
2004 49 1;26;64044850212;4;0;1;1;0;0;0;1;0;1;0;0;
2004 49 1;27;64044810018;7;1;0;0;0;0;0;0;0;0;0;0;
2004 49 1;28;64044910689;7;1;0;0;0;0;0;1;0;0;0;0;
2004 49 1;29;64044911119;7;0;1;0;0;0;0;0;0;0;1;0;
2004 49 1;30;64044910693;7;1;0;0;0;0;0;1;0;0;0;0;
2004 49 1;31;64044910200;7;1;0;0;0;0;0;1;0;0;0;0;
2004 49 1;32;64044911259;12;0;1;0;0;0;0;0;0;0;0;1;
2004 49 1;33;64044910076;12;1;0;0;0;1;0;1;0;0;0;0;
2004 49 1;34;64044911126;12;1;0;0;0;0;0;1;0;0;0;0;
2004 49 1;35;64044910360;12;0;1;0;0;0;0;0;0;0;1;0;
2004 49 1;36;64044910726;4;0;1;0;0;0;0;1;0;1;0;0;
2004 49 1;37;64044910204;7;1;0;0;0;0;0;1;0;0;0;0;
2004 49 1;38;64044910786;7;1;0;0;0;0;0;0;0;0;0;0;
2004 49 1;39;64044911131;7;0;1;0;0;0;0;1;0;0;0;0;
2004 49 1;40;64044910158;7;1;0;0;0;0;0;1;0;0;0;0;
2004 49 1;41;64044910037;7;0;1;0;0;1;0;0;0;0;1;0;
2004 49 1;42;64044910379;7;1;0;0;0;0;0;1;1;0;0;0;
2004 49 1;43;64044910374;7;1;0;0;0;0;0;1;0;0;0;1;
2004 49 1;44;64044911270;7;0;1;0;0;0;0;0;0;0;0;0;
2004 49 1;45;64044910568;7;1;0;0;0;0;0;1;0;0;0;0;
2004 49 1;46;64044910789;7;1;0;0;0;0;0;0;0;0;0;0;
2004 49 1;47;64044910861;4;0;1;0;0;0;0;1;0;1;0;0;
2004 49 1;48;64044910820;11;1;0;0;0;0;0;0;0;0;1;0;
2004 49 1;49;64044910528;2;1;0;0;0;0;0;1;0;0;0;0;
2004 49 1;50;64044911251;2;0;1;0;0;0;0;0;0;0;0;0;
2004 49 1;51;64044850392;2;0;1;0;0;0;0;1;0;0;0;0;
2004 49 1;52;64044920505;2;1;0;0;0;0;0;0;0;0;0;1;
2004 49 1;53;64044910215;2;1;0;0;0;0;0;1;0;0;0;0;
2004 49 1;54;64044911137;2;0;1;0;0;0;0;0;0;0;1;0;
2004 49 1;55;64044910818;2;1;0;0;0;0;0;1;0;0;0;0;
2004 49 1;56;64044910106;11;1;0;0;0;0;0;0;0;0;0;0;
2004 49 1;57;64044910739;4;0;1;0;0;0;0;1;0;1;0;0;
2004 49 1;58;64044910561;1;1;0;0;0;0;0;1;0;0;0;0;
2004 49 1;59;64044910872;1;1;0;0;0;0;0;0;1;0;1;0;
2004 49 1;60;64044850394;1;0;1;0;0;0;0;1;0;0;0;0;
2004 49 1;61;64044911276;1;1;0;0;0;0;0;0;0;0;0;0;
2004 49 1;62;64044840827;1;1;0;0;0;0;0;1;0;0;0;0;
2004 49 1;63;64044911255;1;0;1;0;0;0;0;0;0;0;0;1;
2004 49 1;64;64044910303;1;1;0;0;0;1;0;1;1;0;0;0;
2004 49 1;65;64044850809;1;0;1;0;0;0;0;0;0;0;0;0;
2004 49 1;66;64044910267;1;1;0;0;0;0;0;1;0;0;0;0;
2004 49 1;67;64044850803;1;0;1;0;0;0;0;0;0;0;0;0;
2004 49 1;68;64044910759;1;1;0;0;0;0;0;1;0;0;0;0;
2004 49 1;69;64044910157;1;1;0;0;0;0;0;0;0;0;1;0;
2004 49 1;70;64044910842;4;0;1;0;0;0;0;1;0;1;0;0;
2004 49 1;71;64044911242;5;1;0;0;0;0;0;0;0;0;0;0;
2004 49 1;72;64044911052;5;1;0;0;0;0;0;1;0;0;0;0;
2004 49 1;73;64044911267;5;0;1;0;0;0;0;0;0;0;0;1;
2004 49 1;74;64044910113;8;1;0;0;0;0;0;1;0;0;0;0;
2004 49 1;75;64044910476;8;1;0;0;0;0;0;0;0;0;1;0;
2004 49 1;76;64044850070;8;0;1;0;0;0;0;1;0;0;0;0;
2004 49 1;77;64044910794;8;1;0;0;0;0;0;0;0;0;0;0;
2004 49 1;78;64044910104;8;0;1;0;0;0;0;1;0;0;0;0;
2004 49 1;79;64044910563;8;1;0;0;0;0;0;0;0;0;0;0;
2004 49 1;80;64044850022;4;0;1;1;0;0;0;1;0;1;0;0;
2004 49 1;81;64044910781;8;1;0;0;0;0;0;0;0;0;1;0;
2004 49 1;82;64044910093;8;1;0;0;0;0;0;1;0;0;0;0;
2004 49 1;83;64044911247;5;0;1;0;0;0;0;0;0;0;0;0;
2004 49 1;84;64044330986;13;1;0;0;0;0;0;1;0;0;0;0;
2004 49 1;85;64044910085;5;1;0;0;0;0;0;0;0;0;0;0;
2004 49 1;86;64044910654;5;0;1;0;0;0;0;1;0;0;0;0;
2004 49 1;87;64044911246;5;0;1;0;0;0;0;0;0;0;0;0;
2004 49 1;88;64044910373;5;1;0;0;0;0;0;1;0;0;0;0;
2004 49 1;89;64044911265;5;0;1;0;0;0;0;0;0;0;0;1;
2004 49 1;90;64044910814;5;1;0;0;0;0;0;1;0;0;0;0;
2004 49 1;91;64044910578;5;1;0;0;0;0;0;0;0;0;0;0;
2004 49 1;92;64044910746;4;0;1;0;0;0;0;1;0;1;0;0;
2004 49 1;93;64044910250;12;1;0;0;0;0;0;0;0;0;1;0;
2004 49 1;94;64044910588;12;1;0;0;0;0;0;1;0;0;0;0;
2004 49 1;95;64044911144;12;0;1;0;0;0;0;0;0;0;0;0;
2004 49 1;96;64044910262;12;1;0;0;0;0;0;1;0;0;0;0;
2004 49 1;97;64044910058;12;0;1;0;0;0;0;0;0;0;0;1;
2004 49 1;98;64044910643;12;1;0;0;0;0;0;1;0;0;0;0;
2004 49 1;99;64044910892;12;0;1;0;0;0;0;0;0;0;1;0;
2004 49 1;100;64044910028;12;1;0;0;0;0;0;1;0;0;0;0;
2004 49 1;101;64044911260;12;1;0;0;0;0;0;0;0;0;0;1;
2004 49 1;102;64044910744;4;0;1;0;0;0;0;1;0;1;0;0;
2004 49 1;103;64044910245;1;1;0;0;0;0;0;0;0;0;1;0;
2004 49 1;104;64044910716;1;1;0;0;0;0;0;1;0;0;0;0;
2004 49 1;105;64044850784;1;0;1;0;0;0;0;0;0;0;0;0;
2004 49 1;106;64044910537;1;1;0;0;0;0;0;1;0;0;0;0;
2004 49 1;107;64044850197;1;0;1;0;0;0;0;1;0;0;0;0;
2004 49 1;108;64044910147;1;1;0;0;0;0;0;0;1;0;1;0;
2004 49 1;109;64044910266;1;1;0;0;0;0;0;1;0;0;0;0;
2004 49 1;110;64044850798;1;0;1;0;0;0;0;0;0;0;0;0;
2004 49 1;111;64044910493;1;1;0;0;0;0;0;1;0;0;0;0;
2004 49 1;112;64044910912;1;1;0;0;0;0;0;0;0;0;1;0;
2004 49 1;113;64044850075;1;0;1;0;0;0;0;1;0;0;0;0;
2004 49 1;114;64044910075;1;1;0;0;0;0;0;1;0;0;0;0;
2004 49 1;115;64044911272;1;1;0;0;0;0;0;0;0;0;0;0;
2004 49 1;116;64044910742;4;0;1;0;0;0;0;1;0;1;0;0;
2004 49 1;117;64044910103;3;1;0;0;0;0;0;0;1;0;1;0;
2004 49 1;118;64044910800;3;1;0;0;0;0;0;1;0;0;0;0;
2004 49 1;119;64044910865;3;0;1;0;0;0;0;0;0;0;0;0;
2004 49 1;120;64044911070;3;0;1;0;0;0;0;1;0;0;0;1;
2004 49 1;121;64044911275;3;1;0;0;0;0;0;0;0;0;1;0;
2004 49 1;122;64044910388;3;1;0;0;0;0;0;1;0;0;0;0;
2004 49 1;123;64044910125;3;0;1;0;0;0;0;1;1;0;0;0;
2004 49 1;124;64044910364;3;1;0;0;0;0;0;0;0;0;0;0;
2004 49 1;125;64044910631;3;1;0;0;0;0;0;1;0;0;0;0;
2004 49 1;126;64044910610;3;0;1;0;0;0;0;0;0;0;1;0;
2004 49 1;127;64044910672;3;1;0;0;0;0;0;1;0;0;0;0;
2004 49 1;128;64044910356;3;1;0;0;0;0;0;0;0;0;0;0;
2004 49 1;129;64044910691;3;1;0;0;0;0;0;1;0;0;0;0;
2004 49 1;130;64044850642;1;0;1;0;0;0;0;0;0;0;0;0;
2004 49 1;131;64044910799;1;1;0;0;0;0;0;1;0;0;0;0;
2004 49 1;132;64044911080;1;0;1;0;0;0;0;0;1;0;1;1;
2004 49 1;133;64044910760;1;1;0;0;0;0;0;1;0;0;0;0;
2004 49 1;134;64044850783;1;0;1;0;0;0;0;0;0;0;0;0;
2004 49 1;135;64044920652;1;1;0;0;0;0;0;1;0;0;0;0;
2004 49 1;136;64044911277;4;1;0;0;0;0;0;0;0;0;0;0;
2004 49 1;137;64044910682;4;0;1;0;0;0;0;1;0;1;0;0;
2004 49 1;138;64044910802;4;1;0;0;0;0;0;0;0;0;1;0;
2004 49 1;139;64044310527;2;1;0;0;0;0;0;1;0;0;0;0;
2004 49 1;140;64044911244;2;0;1;0;0;0;0;1;0;0;0;0;
2004 49 1;141;64044911150;2;1;0;0;0;0;0;0;0;0;0;0;
2004 49 1;142;64044911155;2;0;1;0;0;0;0;1;0;0;0;1;
2004 49 1;143;64044910475;2;1;0;0;0;0;0;0;0;0;1;0;
2004 49 1;144;64044910719;2;1;0;0;0;0;0;1;0;0;0;0;
2004 49 1;145;64044911268;2;0;1;0;0;0;0;0;0;0;0;0;
2004 49 1;146;64044910807;7;1;0;0;0;0;0;1;0;0;0;0;
2004 49 1;147;64044910722;7;1;0;0;0;0;0;1;0;0;0;0;
2004 49 1;148;64044910903;7;0;1;0;0;0;0;0;0;0;1;0;
2004 49 1;149;64044910808;7;1;0;0;0;0;0;1;0;0;0;0;
2004 49 1;150;64044911239;7;0;1;0;0;0;0;0;0;0;0;0;
2004 49 1;151;64044910144;7;1;0;0;0;1;0;1;1;0;0;0;
2004 49 1;152;64044910723;4;0;1;0;0;0;0;1;0;1;0;0;
2004 49 1;153;64044910697;12;1;0;0;0;0;0;0;0;0;1;0;
2004 49 1;154;64044911152;12;1;0;0;0;0;0;1;0;0;0;1;
2004 49 1;155;64044911147;12;0;1;0;0;0;0;0;0;0;0;0;
2004 49 1;156;64044910718;12;1;0;0;0;0;0;1;0;0;0;0;
2004 49 1;157;64044910067;12;0;1;0;0;0;0;0;0;0;0;1;
2004 49 1;158;64044910205;7;1;0;0;0;0;0;1;0;0;0;0;
2004 49 1;159;64044910018;7;1;0;0;0;1;0;0;1;0;1;0;
2004 49 1;160;64044910769;7;0;1;0;0;0;0;1;0;0;0;0;
2004 49 1;161;64044910715;7;1;0;0;0;0;0;0;0;0;0;0;
2004 49 1;162;64044910754;4;0;1;0;0;0;0;1;0;1;0;0;
2004 49 1;163;64044810187;7;1;0;0;0;0;0;0;0;0;0;0;
2004 49 1;164;64044910622;7;1;0;0;0;0;0;1;0;0;0;0;
2004 49 1;165;64044910924;7;0;1;0;0;0;0;0;0;0;1;0;
2004 49 1;166;64044910514;7;1;0;0;0;0;0;1;0;0;0;0;
2004 49 1;167;64044910061;12;0;1;0;0;0;0;0;0;0;0;1;
2004 49 1;168;64044910775;12;1;0;0;0;0;0;1;0;0;0;0;
2004 49 1;169;64044911115;12;0;1;0;0;0;0;0;0;0;0;0;
2004 49 1;170;64044910700;12;1;0;0;0;0;0;1;0;0;0;0;
2004 49 1;171;64044910870;12;1;0;0;0;0;0;0;1;0;1;0;
2004 49 1;172;64044910809;4;0;1;0;0;0;0;1;0;1;0;0;
2004 49 1;173;64044911243;4;1;0;0;0;0;0;0;0;0;0;0;
2004 49 1;174;64044850076;10;0;1;0;0;0;0;1;0;0;0;0;
2004 49 1;175;64044910402;10;1;0;0;0;0;0;0;0;0;0;0;
2004 49 1;176;64044910224;2;1;0;0;0;0;0;1;0;0;0;0;
2004 49 1;177;64044911151;2;0;1;0;0;0;0;0;0;0;1;1;
2004 49 1;178;64044910145;2;1;0;0;0;0;0;1;0;0;0;0;
2004 49 1;179;64044911157;2;0;1;0;0;0;0;0;0;0;0;0;
2004 49 1;180;64044910228;2;1;0;0;0;0;0;1;0;0;0;0;
2004 49 1;181;64044910417;2;1;0;0;0;0;0;0;0;0;0;0;
2004 49 1;182;64044850037;2;0;1;1;0;0;0;1;0;1;0;0;
2004 49 1;183;64044910517;2;1;0;0;0;0;0;1;0;0;0;0;
2004 49 1;184;64044911107;2;0;1;0;0;0;0;0;0;0;1;0;
2004 49 1;185;64044910539;2;1;0;0;0;0;0;1;0;0;0;0;
2004 49 1;186;64044911256;2;0;1;0;0;0;0;0;0;0;0;1;
2004 49 1;187;64044910222;2;1;0;0;0;0;0;1;0;0;0;0;
2004 49 1;188;64044910209;2;1;0;0;0;0;0;1;0;0;0;0;
2004 49 1;189;64044911098;2;0;1;0;0;0;0;0;0;0;1;0;
2004 49 1;190;64044910214;2;1;0;0;0;0;0;1;0;0;0;0;
2004 49 1;191;64044911127;4;1;0;0;0;0;0;0;0;0;0;0;
2004 49 1;192;64044910765;4;0;1;0;0;0;0;1;0;1;0;0;
2004 49 1;193;64044910884;4;1;0;0;0;0;0;0;0;0;0;0;
2004 49 1;194;64044911082;2;0;1;0;0;0;0;1;0;0;0;0;
2004 49 1;195;64044910880;3;1;0;0;0;0;0;0;0;0;1;0;
2004 49 1;196;64044910187;3;1;0;0;0;0;0;1;0;0;0;0;
2004 49 1;197;64044911154;2;0;1;0;0;0;0;1;0;0;0;1;
2004 49 1;198;64044910882;2;1;0;0;0;0;0;0;1;0;1;0;
2004 49 1;199;64044910668;2;1;0;0;0;0;0;1;0;0;0;0;
2004 49 1;200;64044911141;2;0;1;0;0;0;0;0;0;0;0;0;
2004 49 1;201;64044820337;4;1;0;0;0;0;0;1;0;0;0;0;
2004 49 1;202;64044910617;4;1;0;0;0;0;0;0;0;0;0;0;
2004 49 1;203;64044910695;4;0;1;0;0;0;0;1;0;1;0;0;
2004 49 1;204;64044910615;4;1;0;0;0;0;0;0;0;0;1;0;
2004 49 1;205;64044910817;3;1;0;0;0;0;0;1;0;0;0;0;
2004 49 1;206;64044911055;2;0;1;0;0;0;0;0;0;0;0;1;
2004 49 1;207;64044910270;2;0;1;0;0;0;0;1;0;0;0;0;
2004 49 1;208;64044910231;2;1;0;0;0;0;0;0;0;0;1;0;
2004 49 1;209;64044910207;2;1;0;0;0;0;0;1;0;0;0;0;
2004 49 1;210;64044910427;2;0;1;0;0;0;0;1;0;0;0;0;
2004 49 1;211;64044910397;11;1;0;0;0;0;0;0;0;0;0;0;
2004 49 1;212;64044910461;11;1;0;0;0;0;0;1;0;0;0;0;
2004 49 1;213;64044910621;11;1;0;0;0;0;0;0;0;0;1;0;
2004 49 1;214;64044850019;4;0;1;1;0;0;0;1;0;1;0;0;
2004 49 1;215;64044910535;4;1;0;0;0;0;0;0;0;0;0;0;
2004 49 1;216;64044910553;4;1;0;0;0;0;0;1;0;0;0;0;
2004 49 1;217;64044911257;4;0;1;0;0;0;0;0;0;0;0;0;
2004 49 1;218;64044911060;4;1;0;0;0;0;0;1;0;0;0;0;
2004 49 1;219;64044911248;4;0;1;0;0;0;0;0;0;0;0;0;
2004 49 1;220;64044910687;4;1;0;0;0;0;0;1;0;0;0;0;
2004 49 1;221;64044911133;4;0;1;0;0;0;0;0;0;0;0;0;
2004 49 1;222;64044910154;4;1;0;0;0;0;0;1;0;0;0;0;
2004 49 1;223;64044910099;4;1;0;0;0;0;0;0;1;0;1;1;
2004 49 1;224;64044910856;4;0;1;0;0;0;0;1;0;1;0;0;
2004 49 1;225;64044910875;4;1;0;0;0;0;0;0;0;0;0;0;
2004 49 1;226;64044910078;4;1;0;0;0;0;0;1;0;0;0;0;
2004 49 1;227;64044911109;4;0;1;0;0;0;0;0;0;0;0;0;
2004 49 1;228;64044910196;7;1;0;0;0;0;0;1;0;0;0;0;
2004 49 1;229;64044910414;7;1;0;0;0;0;0;0;1;0;1;0;
2004 49 1;230;64044910242;7;0;1;0;0;0;0;1;0;0;0;0;
2004 49 1;231;64044810019;7;1;0;0;0;0;0;0;0;0;0;0;
2004 49 1;232;64044130643;7;1;0;0;0;0;0;1;0;0;0;0;
2004 49 1;233;64044910030;7;0;1;0;0;0;0;1;1;0;0;0;
2004 49 1;234;64044851028;7;0;1;0;0;0;0;0;0;0;1;1;
2004 49 1;235;64044910201;7;1;0;0;0;0;0;1;0;0;0;0;
2004 49 1;236;64044910429;7;1;0;0;0;0;0;0;0;0;0;0;
2004 49 1;237;64044910007;7;0;1;0;0;0;0;1;0;0;0;0;
2004 49 1;238;64044910656;7;1;0;0;0;0;0;0;0;0;0;0;
2004 49 1;239;64044910198;7;1;0;0;0;0;0;1;0;0;0;0;
2004 49 1;240;64044911123;6;0;1;0;0;0;0;0;1;0;1;0;
2004 49 1;241;64044910203;7;1;0;0;0;0;0;1;0;0;0;0;
2004 49 1;242;64044910748;4;0;1;0;0;0;0;1;0;1;0;0;
2004 49 1;243;64044910569;6;1;0;0;0;0;0;0;0;0;0;0;
2004 49 1;244;64044910898;6;0;1;0;0;0;0;1;0;0;0;0;
2004 49 1;245;64044910767;6;1;0;0;0;0;0;0;0;0;0;0;
2004 49 1;246;64044910389;2;0;1;0;0;0;0;1;0;0;0;1;
2004 49 1;247;64044910371;8;1;0;0;0;0;0;0;0;0;1;0;
2004 49 1;248;64044910816;8;1;0;0;0;0;0;1;0;0;0;0;
2004 49 1;249;64044911263;6;0;1;0;0;0;0;0;0;0;0;0;
2004 49 1;250;64044910845;8;1;0;0;0;0;0;1;0;0;0;0;
2004 49 1;251;64044910165;8;1;0;0;0;0;0;1;0;0;0;0;
2004 49 1;252;64044851082;6;0;1;0;0;0;0;0;0;0;1;0;
2004 49 1;253;64044910163;8;1;0;0;0;0;0;1;0;0;0;0;
2004 49 1;254;64044911262;6;0;1;0;0;0;0;0;0;0;0;0;
2004 49 1;255;64044840845;8;1;0;0;0;0;0;1;0;0;0;1;
2004 49 1;256;64044810039;8;1;0;0;0;0;0;0;0;0;0;0;
2004 49 1;257;64044910684;4;0;1;0;0;0;0;1;0;1;0;0;
2004 49 1;258;64044910749;10;1;0;0;0;0;0;0;0;0;1;0;
2004 49 1;259;64044910589;10;0;1;0;0;0;0;1;0;0;0;0;
2004 49 1;260;64044910395;10;1;0;0;0;0;0;0;0;0;0;0;
2004 49 1;261;64044910281;10;1;0;0;0;0;0;1;0;0;0;0;
2004 49 1;262;64044910097;10;0;1;0;0;0;0;1;0;0;0;0;
2004 49 1;263;64044910005;10;0;1;0;0;0;0;0;0;0;1;0;
2004 49 1;264;64044910633;4;1;0;0;0;0;0;1;0;0;0;0;
2004 49 1;265;64044910894;4;1;0;0;0;0;0;0;0;0;0;0;
2004 49 1;266;64044910452;4;0;1;0;0;0;0;1;1;0;0;0;
2004 49 1;267;64044930445;4;1;0;0;0;0;0;0;0;0;0;0;
2004 49 1;268;64044910623;4;0;1;1;0;0;0;1;0;1;0;0;
2004 49 1;269;64044910832;4;1;0;0;0;0;0;1;0;0;0;1;
2004 49 1;270;64044920317;4;1;0;0;0;0;0;0;0;0;0;0;
2004 49 1;271;64044850223;4;0;1;0;0;0;0;1;0;0;0;0;
2004 49 1;272;64044921231;4;1;0;0;0;0;0;0;0;0;0;0;
2004 49 1;273;64044850230;4;0;1;0;0;0;0;1;0;0;0;0;
2004 49 1;274;64044910901;4;1;0;0;0;0;0;0;0;0;1;0;
2004 49 1;275;64044850221;4;0;1;0;0;0;0;1;0;0;0;0;
2004 49 1;276;64044921062;4;1;0;0;0;0;0;0;0;0;0;0;
2004 49 1;277;64044910804;4;1;0;0;0;0;0;1;0;0;0;0;
2004 49 1;278;64044850206;1;0;1;0;0;0;0;0;0;0;0;0;
2004 49 1;279;64044920651;1;1;0;0;0;0;0;1;0;0;0;0;
2004 49 1;280;64044910501;1;1;0;0;0;0;0;0;0;0;1;0;
2004 49 1;281;64044911069;1;0;1;1;0;0;0;1;0;1;0;0;
2004 49 1;282;64044920658;1;1;0;0;0;0;0;1;0;0;0;0;
2004 49 1;283;64044850186;1;0;1;0;0;0;0;0;0;0;0;0;
2004 49 1;284;64044910009;8;1;0;0;0;1;0;1;0;0;0;0;
2004 49 1;285;64044910384;8;1;0;0;0;0;0;0;0;0;1;0;
2004 49 1;286;64044910096;8;0;1;0;0;0;0;1;0;0;0;0;
2004 49 1;287;64044910793;8;1;0;0;0;0;0;0;0;0;0;0;
2004 49 1;288;64044910183;8;1;0;0;0;0;0;1;0;0;0;0;
2004 49 1;289;64044911106;5;0;1;0;0;0;0;0;0;0;0;0;
2004 49 1;290;64044910189;3;1;0;0;0;0;0;1;0;0;0;0;
2004 49 1;291;64044910192;3;1;0;0;0;0;0;1;0;0;0;0;
2004 49 1;292;64044910883;3;0;1;0;0;1;0;0;1;0;1;1;
2004 49 1;293;64044910188;3;1;0;0;0;0;0;1;0;0;0;0;
2004 49 1;294;64044910133;3;1;0;0;0;0;0;0;0;0;0;0;
2004 49 1;295;64044910862;4;0;1;0;0;0;0;1;0;1;0;0;
2004 49 1;296;64044910823;11;1;0;0;0;0;0;0;0;0;0;0;
2004 49 1;297;64044910400;2;0;1;0;0;0;0;1;0;0;0;0;
2004 49 1;298;64044910659;2;0;1;0;0;0;0;0;0;0;0;1;
2004 49 1;299;64044910597;11;1;0;0;0;0;0;1;0;0;0;0;
2004 49 1;300;64044910087;11;1;0;0;0;0;0;0;0;0;1;0;
2004 49 1;301;64044930173;11;0;1;0;0;0;0;1;0;0;0;0;
2004 49 1;302;64044910532;11;1;0;0;0;0;0;0;0;0;0;0;
2004 49 1;303;64044910235;11;1;0;0;0;0;0;1;0;0;0;0;
2004 49 1;304;64044911145;11;0;1;0;0;0;0;0;0;0;0;0;
2004 49 1;305;64044910263;11;1;0;0;0;0;0;1;0;0;0;0;
2004 49 1;306;64044910923;11;1;0;0;0;0;0;0;0;0;1;0;
2004 49 1;307;64044910859;4;0;1;0;0;0;0;1;0;1;0;0;
2004 49 1;308;64044810188;7;1;0;0;0;0;0;0;0;0;0;0;
2004 49 1;309;64044910264;7;1;0;0;0;0;0;1;0;0;0;0;
2004 49 1;310;64044851037;7;0;1;0;0;0;0;0;0;0;1;1;
2004 49 1;311;64044910543;7;0;1;0;0;0;0;1;0;0;0;0;
2004 49 1;312;64044910129;7;1;0;0;0;0;0;1;0;0;0;0;
2004 49 1;313;64044911108;7;0;1;0;0;0;0;0;0;0;0;0;
2004 49 1;314;64044910721;7;1;0;0;0;0;0;1;0;0;0;0;
2004 49 1;315;64044910276;7;1;0;0;0;0;0;0;0;0;1;0;
2004 49 1;316;64044910246;7;0;1;0;0;0;0;1;0;0;0;0;
2004 49 1;317;64044910790;7;1;0;0;0;0;0;0;0;0;0;0;
2004 49 1;318;64044910199;7;1;0;0;0;0;0;1;0;0;0;0;
2004 49 1;319;64044911113;7;0;1;0;0;0;0;0;0;0;0;1;
2004 49 1;320;64044910131;7;1;0;0;0;0;0;1;0;0;0;0;
2004 49 1;321;64044910788;7;1;0;0;0;0;0;0;0;0;0;0;
2004 49 1;322;64044910743;4;0;1;0;0;0;0;1;0;1;0;0;
2004 49 1;323;64044910368;11;1;0;0;0;0;0;0;0;0;0;0;
2004 49 1;324;64044910609;11;1;0;0;0;0;0;1;0;0;0;0;
2004 49 1;325;64044910190;11;0;1;0;0;0;0;0;0;0;1;0;
2004 49 1;326;64044910707;11;1;0;0;0;0;0;1;0;0;0;0;
2004 49 1;327;64044911097;11;0;1;0;0;0;0;0;0;0;0;0;
2004 49 1;328;64044910080;11;1;0;0;0;0;0;1;0;0;0;0;
2004 49 1;329;64044910363;11;1;0;0;0;0;0;0;0;0;0;0;
2004 49 1;330;64044910382;2;0;1;0;0;0;0;1;0;0;0;0;
2004 49 1;331;64044910463;11;1;0;0;0;0;0;0;0;0;1;0;
2004 49 1;332;64044910178;8;1;0;0;0;0;0;1;0;0;0;0;
2004 49 1;333;64044910062;12;0;1;0;0;0;0;0;0;0;0;1;
2004 49 1;334;64044910774;8;1;0;0;0;0;0;1;0;0;0;0;
2004 49 1;335;64044910148;8;1;0;0;0;0;0;1;0;0;0;0;
2004 49 1;336;64044911081;12;0;1;0;0;0;0;0;1;0;1;1;
2004 49 1;337;64044910728;4;0;1;0;0;0;0;1;0;1;0;0;
2004 49 1;338;64044910462;3;1;0;0;0;0;0;1;0;0;0;0;
2004 49 1;339;64044911121;3;0;1;0;0;0;0;0;0;0;0;0;
2004 49 1;340;64044910185;3;1;0;0;0;0;0;1;0;0;0;0;
2004 49 1;341;64044910139;3;1;0;0;0;0;0;0;0;0;1;0;
2004 49 1;342;64044910359;2;0;1;0;0;0;0;1;0;0;0;0;
2004 49 1;343;64044910008;8;1;0;0;0;0;0;0;0;0;0;0;
2004 49 1;344;64044910698;8;1;0;0;0;0;0;1;0;0;0;0;
2004 49 1;345;64044911264;8;0;1;0;0;0;0;0;0;0;1;1;
2004 49 1;346;64044910180;8;1;0;0;0;0;0;1;0;0;0;0;
2004 49 1;347;64044910907;8;0;1;0;0;0;0;0;0;0;1;0;
2004 49 1;348;64044910278;8;1;0;0;0;0;0;1;0;0;0;0;
2004 49 1;349;64044910810;8;1;0;0;0;1;0;0;0;0;0;0;
2004 49 1;350;64044910731;4;0;1;0;0;0;0;1;0;1;0;0;
2004 49 1;351;64044911084;5;0;1;0;0;0;0;0;0;0;0;0;
2004 49 1;352;64044910177;8;1;0;0;0;0;0;1;0;0;0;0;
2004 49 1;353;64044910175;8;1;0;0;0;0;0;1;0;0;0;0;
2004 49 1;354;64044711190;5;0;1;0;0;0;0;0;0;0;1;1;
2004 49 1;355;64044910547;5;1;0;0;0;0;0;1;0;0;0;0;
2004 49 1;356;64044910887;5;1;0;0;0;0;0;0;0;0;0;0;
2004 49 1;357;64044911053;5;0;1;0;0;0;0;1;0;0;0;0;
2004 49 1;358;64044910239;5;1;0;0;0;0;0;0;0;0;0;0;
2004 49 1;359;64044910159;3;1;0;0;0;0;0;1;0;0;0;0;
2004 49 1;360;64044910370;5;0;1;0;0;0;0;0;0;0;1;0;
2004 49 1;361;64044910193;3;1;0;0;0;0;0;1;0;0;0;0;
2004 49 1;362;64044910195;3;1;0;0;0;0;0;1;0;0;0;0;
2004 49 1;363;64044911089;5;0;1;0;0;0;0;0;0;0;0;1;
2004 49 1;364;64044910001;11;1;0;0;0;0;0;1;0;0;0;0;
2004 49 1;365;64044910714;11;1;0;0;0;0;0;0;0;0;1;0;
2004 49 1;366;64044910671;4;0;1;0;0;0;0;1;0;1;0;0;
2004 49 1;367;64044910796;11;1;0;0;0;0;0;0;0;0;0;0;
2004 49 1;368;64044910639;11;1;0;0;0;0;0;1;0;0;0;0;
2004 49 1;369;64044910604;2;0;1;0;0;0;0;1;1;0;0;0;
2004 49 1;370;64044910498;2;1;0;0;0;1;0;0;0;0;1;0;
2004 49 1;371;64044910050;2;0;1;0;0;0;0;1;0;0;0;1;
2004 49 1;372;64044910211;2;1;0;0;0;0;0;1;0;0;0;0;
2004 49 1;373;64044911140;2;0;1;0;0;0;0;0;0;0;0;0;
2004 49 1;374;64044910711;2;1;0;0;0;0;0;1;0;0;0;0;
2004 49 1;375;64044910244;2;1;0;0;0;0;0;0;1;0;1;0;
2004 49 1;376;64044910681;2;0;1;0;0;0;0;1;0;1;0;0;
2004 49 1;377;64044910575;2;1;0;0;0;0;0;0;0;0;0;0;
2004 49 1;378;64044910221;2;1;0;0;0;0;0;1;0;0;0;0;
2004 49 1;379;64044911101;2;0;1;0;0;0;0;0;0;0;1;0;
2004 49 1;380;64044910045;2;1;0;0;0;0;0;1;1;0;0;1;
2004 49 1;381;64044910465;2;1;0;0;0;0;0;0;0;0;0;0;
2004 49 1;382;64044911271;2;0;1;0;0;1;0;1;0;0;0;0;
2004 49 1;383;64044910387;2;1;0;0;0;0;0;1;0;0;0;0;
2004 49 1;384;64044911128;1;0;1;0;0;0;0;0;0;0;1;0;
2004 49 1;385;64044910122;2;0;1;0;0;0;0;1;0;0;0;0;
2004 49 1;386;64044910391;7;1;0;0;0;0;0;0;0;0;0;0;
2004 49 1;387;64044910161;7;1;0;0;0;0;0;1;0;0;0;0;
2004 49 1;388;64044910677;4;0;1;1;0;0;0;1;0;1;0;0;
2004 49 1;389;64044910599;7;1;0;0;0;0;0;0;1;0;1;1;
2004 49 1;390;64044910002;7;1;0;0;0;0;0;1;0;0;0;0;
2004 49 1;391;64044910138;7;0;1;0;0;0;0;1;0;0;0;0;
2004 49 1;392;64044810023;7;1;0;0;0;0;0;0;0;0;0;0;
2004 49 1;393;64044910619;7;1;0;0;0;0;0;1;0;0;0;0;
2004 49 1;394;64044911120;2;0;1;0;0;1;0;0;0;0;1;0;
2004 49 1;395;64044911051;2;1;0;0;0;0;0;1;0;0;0;0;
2004 49 1;396;64044910908;2;1;0;0;0;0;0;0;0;0;0;0;
2004 49 1;397;64044910237;2;0;1;0;0;0;0;1;0;0;0;0;
2004 49 1;398;64044911148;2;0;1;0;0;0;0;0;0;0;0;0;
2004 49 1;399;64044910662;2;1;0;0;0;0;0;1;0;0;0;1;
2004 49 1;400;64044910477;11;1;0;0;0;0;0;0;0;0;1;0;
2004 49 1;401;64044910284;2;0;1;0;0;0;0;1;1;0;0;0;
2004 49 1;402;64044910871;6;1;0;0;0;0;0;0;0;0;0;0;
2004 49 1;403;64044330983;13;1;0;0;0;0;0;1;0;0;0;0;
2004 49 1;404;64044911261;6;0;1;0;0;0;0;0;0;0;0;0;
2004 49 1;405;64044910849;6;1;0;0;0;0;0;1;0;0;0;0;
2004 49 1;406;64044840001;6;0;1;0;0;0;0;0;0;0;0;0;
2004 49 1;407;64044910773;4;0;1;0;0;0;0;1;0;1;0;0;
2004 49 1;408;64044910761;1;1;0;0;0;0;0;0;0;0;1;0;
2004 49 1;409;64044930537;1;1;0;0;0;0;0;1;0;0;0;0;
2004 49 1;410;64044850087;1;0;1;0;0;0;0;0;0;0;0;0;
2004 49 1;411;64044930528;1;1;0;0;0;0;0;1;0;0;0;0;
2004 49 1;412;64044910782;1;1;0;0;0;0;0;1;0;0;0;0;
2004 49 1;413;64044911090;1;0;1;0;0;0;0;0;1;0;1;1;
2004 49 1;414;64044910551;1;1;0;0;0;0;0;1;0;0;0;0;
2004 49 1;415;64044911235;1;0;1;0;0;0;0;0;0;0;0;0;
2004 49 1;416;64044910725;1;1;0;0;0;0;0;1;0;0;0;0;
2004 49 1;417;64044911102;1;0;1;0;0;0;0;0;0;0;0;0;
2004 49 1;418;64044950058;1;1;0;0;0;0;0;1;0;0;0;0;
2004 49 1;419;64044911237;1;1;0;0;0;0;0;0;0;0;0;0;
2004 49 1;420;64044910729;4;0;1;0;0;0;0;1;0;1;0;0;
2004 49 1;421;64044910274;3;1;0;0;0;0;0;0;1;0;1;0;
2004 49 1;422;64044910614;3;1;0;0;0;0;0;1;0;0;0;0;
2004 49 1;423;64045011040;9;0;1;0;0;0;0;0;0;0;0;1;
2004 49 1;424;64045011044;9;0;1;0;0;0;0;1;0;0;0;1;
2004 49 1;425;64044910249;3;1;0;0;0;0;0;0;0;0;0;0;
2004 49 1;426;64044910186;3;1;0;0;0;0;0;1;0;0;0;0;
2004 49 1;427;64044910524;3;0;1;0;0;0;0;0;0;0;1;0;
2004 49 1;428;64044910137;3;1;0;0;0;1;0;1;0;0;0;0;
2004 49 1;429;64045011041;9;0;1;0;0;0;0;0;0;0;0;1;
2004 49 1;430;64044910063;3;1;0;0;0;0;0;1;0;0;0;0;
2004 49 1;431;64044920715;4;1;0;0;0;0;0;0;0;0;0;0;
2004 49 1;432;64044910860;4;0;1;0;0;0;0;1;0;1;0;0;
2004 49 1;433;64044910570;4;1;0;0;0;0;0;0;0;0;1;0;
2004 49 1;434;64044910117;2;0;1;0;0;0;0;1;0;0;0;0;
2004 49 1;435;64044910634;5;1;0;0;0;0;0;0;0;0;0;0;
2004 49 1;436;64044910194;3;1;0;0;0;0;0;1;0;0;0;0;
2004 49 1;437;64044911079;5;0;1;0;0;0;0;0;0;0;0;0;
2004 49 1;438;64044910688;5;1;0;0;0;0;0;1;0;0;0;0;
2004 49 1;439;64044921063;5;1;0;0;0;0;0;0;0;0;0;0;
2004 49 1;440;64044910889;5;0;1;0;0;0;0;1;0;0;0;0;
2004 49 1;441;64044910692;5;1;0;0;0;0;0;0;0;0;1;0;
2004 49 1;442;64044910520;5;1;0;0;0;0;0;1;0;0;0;0;
2004 49 1;443;64044911085;5;0;1;0;0;0;0;0;0;0;0;1;
2004 49 1;444;64044910864;4;0;1;0;0;0;0;1;0;1;0;0;
2004 49 1;445;64044910632;4;1;0;0;0;0;0;1;0;0;0;0;
2004 49 1;446;64044910813;4;0;1;0;0;0;0;0;1;0;1;0;
2004 49 1;447;64044910431;4;1;0;0;0;0;0;1;0;0;0;0;
2004 49 1;448;64044920363;4;1;0;0;0;0;0;0;0;0;0;0;
2004 49 1;449;64044850074;4;0;1;0;0;0;0;1;0;0;0;0;
2004 49 1;450;64044910366;4;1;0;0;0;0;0;1;0;0;0;0;
2004 49 1;451;64044920484;4;1;0;0;0;0;0;0;0;0;0;0;
2004 49 1;452;64044850088;4;0;1;0;0;0;0;1;0;0;0;0;
2004 49 1;453;64044910573;4;1;0;0;0;0;0;0;0;0;1;0;
2004 49 1;454;64044910667;4;0;1;1;0;0;0;1;0;1;0;0;
2004 49 1;455;64044911116;4;0;1;0;0;0;0;0;0;0;0;0;
2004 49 1;456;64044910170;8;1;0;0;0;0;0;1;0;0;0;0;
2004 49 1;457;64044910179;8;1;0;0;0;0;0;1;0;0;0;0;
2004 49 1;458;64044850883;8;0;1;0;0;1;0;0;1;0;1;0;
2004 49 1;459;64044910182;8;1;0;0;0;0;0;1;0;0;0;0;
2004 49 1;460;64044910821;8;1;0;0;0;0;0;0;0;0;0;0;
2004 49 1;461;64044910049;2;0;1;0;0;0;0;1;0;0;0;1;
2004 49 1;462;64044910784;2;1;0;0;0;0;0;0;0;0;1;0;
2004 49 1;463;64044910035;2;0;1;0;0;0;0;1;1;0;0;0;
2004 49 1;464;64044911057;11;1;0;0;0;0;0;0;0;0;0;0;
2004 49 1;465;64045030430;11;1;0;0;0;0;0;0;0;0;0;0;
2004 49 1;466;64044910485;2;0;1;0;0;0;0;1;0;0;0;1;
2004 49 1;467;64044910502;2;0;1;0;0;0;0;0;0;0;1;0;
2004 49 1;468;64044910625;11;1;0;0;0;0;0;1;0;0;0;0;
2004 49 1;469;64044921265;11;1;0;0;0;0;0;0;0;0;0;0;
2004 49 1;470;64044910857;4;0;1;0;0;0;0;1;0;1;0;0;
2004 49 1;471;64044921112;11;1;0;0;0;0;0;0;0;0;0;0;
2004 49 1;472;64044910542;11;1;0;0;0;0;0;1;0;0;0;0;
2004 49 1;473;64044910574;11;0;1;0;0;0;0;0;0;0;1;0;
2004 49 1;474;64044910836;11;1;0;0;0;0;0;1;0;0;0;0;
2004 49 1;475;64044920582;11;1;0;0;0;0;0;0;0;0;0;1;
2004 49 1;476;64044911241;10;0;1;0;0;0;0;0;0;0;0;0;
2004 49 1;477;64044910118;10;1;0;0;0;0;0;1;0;0;0;0;
2004 49 1;478;64044910365;10;0;1;0;0;0;0;0;0;0;1;0;
2004 49 1;479;64044910613;10;1;0;0;0;0;0;1;0;0;0;0;
2004 49 1;480;64044910504;10;1;0;0;0;0;0;0;0;0;0;0;
2004 49 1;481;64044910596;10;0;1;0;0;0;0;1;0;0;0;0;
2004 49 1;482;64044910913;10;0;1;0;0;0;0;0;0;0;1;0;
2004 49 1;483;64044920097;10;1;0;0;0;0;0;1;0;0;0;0;
2004 49 1;484;64044920418;10;1;0;0;0;0;0;0;0;0;0;1;
2004 49 1;485;64044910762;4;0;1;0;0;0;0;1;0;1;0;0;
2004 49 1;486;64044920400;4;1;0;0;0;0;0;0;0;0;0;0;
2004 49 1;487;64044910410;4;0;1;0;0;0;0;1;0;0;0;0;
2004 49 1;488;64044910552;4;1;0;0;0;0;0;0;1;0;1;0;
2004 49 1;489;64044910673;4;1;0;0;0;0;0;1;0;0;0;0;
2004 49 1;490;64044911110;4;0;1;0;0;0;0;0;0;0;0;0;
2004 49 1;491;64044910686;4;1;0;0;0;0;0;1;0;0;0;0;
2004 49 1;492;64045030240;10;1;0;0;0;0;0;0;0;0;0;0;
2004 49 1;493;64044910548;10;0;1;0;0;0;0;1;0;0;0;0;
2004 49 1;494;64044851054;10;0;1;0;0;0;0;0;0;0;1;1;
2004 49 1;495;64044920514;10;1;0;0;0;0;0;1;0;0;0;0;
2004 49 1;496;64044911146;10;0;1;0;0;0;0;0;0;0;0;0;
2004 49 1;497;64044930562;10;1;0;0;0;0;0;1;0;0;0;0;
2004 49 1;498;64044920224;10;1;0;0;0;0;0;0;0;0;0;0;
2004 49 1;499;64044910843;4;0;1;0;0;0;0;1;0;1;0;0;
2004 49 1;500;64044910834;3;1;0;0;0;0;0;0;1;0;1;0;
2004 49 1;501;64044910812;3;1;0;0;0;1;0;1;0;0;0;0;
2004 49 1;502;64044911091;3;0;1;0;0;0;0;0;0;0;0;1;
2004 49 1;503;64044910430;3;1;0;0;0;0;0;1;0;0;0;0;
2004 49 1;504;64044910494;3;1;0;0;0;0;0;0;0;0;0;0;
2004 49 1;505;64044910020;3;0;1;0;0;0;0;1;1;0;0;0;
2004 49 1;506;64044911100;3;0;1;0;0;0;0;0;0;0;1;0;
2004 49 1;507;64044910806;3;1;0;0;0;0;0;1;0;0;0;0;
2004 49 1;508;64044910869;3;1;0;0;0;0;0;0;0;0;1;0;
2004 49 1;509;64044910712;4;0;1;0;0;0;0;1;0;1;0;0;
2004 49 1;510;64044910606;3;1;0;0;0;0;0;0;0;0;0;0;
2004 49 1;511;64044910564;3;1;0;0;0;0;0;1;0;0;0;0;
2004 49 1;512;64044910271;12;0;1;0;0;0;0;0;1;0;1;0;
2004 49 1;513;64044910053;12;1;0;0;0;0;0;1;0;0;0;0;
2004 49 1;514;64044910069;12;0;1;0;0;0;0;0;0;0;0;1;
2004 49 1;515;64044910174;8;1;0;0;0;0;0;1;0;0;0;0;
2004 49 1;516;64044810186;8;1;0;0;0;0;0;0;0;0;0;0;
2004 49 1;517;64044910026;8;0;1;0;0;0;0;1;1;0;0;0;
2004 49 1;518;64044910495;8;1;0;0;0;0;0;0;0;0;1;0;
2004 49 1;519;64044910181;8;1;0;0;0;0;0;1;0;0;0;0;
2004 49 1;520;64044910683;4;0;1;0;0;0;0;1;0;1;0;0;
2004 49 1;521;64044810037;8;1;0;0;0;0;0;0;0;0;0;0;
2004 49 1;522;64044910240;8;1;0;0;0;0;0;1;0;0;0;0;
2004 49 1;523;64044910408;6;0;1;0;0;0;0;0;0;0;1;0;
2004 49 1;524;64044910029;8;1;0;0;0;1;0;1;0;0;0;0;
2004 49 1;525;64044910891;6;0;1;0;0;0;0;0;0;0;0;0;
2004 49 1;526;64044910166;8;1;0;0;0;0;0;1;0;0;0;0;
2004 49 1;527;64044911088;6;0;1;0;0;0;0;0;0;0;0;1;
2004 49 1;528;64044910620;8;1;0;0;0;0;0;1;0;0;0;0;
2004 49 1;529;64044910792;8;1;0;0;0;0;0;0;0;0;0;0;
2004 49 1;530;64044910852;4;0;1;0;0;0;0;1;0;1;0;0;
2004 49 1;531;64044910381;11;1;0;0;0;0;0;0;0;0;1;0;
2004 49 1;532;64044910259;2;1;0;0;0;0;0;1;0;0;0;0;
2004 49 1;533;64044910038;2;0;1;0;0;0;0;1;1;0;0;0;
2004 49 1;534;64044911114;2;0;1;0;0;0;0;0;0;0;0;0;
2004 49 1;535;64044910546;2;1;0;0;0;0;0;1;0;0;0;0;
2004 49 1;536;64044910119;2;1;0;0;0;0;0;0;0;0;1;1;
2004 49 1;537;64044910077;2;0;1;0;0;0;0;1;1;0;0;0;
2004 49 1;538;64044810034;8;1;0;0;0;0;0;0;0;0;0;0;
2004 49 1;539;64044910184;8;1;0;0;0;0;0;1;0;0;0;0;
2004 49 1;540;64044910874;4;0;1;0;0;0;0;0;0;1;0;0;
2004 49 1;541;64044910805;8;1;0;0;0;0;0;1;0;0;0;0;
2004 49 1;542;64044910385;8;1;0;0;0;0;0;1;0;0;0;0;
2004 49 1;543;64044911135;6;0;1;0;0;0;0;0;0;0;1;0;
2004 49 1;544;64044920402;8;1;0;0;0;1;0;1;0;0;0;0;
2004 49 1;545;64044910713;6;1;0;0;0;0;0;0;0;0;0;0;
2004 49 1;546;64044910651;6;0;1;0;0;0;0;1;1;0;0;0;
2004 49 1;547;64044830803;6;1;0;0;0;0;0;0;0;0;0;0;
2004 49 1;548;64044911093;6;0;1;0;0;0;0;1;0;0;0;1;
2004 49 1;549;64044910902;6;1;0;0;0;0;0;0;0;0;0;0;
2004 49 1;550;64044910107;6;1;0;0;0;0;0;1;0;0;0;0;
2004 49 1;551;64044910900;6;0;1;0;0;0;0;1;0;1;0;0;
2004 49 1;552;64044920534;6;1;0;0;0;0;0;0;0;0;0;0;
2004 49 1;553;64044910171;8;1;0;0;0;0;0;1;0;0;0;0;
2004 49 1;554;64044911105;8;0;1;0;0;0;0;0;1;0;1;0;
2004 49 1;555;64044910167;8;1;0;0;0;0;0;1;0;0;0;0;
2004 49 1;556;64044910168;8;1;0;0;0;0;0;1;0;0;0;0;
2004 49 1;557;64044910059;12;0;1;0;0;0;0;0;0;0;0;1;
2004 49 1;558;64044910357;11;1;0;0;0;0;0;1;0;0;0;0;
2004 49 1;559;64044910909;11;0;1;0;0;0;0;0;1;0;1;0;
2004 49 1;560;64044910140;11;1;0;0;0;0;0;1;0;0;0;0;
2004 49 1;561;64044920318;11;1;0;0;0;0;0;0;0;0;0;0;
2004 49 1;562;64044910230;2;1;0;0;0;0;0;1;0;0;0;0;
2004 49 1;563;64044740096;2;0;1;0;0;0;0;0;0;0;1;0;
2004 49 1;564;64044910279;2;0;1;0;0;0;0;1;0;0;0;0;
2004 49 1;565;64044910819;7;1;0;0;0;0;0;0;0;0;0;0;
2004 49 1;566;64044910559;7;1;0;0;0;0;0;1;0;0;0;0;
2004 49 1;567;64044910896;7;0;1;0;0;1;0;0;1;0;1;0;
2004 49 1;568;64044910674;7;1;0;0;0;0;0;1;0;0;0;0;
2004 49 1;569;64044910065;12;0;1;0;0;0;0;0;0;0;0;1;
2004 49 1;570;64044910518;8;1;0;0;0;0;0;1;0;0;0;0;
2004 49 1;571;64044810036;8;1;0;0;0;0;0;0;0;0;0;0;
2004 49 1;572;64044910752;4;0;1;0;0;0;0;1;0;1;0;0;
2004 49 1;573;64044910247;8;1;0;0;0;0;0;1;0;0;0;0;
2004 49 1;574;64044910803;8;1;0;0;0;0;0;0;1;0;1;0;
2004 49 1;575;64044910531;2;0;1;0;0;0;0;1;0;0;0;0;
2004 49 1;576;64044910554;2;1;0;0;0;0;0;1;0;0;0;0;
2004 49 1;577;64044911112;2;0;1;0;0;0;0;0;0;0;0;0;
2004 49 1;578;64044921045;2;1;0;0;0;0;0;1;0;0;0;1;
2004 49 1;579;64044910513;2;0;1;0;0;0;0;0;0;0;1;0;
2004 49 1;580;64044910216;2;1;0;0;0;0;0;1;0;0;0;0;
2004 49 1;581;64044910831;2;1;0;0;0;0;0;1;0;0;0;0;
2004 49 1;582;64044911094;2;0;1;0;0;0;0;0;0;0;0;0;
2004 49 1;583;64044910229;2;1;0;0;0;0;0;1;0;0;0;0;
2004 49 1;584;64044910260;2;0;1;0;0;0;0;0;0;0;1;0;
2004 49 1;585;64044910033;2;1;0;0;0;1;0;1;1;0;0;1;
2004 49 1;586;64044910268;2;1;0;0;0;0;0;1;0;0;0;0;
2004 49 1;587;64044911142;2;0;1;0;0;0;0;0;0;0;0;0;
2004 49 1;588;64044930171;2;0;1;0;0;0;0;1;0;0;0;0;
2004 49 1;589;64044910213;2;1;0;0;0;0;0;1;0;0;0;0;
2004 49 1;590;64044920714;4;1;0;0;0;0;0;0;0;0;0;0;
2004 49 1;591;64044910863;4;0;1;0;0;0;0;1;0;1;0;0;
2004 49 1;592;64044920299;4;1;0;0;0;0;0;0;0;0;0;0;
2004 49 1;593;64044910666;4;1;0;0;0;0;0;1;0;0;0;0;
2004 49 1;594;64044910768;2;0;1;0;0;0;0;0;1;0;1;1;
2004 49 1;595;64044910724;2;1;0;0;0;0;0;1;0;0;0;0;
2004 49 1;596;64044911143;2;0;1;0;0;0;0;0;0;0;0;0;
2004 49 1;597;64044910208;2;1;0;0;0;0;0;1;0;0;0;0;
2004 49 1;598;64044910906;2;0;1;0;0;0;0;0;0;0;1;0;
2004 49 1;599;64044910176;8;1;0;0;0;0;0;1;0;0;0;0;
2004 49 1;600;64044910102;8;0;1;0;0;0;0;0;0;0;0;0;
2004 49 1;601;64044910577;8;1;0;0;0;0;0;1;0;0;0;0;
2004 49 1;602;64044910678;8;1;0;0;0;0;0;0;0;0;0;0;
2004 49 1;603;64044910468;8;0;1;0;0;0;0;1;0;0;0;0;
2004 49 1;604;64044910868;8;1;0;0;0;0;0;0;0;0;0;0;
2004 49 1;605;64044910669;8;1;0;0;0;0;0;1;0;0;0;0;
2004 49 1;606;64044911072;8;0;1;0;0;0;0;1;0;0;0;1;
2004 49 1;607;64044920589;11;1;0;0;0;0;0;0;0;0;0;0;
2004 49 1;608;64044910255;11;1;0;0;0;0;0;1;0;0;0;0;
2004 49 1;609;64044911104;11;0;1;0;0;0;0;0;1;0;1;0;
2004 49 1;610;64044910428;11;1;0;0;0;0;0;1;0;0;0;0;
2004 49 1;611;64044920332;11;1;0;0;0;0;0;0;0;0;0;0;
2004 49 1;612;64044910647;4;0;1;1;0;0;0;1;0;1;0;0;
2004 49 1;613;64044910219;2;1;0;0;0;0;0;1;0;0;0;0;
2004 49 1;614;64044910101;2;1;0;0;0;0;0;0;0;0;1;0;
2004 49 1;615;64044910285;2;0;1;0;0;0;0;1;1;0;0;1;
2004 49 1;616;64044911125;2;0;1;0;0;0;0;0;0;0;0;0;
2004 49 1;617;64044910218;2;1;0;0;0;0;0;1;0;0;0;0;
2004 49 1;618;64044910265;2;1;0;0;0;0;0;1;0;0;0;0;
2004 49 1;619;64044910890;2;0;1;0;0;0;0;0;0;0;1;0;
2004 49 1;620;64044910223;2;1;0;0;0;0;0;1;0;0;0;0;
2004 49 1;621;64044911095;2;0;1;0;0;0;0;0;0;0;0;0;
2004 49 1;622;64044910056;2;1;0;0;0;0;0;1;0;0;0;0;
2004 49 1;623;64044910392;2;1;0;0;0;0;0;0;0;0;1;0;
2004 49 1;624;64044910764;4;0;1;0;0;0;0;1;0;1;0;0;
2004 49 1;625;64044911117;4;0;1;0;0;0;0;0;0;0;0;0;
2004 49 1;626;64044910556;2;1;0;0;0;0;0;1;0;0;0;0;
2004 49 1;627;64044910024;2;1;0;0;0;1;0;0;1;0;1;1;
2004 49 1;628;64044910602;2;0;1;0;0;0;0;0;0;0;0;0;
2004 49 1;629;64044910217;2;1;0;0;0;0;0;1;0;0;0;0;
2004 49 1;630;64044910120;2;0;1;0;0;0;0;0;0;0;0;0;
2004 49 1;631;64044910225;2;1;0;0;0;0;0;1;0;0;0;0;
2004 49 1;632;64044910567;2;1;0;0;0;0;0;0;0;0;1;0;
2004 49 1;633;64044910283;2;0;1;0;0;0;0;1;1;0;0;0;
2004 49 1;634;64044911236;2;0;1;0;0;0;0;0;0;0;0;0;
2004 49 1;635;64044910210;2;1;0;0;0;0;0;1;0;0;0;0;
2004 49 1;636;64044910212;2;1;0;0;0;0;0;1;0;0;0;0;
2004 49 1;637;64044910897;2;0;1;0;0;1;0;0;0;0;1;1;
2004 49 1;638;64044910778;2;1;0;0;0;0;0;1;0;0;0;0;
2004 49 1;639;64044910088;2;0;1;0;0;0;0;0;0;0;0;0;
2004 49 1;640;64044910829;2;1;0;0;0;0;0;1;0;0;0;0;
2004 49 1;641;64044920525;4;1;0;0;0;0;0;0;0;0;0;0;
2004 49 1;642;64044910853;4;0;1;0;0;0;0;1;0;1;0;0;
2004 49 1;643;64044920523;4;1;0;0;0;0;0;0;0;0;0;0;
2004 49 1;644;64044910855;2;0;1;0;0;0;0;1;0;0;0;0;
2004 49 1;645;64044910258;11;1;0;0;0;0;0;0;0;0;1;0;
2004 49 1;646;64044330984;13;1;0;0;0;0;0;1;0;0;0;0;
2004 49 1;647;64044910057;12;0;1;0;0;0;0;0;0;0;0;1;
2004 49 1;648;64044910091;12;1;0;0;0;0;0;1;0;0;0;0;
2004 49 1;649;64044910879;12;0;1;0;0;0;0;0;0;0;0;0;
2004 49 1;650;64044330985;13;1;0;0;0;0;0;1;0;0;0;0;
2004 49 1;651;64044910710;4;1;0;0;0;0;0;0;0;0;1;0;
2004 49 1;652;64044911054;4;0;1;1;0;0;0;1;0;1;0;0;
2004 49 1;653;64044921229;8;1;0;0;0;0;0;0;0;0;0;0;
2004 49 1;654;64044910361;8;0;1;0;0;0;0;1;0;0;0;0;
2004 49 1;655;64044920629;8;1;0;0;0;0;0;0;0;0;0;0;
2004 49 1;656;64044910169;8;1;0;0;0;0;0;1;0;0;0;0;
2004 49 1;657;64045011039;9;0;1;0;0;0;0;0;0;0;1;1;
2004 49 1;658;64044910172;8;1;0;0;0;0;0;1;0;0;0;0;
2004 49 1;659;64044910003;8;1;0;0;0;0;0;1;0;0;0;0;
2004 49 1;660;64044910367;2;0;1;0;0;0;0;0;0;0;1;0;
2004 49 1;661;64044910124;2;0;1;0;0;0;0;1;1;0;0;0;
2004 49 1;662;64044910398;7;1;0;0;0;0;0;0;0;0;0;0;
2004 49 1;663;64044910105;7;1;0;0;0;0;0;1;0;0;0;0;
2004 49 1;664;64044911096;7;0;1;0;0;0;0;0;0;0;0;0;
2004 49 1;665;64044910626;7;1;0;0;0;0;0;1;0;0;0;0;
2004 49 1;666;64045108185;7;1;0;0;0;1;0;0;0;0;1;0;
2004 49 1;667;64044910741;4;0;1;0;0;0;0;1;0;1;0;0;
2004 49 1;668;64044920329;4;1;0;0;0;0;0;0;0;0;0;0;
2004 49 1;669;64044921261;2;1;0;0;0;0;0;1;0;0;0;0;
2004 49 1;670;64044910241;2;0;1;0;0;0;0;0;0;0;1;0;
2004 49 1;671;64044910899;2;0;1;0;0;0;0;1;0;0;0;0;
2004 49 1;672;64044810025;2;1;0;0;0;0;0;0;0;0;0;0;
2004 49 1;673;64044910618;2;0;1;0;0;0;0;1;1;0;0;1;
2004 49 1;674;64044920104;11;1;0;0;0;0;0;0;0;0;0;0;
2004 49 1;675;64044910084;11;1;0;0;0;0;0;1;0;0;0;0;
2004 49 1;676;64044911139;11;0;1;0;0;0;0;0;0;0;0;0;
2004 49 1;677;64044910607;11;1;0;0;0;0;0;1;0;0;0;0;
2004 49 1;678;64044910108;11;1;0;0;0;0;0;0;0;0;1;0;
2004 49 1;679;64044910753;4;0;1;0;0;0;0;1;0;1;0;0;
2004 49 1;680;64045040829;12;0;1;0;0;0;0;0;0;0;0;0;
2004 49 1;681;64044910776;12;1;0;0;0;0;0;1;0;0;0;0;
2004 49 1;682;64044910771;12;1;0;0;0;0;0;1;0;0;0;0;
2004 49 1;683;64044910060;12;0;1;0;0;0;0;0;0;0;0;1;
2004 49 1;684;64044910380;12;1;0;0;0;0;0;1;0;0;0;0;
2004 49 1;685;64044910232;12;1;0;0;0;0;0;0;0;0;1;0;
2004 49 1;686;64044910162;2;0;1;0;0;0;0;1;1;0;0;0;
2004 49 1;687;64044920254;1;1;0;0;0;0;0;1;0;0;0;0;
2004 49 1;688;64044911138;1;0;1;0;0;0;0;0;0;0;0;0;
2004 49 1;689;64044920609;1;1;0;0;0;0;0;1;0;0;0;0;
2004 49 1;690;64044920497;1;1;0;0;0;0;0;1;0;0;0;0;
2004 49 1;691;64044911124;1;0;1;0;0;0;0;0;0;0;1;0;
2004 49 1;692;64044920057;1;1;0;0;0;0;0;1;0;0;0;0;
2004 49 1;693;64044930246;1;1;0;0;0;0;0;0;0;0;0;0;
2004 49 1;694;64044910755;4;0;1;0;0;0;0;1;0;1;0;0;
2004 49 1;695;64044911122;1;0;1;0;0;0;0;0;0;0;0;0;
2004 49 1;696;64044920110;11;1;0;0;0;0;0;1;0;0;0;0;
2004 49 1;697;64044910256;11;1;0;0;0;0;0;0;0;0;1;1;
2004 49 1;698;64044910081;11;0;1;0;0;1;0;1;0;0;0;0;
2004 49 1;699;64044920596;11;1;0;0;0;0;0;0;0;0;0;0;
2004 49 1;700;64044920665;11;1;0;0;0;0;0;1;0;0;0;0;
2004 49 1;701;64044910881;11;0;1;0;0;0;0;0;0;0;0;0;
2004 49 1;702;64044920508;11;1;0;0;0;0;0;1;0;0;0;0;
2004 49 1;703;64044920558;11;1;0;0;0;0;0;0;0;0;0;0;
2004 49 1;704;64044910376;2;0;1;0;0;0;0;1;0;0;0;1;
2004 49 1;705;64044530174;5;1;0;0;0;0;0;0;0;0;1;0;
2004 49 1;706;64044910399;5;0;1;0;0;0;0;1;0;0;0;0;
2004 49 1;707;64044910867;5;0;1;0;0;0;0;0;0;0;0;0;
2004 49 1;708;64044910111;5;1;0;0;0;0;0;1;0;0;0;0;
2004 49 1;709;64044920468;5;1;0;0;0;0;0;0;0;0;0;0;
2004 49 1;710;64044910676;4;0;1;0;0;0;0;1;0;1;0;0;
2004 49 1;711;64044920196;7;1;0;0;0;0;0;0;0;0;0;0;
2004 49 1;712;64044910243;7;1;0;0;0;0;0;1;0;0;0;0;
2004 49 1;713;64044851046;7;0;1;0;0;0;0;0;0;0;1;1;
2004 49 1;714;64044910054;7;1;0;0;0;0;0;1;0;0;0;0;
2004 49 1;715;64044920631;7;1;0;0;0;0;0;0;0;0;0;0;
2004 49 1;716;64044910442;7;0;1;0;0;0;0;1;0;0;0;0;
2004 49 1;717;64044930409;7;1;0;0;0;0;0;0;0;0;1;0;
2004 49 1;718;64044910516;7;1;0;0;0;0;0;1;0;0;0;0;
2004 49 1;719;64044910915;7;0;1;0;0;0;0;0;0;0;0;0;
2004 49 1;720;64044910527;7;1;0;0;0;0;0;1;0;0;0;0;
2004 49 1;721;64044910751;4;0;1;0;0;0;0;1;0;1;0;0;
2004 49 1;722;64044910112;3;1;0;0;0;0;0;0;0;0;1;0;
2004 49 1;723;64044910251;3;1;0;0;0;1;0;1;0;0;0;0;
2004 49 1;724;64044910652;3;0;1;0;0;0;0;1;1;0;0;1;
2004 49 1;725;64044920417;3;1;0;0;0;0;0;0;0;0;0;0;
2004 49 1;726;64044910191;3;1;0;0;0;0;0;1;0;0;0;0;
2004 49 1;727;64044910079;3;0;1;0;0;0;0;0;0;0;0;0;
2004 49 1;728;64044910690;3;1;0;0;0;0;0;1;0;0;0;0;
2004 49 1;729;64044910110;3;1;0;0;0;0;0;0;0;0;1;0;
2004 49 1;730;64044910123;3;0;1;0;0;0;0;1;0;0;0;0;
2004 49 1;731;64044920498;3;1;0;0;0;0;0;0;0;0;0;0;
2004 49 1;732;64044910650;3;1;0;0;0;1;0;1;1;0;0;0;
2004 49 1;733;64044910068;12;0;1;0;0;0;0;0;0;0;0;1;
2004 49 1;734;64044910840;4;0;1;0;0;0;0;1;0;1;0;0;
2004 49 1;735;64044910571;3;1;0;0;0;0;0;0;0;0;1;0;
2004 49 1;736;64044910273;3;0;1;0;0;0;0;1;0;0;0;0;
2004 49 1;737;64044910876;3;1;0;0;0;0;0;0;0;0;1;0;
2004 49 1;738;64044920472;3;1;0;0;0;0;0;1;0;0;0;0;
2004 49 1;739;64044810251;4;0;1;0;0;0;0;0;0;0;0;0;
2004 49 1;740;64044910023;4;1;0;0;0;0;0;1;0;0;0;0;
2004 49 1;741;64044920574;4;1;0;0;0;0;0;0;0;0;0;0;
2004 49 1;742;64044910372;4;0;1;0;0;0;0;1;0;0;0;0;
2004 49 1;743;64044920288;4;1;0;0;0;0;0;0;0;0;0;0;
2004 49 1;744;64044910031;4;0;1;0;0;0;0;1;1;0;0;0;
2004 49 1;745;64044910116;4;1;0;0;0;0;0;0;0;0;1;0;
2004 49 1;746;64044910658;4;0;1;1;0;0;0;1;0;1;0;0;
2004 49 1;747;64044920401;4;1;0;0;0;0;0;0;0;0;0;0;
2004 49 1;748;64044910469;4;1;0;0;0;0;0;1;0;0;0;0;
2004 49 1;749;64044911132;4;0;1;0;0;0;0;0;0;0;0;0;
2004 49 1;750;64044910282;4;1;0;0;0;0;0;1;0;0;0;0;
2004 49 1;751;64044910446;4;0;1;0;0;0;0;0;0;0;1;0;
2004 49 1;752;64044920233;3;1;0;0;0;0;0;1;0;0;0;0;
2004 49 1;753;64044911078;3;0;1;0;0;0;0;0;0;0;0;1;
2004 49 1;754;64044920446;3;1;0;0;0;0;0;1;0;0;0;0;
2004 49 1;755;64044920615;3;1;0;0;0;0;0;0;0;0;0;0;
2004 49 1;756;64044910660;4;0;1;1;0;0;0;1;0;1;0;0;
2004 49 1;757;64044910886;3;1;0;0;0;0;0;0;1;0;1;0;
2004 49 1;758;64044920429;3;1;0;0;0;0;0;1;0;0;0;0;
2004 49 1;759;64045010232;5;0;1;0;0;0;0;0;0;0;0;0;
2004 49 1;760;64044920226;5;1;0;0;0;0;0;1;0;0;0;0;
2004 49 1;761;64044920478;5;1;0;0;0;0;0;0;0;0;0;0;
2004 49 1;762;64044910025;2;0;1;0;0;0;0;1;1;0;0;1;
2004 49 1;763;64044910873;2;1;0;0;0;0;0;0;0;0;1;0;
2004 49 1;764;64044921260;2;1;0;0;0;0;0;1;0;0;0;0;
2004 49 1;765;64044910911;2;0;1;0;0;1;0;0;0;0;1;0;
2004 49 1;766;64044920447;2;1;0;0;0;0;0;1;0;0;0;0;
2004 49 1;767;64044910555;2;0;1;0;0;0;0;1;0;0;0;0;
2004 49 1;768;64044920356;4;1;0;0;0;0;0;0;0;0;0;0;
2004 49 1;769;64044910858;4;0;1;0;0;0;0;1;0;1;0;0;
2004 49 1;770;64044920557;8;1;0;0;0;0;0;0;0;0;0;0;
2004 49 1;771;64044920701;8;1;0;0;0;0;0;1;0;0;0;0;
2004 49 1;772;64044911153;12;0;1;0;0;0;0;0;0;0;1;1;
2004 49 1;773;64044920335;8;1;0;0;0;0;0;1;0;0;0;0;
2004 49 1;774;64044920327;8;1;0;0;0;0;0;0;0;0;0;0;
2004 49 1;775;64044910153;8;0;1;0;0;0;0;1;0;0;0;0;
2004 49 1;776;64044920453;8;1;0;0;0;0;0;1;0;0;0;0;
2004 49 1;777;64044911240;8;0;1;0;0;0;0;0;0;0;1;1;
2004 49 1;778;64044920407;8;1;0;0;0;0;0;1;0;0;0;0;
2004 49 1;779;64044920488;8;1;0;0;0;0;0;0;0;0;0;0;
2004 49 1;780;64044910763;4;0;1;0;0;0;0;1;0;1;0;0;
2004 49 1;781;64044910128;7;1;0;0;0;0;0;0;0;0;1;0;
2004 49 1;782;64044920442;7;1;0;0;0;0;0;1;0;0;0;0;
2004 49 1;783;64044910866;7;0;1;0;0;0;0;0;0;0;0;0;
2004 49 1;784;64044910777;7;0;1;0;0;0;0;1;0;0;0;0;
2004 49 1;785;64044910094;7;1;0;0;0;0;0;0;0;0;1;0;
2004 49 1;786;64044920528;7;1;0;0;0;0;0;1;0;0;0;0;
2004 49 1;787;64044910888;7;0;1;0;0;0;0;0;0;0;0;0;
2004 49 1;788;64044920081;7;1;0;0;0;0;0;1;0;0;0;0;
2004 49 1;789;64044920562;7;1;0;0;0;0;0;0;0;0;0;0;
2004 49 1;790;64044920493;7;1;0;0;0;0;0;1;0;0;0;0;
2004 49 1;791;64044910425;7;0;1;0;0;0;0;0;0;0;1;0;
2004 49 1;792;64044910305;7;1;0;0;0;0;0;1;1;0;0;0;
2004 49 1;793;64044920535;7;1;0;0;0;0;0;1;0;0;0;0;
2004 49 1;794;64044910369;5;0;1;0;0;0;0;0;0;0;0;0;
2004 49 1;795;64044910916;4;0;1;0;0;0;0;1;0;1;0;0;
2004 49 1;796;64044920586;5;1;0;0;0;0;0;0;0;0;0;0;
2004 49 1;797;64044920216;2;1;0;0;0;0;0;1;0;0;0;0;
2004 49 1;798;64044910922;2;0;1;0;0;0;0;0;0;0;0;1;
2004 49 1;799;64044920619;2;1;0;0;0;0;0;1;0;0;0;0;
2004 49 1;800;64044910627;2;0;1;0;0;0;0;0;0;0;1;0;
2004 49 1;801;64044920411;2;1;0;0;0;0;0;1;0;0;0;0;
2004 49 1;802;64044921264;2;1;0;0;0;0;0;0;0;0;0;0;
2004 49 1;803;64044910603;2;0;1;0;0;0;0;1;0;0;0;0;
2004 49 1;804;64044910801;2;1;0;0;0;0;0;0;1;0;1;0;
2004 49 1;805;64044911074;2;0;1;0;0;1;0;1;0;0;0;1;
2004 49 1;806;64044920555;11;1;0;0;0;0;0;0;0;0;0;0;
2004 49 1;807;64044910390;11;0;1;0;0;0;0;0;0;0;0;0;
2004 49 1;808;64044920597;11;1;0;0;0;0;0;1;0;0;0;0;
2004 49 1;809;64044850646;4;0;1;0;0;0;0;0;0;0;0;0;
2004 49 1;810;64044910127;4;1;0;0;0;0;0;1;0;0;0;0;
2004 49 1;811;64044920403;4;1;0;0;0;0;0;0;0;0;0;0;
2004 49 1;812;64044910756;4;0;1;0;0;0;0;1;0;1;0;0;
2004 49 1;813;64044910146;4;1;0;0;0;0;0;0;1;0;1;0;
2004 49 1;814;64044910277;4;0;1;0;0;0;0;1;0;0;0;0;
2004 49 1;815;64044920398;4;1;0;0;0;0;0;0;0;0;0;0;
2004 49 1;816;64044910386;4;0;1;0;0;0;0;1;0;0;0;0;
2004 49 1;817;64044920579;4;1;0;0;0;0;0;1;0;0;0;0;
2004 49 1;818;64044910895;4;0;1;0;0;0;0;0;0;0;0;0;
2004 49 1;819;64044920345;4;1;0;0;0;0;0;1;0;0;0;0;
2004 49 1;820;64044920492;4;1;0;0;0;0;0;0;0;0;0;0;
2004 49 1;821;64044911238;4;0;1;0;0;0;0;1;0;0;0;0;
2004 49 1;822;64044910611;4;1;0;0;0;0;0;0;0;0;1;0;
2004 49 1;823;64044920231;4;1;0;0;0;0;0;1;0;0;0;0;
2004 49 1;824;64045011042;9;0;1;0;0;0;0;0;0;0;0;1;
2004 49 1;825;64044910680;4;0;1;0;0;0;0;1;0;1;0;0;
2004 49 1;826;64044920628;4;1;0;0;0;0;0;0;0;0;0;0;
2004 49 1;827;64044950057;2;1;0;0;0;0;0;1;0;0;0;0;
2004 49 1;828;64044910785;2;0;1;0;0;0;0;0;0;0;1;0;
2004 49 1;829;64044920293;2;1;0;0;0;0;0;1;0;0;0;0;
2004 49 1;830;64044910511;2;0;1;0;0;0;0;0;0;0;0;0;
2004 49 1;831;64044920600;2;1;0;0;0;0;0;1;0;0;0;0;
2004 49 1;832;64044920630;2;1;0;0;0;0;0;0;0;0;0;0;
2004 49 1;833;64044910595;2;0;1;0;0;0;0;1;0;0;0;1;
2004 49 1;834;64044910487;11;1;0;0;0;0;0;0;0;0;1;0;
2004 49 1;835;64044910844;4;0;1;0;0;0;0;1;0;1;0;0;
2004 49 1;836;64044920474;11;1;0;0;0;0;0;0;0;0;0;0;
2004 49 1;837;64044910115;11;0;1;0;0;0;0;1;0;0;0;0;
2004 49 1;838;64044920330;11;1;0;0;0;0;0;0;0;0;0;0;
2004 49 1;839;64044920239;11;1;0;0;0;0;0;0;0;0;0;0;
2004 49 1;840;64044910500;11;0;1;0;0;0;0;1;1;0;0;0;
2004 49 1;841;64044910780;11;1;0;0;0;0;0;0;0;0;1;0;
2004 49 1;842;64044920095;2;1;0;0;0;0;0;1;0;0;0;0;
2004 49 1;843;64044911092;2;0;1;0;0;1;0;0;0;0;0;1;
2004 49 1;844;64044910661;2;0;1;0;0;0;0;1;0;0;0;0;
2004 49 1;845;64044921236;2;1;0;0;0;0;0;0;0;0;0;0;
2004 49 1;846;64044910679;2;0;1;0;0;0;0;1;0;1;0;0;
2004 49 1;847;64045030268;2;1;0;0;0;0;0;0;0;0;1;0;
2004 49 1;848;64044920425;2;1;0;0;0;0;0;1;0;0;0;0;
2004 49 1;849;64044910070;2;0;1;0;0;0;0;1;0;0;0;0;
2004 49 1;850;64044920578;2;1;0;0;0;0;0;0;0;0;0;0;
2004 49 1;851;64044910043;2;1;0;0;0;1;0;1;1;0;0;0;
2004 49 1;852;64044911129;2;0;1;0;0;0;0;0;0;0;1;1;
2004 49 1;853;64044920454;1;1;0;0;0;0;0;1;0;0;0;0;
2004 49 1;854;64044911111;1;0;1;0;0;0;0;0;0;0;0;0;
2004 49 1;855;64044920489;1;1;0;0;0;0;0;1;0;0;0;0;
2004 49 1;856;64044850214;1;0;1;0;0;0;0;1;0;1;0;0;
2004 49 1;857;64044911058;1;1;0;0;0;0;0;0;1;0;1;0;
2004 49 1;858;64044920444;1;1;0;0;0;0;0;1;0;0;0;0;
2004 49 1;859;64044911118;1;0;1;0;0;0;0;0;0;0;0;0;
2004 49 1;860;64044920443;1;1;0;0;0;0;0;1;0;0;0;0;
2004 49 1;861;64044910521;12;1;0;0;0;0;0;0;0;0;0;0;
2004 49 1;862;64044910544;12;0;1;0;0;0;0;1;0;0;0;0;
2004 49 1;863;64044910095;12;1;0;0;0;0;0;0;1;0;1;0;
2004 49 1;864;64044910510;12;1;0;0;0;0;0;1;0;0;0;0;
2004 49 1;865;64044910064;12;0;1;0;0;0;0;0;0;0;0;1;
2004 49 1;866;64044910770;12;1;0;0;0;0;0;1;0;0;0;0;
2004 49 1;867;64044911103;12;0;1;0;0;0;0;0;1;0;1;0;
2004 49 1;868;64044910141;12;1;0;0;0;0;0;1;0;0;0;0;
2004 49 1;869;64044920581;12;1;0;0;0;0;0;1;0;0;0;0;
2004 49 1;870;64044910066;12;0;1;0;0;0;0;0;0;0;0;1;
2004 49 1;871;64044910750;4;0;1;0;0;0;0;1;0;1;0;0;
2004 49 1;872;64044910152;4;1;0;0;0;0;0;0;0;0;1;0;
2004 49 1;873;64044920410;4;1;0;0;0;0;0;1;0;0;0;0;
2004 49 1;874;64044940880;4;0;1;0;0;0;0;0;0;0;0;0;
2004 49 1;875;64044920464;4;1;0;0;0;0;0;1;0;0;0;0;