Date;SeqRank;Ident;Paint Color;HPRC1;HPRC2;LPRC1;LPRC2;LPRC3;LPRC4;LPRC5;LPRC6;LPRC7;LPRC8;LPRC9;LPRC10;
2004 48 5;805;39044851125;3;0;0;0;0;0;0;0;0;1;0;0;0;
2004 48 5;806;39044850901;3;0;0;0;0;0;0;0;0;1;0;0;0;
2004 48 5;807;39044850745;3;1;0;0;0;0;0;0;0;0;0;0;0;
2004 48 5;808;39044851599;3;0;0;1;0;0;0;0;0;0;0;0;0;
2004 48 5;809;39044850165;3;0;0;1;1;0;1;0;0;0;0;0;0;
2004 48 5;810;39044911665;3;0;0;1;0;0;0;0;0;0;0;0;0;
2004 48 5;811;39044850864;3;0;0;0;0;0;0;0;0;1;0;0;0;
2004 48 5;812;39044850746;3;1;0;0;0;0;0;0;0;0;0;0;0;
2004 48 5;813;39044850061;3;0;0;0;0;0;0;0;0;1;0;0;0;
2004 48 5;814;39044851156;3;0;0;0;0;0;0;0;0;1;0;0;0;
2004 48 5;815;39044850050;3;0;0;0;0;0;0;0;0;1;0;0;0;
2004 48 5;816;39044911154;3;0;0;0;0;0;0;0;0;1;0;0;0;
2004 48 5;817;39044840793;3;1;0;0;1;0;0;0;1;0;0;0;0;
2004 48 5;818;39044921167;3;0;0;0;0;0;0;0;0;1;0;0;0;
2004 48 5;819;39044921183;3;0;0;0;0;0;0;0;0;1;0;0;0;
2004 48 5;820;39044912027;3;0;0;0;0;0;0;0;0;1;0;0;0;
2004 48 5;821;39044921164;3;0;0;0;0;0;0;0;0;1;0;0;0;
2004 48 5;822;39044840861;3;1;0;0;0;0;0;0;0;0;0;0;0;
2004 48 5;823;39044921184;3;0;0;0;0;0;0;0;0;1;0;0;0;
2004 48 5;824;39044912034;3;0;0;0;0;0;0;0;0;1;0;0;0;
2004 48 5;825;39044921159;3;0;0;0;0;0;0;0;0;1;0;0;0;
2004 48 5;826;39044921154;3;0;0;0;0;0;0;0;0;1;0;0;0;
2004 48 5;827;39044850150;3;1;0;0;0;0;0;1;0;0;1;1;1;
2004 48 5;828;39044910218;3;0;0;1;0;0;0;0;0;0;0;0;0;
2004 48 5;829;39044921176;3;0;0;0;0;0;0;0;0;1;0;0;0;
2004 48 5;830;39044921155;3;0;0;0;0;0;0;0;0;1;0;0;0;
2004 48 5;831;39044851717;3;0;0;0;0;0;0;0;0;1;0;0;0;
2004 48 5;832;39044850936;3;1;0;0;1;0;0;0;0;0;0;0;0;
2004 48 5;833;39044912096;3;0;0;1;0;0;0;0;0;0;0;0;0;
2004 48 5;834;39044850098;3;0;0;0;0;0;0;0;0;1;0;0;0;
2004 48 5;835;39044850744;3;1;0;0;0;0;0;0;0;0;0;0;0;
2004 48 5;836;39044930837;3;0;0;1;0;0;0;0;0;0;0;0;0;
2004 48 5;837;39044911418;3;0;0;0;0;0;0;0;0;1;0;0;0;
2004 48 5;838;39044851669;3;0;0;1;0;0;0;0;0;0;0;0;0;
2004 48 5;839;39044851534;3;0;0;1;0;0;0;0;0;0;0;0;0;
2004 48 5;840;39044850908;3;1;0;0;1;0;0;0;0;0;0;0;0;
2004 48 5;841;39044921149;3;0;0;0;0;0;0;0;0;1;0;0;0;
2004 48 5;842;39044921170;3;0;0;0;0;0;0;0;0;1;0;0;0;
2004 48 5;843;39044921182;3;0;0;0;0;0;0;0;0;1;0;0;0;
2004 48 5;844;39044921181;3;0;0;0;0;0;0;0;0;1;0;0;0;
2004 48 5;845;39044921177;3;0;0;0;0;0;0;0;0;1;0;0;0;
2004 48 5;846;39044850811;3;1;0;0;0;0;0;0;0;0;0;0;0;
2004 48 5;847;39044921172;3;0;0;0;0;0;0;0;0;1;0;0;0;
2004 48 5;848;39044912036;3;0;0;0;0;0;0;0;0;1;0;0;0;
2004 48 5;849;39044921152;3;0;0;0;0;0;0;0;0;1;0;0;0;
2004 48 5;850;39044851072;3;0;0;0;0;0;0;0;0;1;0;0;0;
2004 48 5;851;39044840718;3;1;0;0;1;0;0;0;1;0;0;0;0;
2004 48 5;852;39044911435;3;0;0;0;0;0;0;0;0;1;0;0;0;
2004 48 5;853;39044911265;3;0;0;0;0;0;0;0;0;1;0;0;0;
2004 48 5;854;39044911181;3;0;0;0;0;0;0;0;0;1;0;0;0;
2004 48 5;855;39044850740;3;1;0;0;0;0;0;0;0;0;0;0;0;
2004 48 5;856;39044851040;3;0;0;0;0;0;0;0;0;1;0;0;0;
2004 48 5;857;39044851139;3;0;0;0;0;0;0;0;0;1;0;0;0;
2004 48 5;858;39044850943;3;0;0;0;0;0;0;0;0;1;0;0;0;
2004 48 5;859;39044850867;3;0;0;0;0;0;0;0;0;1;0;0;0;
2004 48 5;860;39044911138;3;0;0;0;0;0;0;0;0;1;0;0;0;
2004 48 5;861;39044840251;3;1;1;0;0;0;0;0;0;0;0;1;0;
2004 48 5;862;39044911145;3;0;0;0;0;0;0;0;0;1;0;0;0;
2004 48 5;863;39044911175;3;0;0;0;0;0;0;0;0;1;0;0;0;
2004 48 5;864;39044910219;3;0;0;0;0;0;0;0;0;1;0;0;0;
2004 48 5;865;39044930548;3;0;0;1;0;0;0;0;0;0;0;0;0;
2004 48 5;866;39044850742;3;1;0;0;0;0;0;0;0;0;0;0;0;
2004 48 5;867;39044850727;3;0;0;1;1;0;1;0;0;0;0;0;0;
2004 48 5;868;39044930790;3;0;0;1;0;0;0;0;0;0;0;0;0;
2004 48 5;869;39044851198;3;0;0;0;0;0;0;0;0;1;0;0;0;
2004 48 5;870;39044851203;3;0;0;0;0;0;0;0;0;1;0;0;0;
2004 48 5;871;39044840819;3;1;0;0;0;0;0;0;0;0;0;0;0;
2004 48 5;872;39044851222;3;0;0;0;0;0;0;0;0;1;0;0;0;
2004 48 5;873;39044850866;3;0;0;0;0;0;0;0;0;1;0;0;0;
2004 48 5;874;39044850203;3;0;0;0;0;0;0;0;0;1;0;0;0;
2004 48 5;875;39044911403;3;0;0;0;0;0;0;0;0;1;0;0;0;
2004 48 5;876;39044850775;3;1;0;0;1;0;0;0;0;0;0;0;0;
2004 48 5;877;39044930528;3;0;0;1;0;0;0;0;0;0;0;0;0;
2004 48 5;878;39044911400;3;0;0;0;0;0;0;0;0;1;0;0;0;
2004 48 5;879;39044911364;3;0;0;0;0;0;0;0;0;1;0;0;0;
2004 48 5;880;39044911245;3;0;0;0;0;0;0;0;0;1;0;0;0;
2004 48 5;881;39044850743;3;1;0;0;0;0;0;0;0;0;0;0;0;
2004 48 5;882;39044911225;3;0;0;1;0;0;0;0;0;0;0;0;0;
2004 48 5;883;39044920075;3;0;0;1;0;0;0;0;0;0;0;0;0;
2004 48 5;884;39044850169;3;0;0;1;1;0;0;0;0;0;0;0;0;
2004 48 5;885;39044920958;3;0;0;0;0;0;0;0;0;1;0;0;0;
2004 48 5;886;39044920848;3;0;0;0;0;0;0;0;0;1;0;0;0;
2004 48 5;887;39044850741;3;1;0;0;0;0;0;0;0;0;0;0;0;
2004 48 5;888;39044930273;3;0;0;1;0;0;0;0;0;0;0;0;0;
2004 48 5;889;39044911355;3;0;0;0;0;0;0;0;0;1;0;0;0;
2004 48 5;890;39044911359;3;0;0;0;0;0;0;0;0;1;0;0;0;
2004 48 5;891;39044911354;3;0;0;0;0;0;0;0;0;1;0;0;0;
2004 48 5;892;39044850261;3;1;1;0;1;0;0;0;0;0;0;0;0;
2004 48 5;893;39044911226;3;0;0;0;0;0;0;0;0;1;0;0;0;
2004 48 5;894;39044911158;3;0;0;0;0;0;0;0;0;1;0;0;0;
2004 48 5;895;39044911143;3;0;0;0;0;0;0;0;0;1;0;0;0;
2004 48 5;896;39044911177;3;0;0;0;0;0;0;0;0;1;0;0;0;
2004 48 5;897;39044850793;3;1;0;0;1;0;0;0;0;0;0;0;0;
2004 48 5;898;39044940939;3;0;0;1;0;0;0;0;0;0;0;0;0;
2004 48 5;899;39044911172;3;0;0;0;0;0;0;0;0;1;0;0;0;
2004 48 5;900;39044940910;3;0;0;1;0;0;0;0;0;0;0;0;0;
2004 48 5;901;39044911210;3;0;0;0;0;0;0;0;0;1;0;0;0;
2004 48 5;902;39044841390;3;1;0;0;0;0;0;0;0;0;0;1;0;
2004 48 5;903;39044911361;3;0;0;0;0;0;0;0;0;1;0;0;0;
2004 48 5;904;39044911276;3;0;0;0;0;0;0;0;0;1;0;0;0;
2004 48 5;905;39044940819;3;0;0;1;0;0;0;0;0;0;0;0;0;
2004 48 5;906;39044940742;3;0;0;1;0;0;0;0;0;0;0;0;0;
2004 48 5;907;39044850792;3;1;0;0;1;0;0;0;0;0;0;0;0;
2004 48 5;908;39044911357;3;0;0;0;0;0;0;0;0;1;0;0;0;
2004 48 5;909;39044911251;3;0;0;0;0;0;0;0;0;1;0;0;0;
2004 48 5;910;39044911353;3;0;0;0;0;0;0;0;0;1;0;0;0;
2004 48 5;911;39044911362;3;0;0;0;0;0;0;0;0;1;0;0;0;
2004 48 5;912;39044911358;3;0;0;0;0;0;0;0;0;1;0;0;0;
2004 48 5;913;39044850726;3;1;0;0;1;0;0;0;0;0;0;0;0;
2004 48 5;914;39044911351;3;0;0;0;0;0;0;0;0;1;0;0;0;
2004 48 5;915;39044911148;3;0;0;0;0;0;0;0;0;1;0;0;0;
2004 48 5;916;39044911363;3;0;0;0;0;0;0;0;0;1;0;0;0;
2004 48 5;917;39044911360;3;0;0;0;0;0;0;0;0;1;0;0;0;
2004 48 5;918;39044910222;3;1;0;0;0;0;0;0;0;0;0;0;0;
2004 48 5;919;39044911365;3;0;0;0;0;0;0;0;0;1;0;0;0;
2004 48 5;920;39044911272;3;0;0;0;0;0;0;0;0;1;0;0;0;
2004 48 5;921;39044911167;3;0;0;0;0;0;0;0;0;1;0;0;0;
2004 48 5;922;39044850262;3;1;1;0;1;0;0;0;0;0;0;0;0;
2004 48 5;923;39044911155;3;0;0;0;0;0;0;0;0;1;0;0;0;
2004 48 5;924;39044911352;3;0;0;0;0;0;0;0;0;1;0;0;0;
2004 48 5;925;39044911254;3;0;0;0;0;0;0;0;0;1;0;0;0;
2004 48 5;926;39044911162;3;0;0;0;0;0;0;0;0;1;0;0;0;
2004 48 5;927;39044910181;3;1;0;0;0;0;0;1;0;0;0;0;0;
2004 48 5;928;39044911199;3;0;0;0;0;0;0;0;0;1;0;0;0;
2004 48 5;929;39044911182;3;0;0;0;0;0;0;0;0;1;0;0;0;
2004 48 5;930;39044911249;3;0;0;0;0;0;0;0;0;1;0;0;0;
2004 48 5;931;39044910930;3;0;0;0;0;0;0;0;0;1;0;0;0;
2004 48 5;932;39044850820;3;1;0;0;0;0;0;0;0;0;0;0;1;
2004 48 5;933;39044930775;3;0;0;1;0;0;0;0;0;0;0;0;0;
2004 48 5;934;39044850794;3;1;0;0;1;0;0;0;0;0;0;0;0;
2004 48 5;935;39044920095;3;0;0;0;0;0;0;0;0;1;0;0;0;
2004 48 5;936;39044940947;3;0;0;1;0;0;0;0;0;0;0;0;0;
2004 48 5;937;39044920153;3;0;0;0;0;0;0;0;0;1;0;0;0;
2004 48 5;938;39044940918;3;0;0;1;0;0;1;0;0;0;0;0;0;
2004 48 5;939;39044850747;3;1;0;0;0;0;0;0;0;0;0;0;0;
2004 48 5;940;39044940909;3;0;0;1;0;0;0;0;0;0;0;0;0;
2004 48 5;941;39044940157;3;0;0;0;0;0;0;0;0;1;0;0;0;
2004 48 5;942;39044851601;3;0;0;1;0;0;0;0;0;0;0;1;0;
2004 48 5;943;39044940741;3;0;0;1;0;0;0;0;0;0;0;0;0;
2004 48 5;944;39044850245;3;1;1;0;1;0;0;0;0;0;0;0;0;
2004 48 5;945;39044940365;3;0;0;0;0;0;0;0;0;1;0;0;0;
2004 48 5;946;39044950452;3;0;0;0;0;0;0;0;0;1;0;0;0;
2004 48 5;947;39044950155;3;0;0;0;0;0;0;0;0;1;0;0;0;
2004 48 5;948;39044950104;3;0;0;0;0;0;0;0;0;1;0;0;0;
2004 48 5;949;39045110287;3;0;0;0;0;0;0;0;0;1;0;0;0;
2004 48 5;950;39044850099;3;1;0;0;0;0;0;0;0;0;0;0;0;
2004 48 5;951;39044911192;3;0;0;0;0;0;0;0;0;1;0;0;0;
2004 48 5;952;39044920975;3;0;0;0;0;0;0;0;0;1;0;0;0;
2004 48 5;953;39044920871;3;0;0;0;0;0;0;0;0;1;0;0;0;
2004 48 5;954;39044920158;3;0;0;0;0;0;0;0;0;1;0;0;0;
2004 48 5;955;39044850087;3;1;0;0;0;0;0;0;0;0;0;0;0;
2004 48 5;956;39044920982;3;0;0;0;0;0;0;0;0;1;0;0;0;
2004 48 5;957;39044940709;3;0;0;1;0;0;0;0;0;0;0;0;0;
2004 48 5;958;39044940710;3;0;0;1;0;0;0;0;0;0;0;0;0;
2004 48 5;959;39045050135;3;0;0;0;0;0;0;0;0;1;0;0;0;
2004 48 5;960;39044850490;3;1;0;0;1;0;0;0;1;0;0;0;0;
2004 48 5;961;39044930235;3;0;0;1;0;0;0;0;0;0;0;0;0;
2004 48 5;962;39044920991;3;0;0;0;0;0;0;0;0;1;0;0;0;
2004 48 5;963;39044920949;3;0;0;0;0;0;0;0;0;1;0;0;0;
2004 48 5;964;39044940825;3;0;0;1;0;0;0;0;0;0;0;0;0;
2004 48 5;965;39044910805;3;1;0;0;0;0;0;0;0;0;0;0;0;
2004 48 5;966;39044940122;3;0;0;0;0;0;0;0;0;1;0;0;0;
2004 48 5;967;39044950032;3;0;0;0;0;0;0;0;0;1;0;0;0;
2004 48 5;968;39045110289;3;0;0;0;0;0;0;0;0;1;0;0;0;
2004 48 5;969;39045110285;3;0;0;0;0;0;0;0;0;1;0;0;0;
2004 48 5;970;39044910225;3;1;0;0;0;0;0;0;0;0;0;0;0;
2004 48 5;971;39044940571;3;0;0;1;0;0;0;0;0;0;0;0;0;
2004 48 5;972;39044911174;3;0;0;0;0;0;0;0;0;1;0;0;0;
2004 48 5;973;39044910676;3;0;0;0;0;0;0;0;0;1;0;0;0;
2004 48 5;974;39044940111;3;0;0;1;0;0;0;0;0;0;0;0;0;
2004 48 5;975;39044920962;3;0;0;0;0;0;0;0;0;1;0;0;0;
2004 48 5;976;39044850263;3;1;1;0;1;0;0;0;0;0;0;0;0;
2004 48 5;977;39044920948;3;0;0;0;0;0;0;0;0;1;0;0;0;
2004 48 5;978;39044920960;3;0;0;0;0;0;0;0;0;1;0;0;0;
2004 48 5;979;39044920851;3;0;0;0;0;0;0;0;0;1;0;0;0;
2004 48 5;980;39044940480;3;0;0;0;0;0;0;0;0;1;0;0;0;
2004 48 5;981;39044850131;3;1;0;0;1;0;0;0;0;0;0;0;0;
2004 48 5;982;39044940155;3;0;0;0;0;0;0;0;0;1;0;0;0;
2004 48 5;983;39044950805;3;0;0;0;0;0;0;0;0;1;0;0;0;
2004 48 5;984;39044950803;3;0;0;0;0;0;0;0;0;1;0;0;0;
2004 48 5;985;39044950440;3;0;0;0;0;0;0;0;0;1;0;0;0;
2004 48 5;986;39044910702;3;1;0;0;0;0;0;0;0;0;0;0;0;
2004 48 5;987;39045050548;3;0;0;0;0;0;0;0;0;1;0;0;0;
2004 48 5;988;39045120131;3;0;0;0;0;0;0;0;0;1;0;0;0;
2004 48 5;989;39045140163;3;0;0;0;0;0;0;0;0;1;0;0;0;
2004 48 5;990;39045150041;3;0;0;0;0;0;0;0;0;1;0;0;0;
2004 48 5;991;39044850784;3;1;0;0;1;0;0;0;0;0;0;0;0;
2004 48 5;992;39044911257;3;0;0;0;0;0;0;0;0;1;0;0;0;
2004 48 5;993;39044911261;3;0;0;0;0;0;0;0;0;1;0;0;0;
2004 48 5;994;39044911006;3;0;0;0;0;0;0;0;0;1;0;0;0;
2004 48 5;995;39044920984;3;0;0;0;0;0;0;0;0;1;0;0;0;
2004 48 5;996;39044850586;3;1;0;0;1;0;0;0;0;0;0;0;0;
2004 48 5;997;39044840684;3;0;0;1;0;1;0;0;0;0;0;1;1;
2004 48 5;998;39044851445;3;0;0;1;0;0;1;0;0;0;0;0;0;
2004 48 5;999;39044940826;3;0;0;1;0;0;0;0;0;0;0;0;0;
2004 48 5;1000;39044850022;3;1;0;0;1;0;0;0;1;0;0;0;0;
2004 48 5;1001;39044920951;3;0;0;0;0;0;0;0;0;1;0;0;0;
2004 48 5;1002;39044920974;3;0;0;0;0;0;0;0;0;1;0;0;0;
2004 48 5;1003;39044920808;3;0;0;0;0;0;0;0;0;1;0;0;0;
2004 48 5;1004;39044920031;3;0;0;0;0;0;0;0;0;1;0;0;0;
2004 48 5;1005;39044940938;3;0;0;0;0;0;0;0;0;1;0;0;0;
2004 48 5;1006;39044840754;3;1;0;0;0;0;0;0;0;0;0;0;0;
2004 48 5;1007;39044940575;3;0;0;0;0;0;0;0;0;1;0;0;0;
2004 48 5;1008;39044940372;3;0;0;0;0;0;0;0;0;1;0;0;0;
2004 48 5;1009;39044940363;3;0;0;0;0;0;0;0;0;1;0;0;0;
2004 48 5;1010;39044940911;3;0;0;1;0;0;0;0;0;0;0;0;0;
2004 48 5;1011;39044850251;3;1;1;0;1;0;0;0;0;0;0;0;0;
2004 48 5;1012;39044940181;3;0;0;0;0;0;0;0;0;1;0;0;0;
2004 48 5;1013;39044940203;3;0;0;0;0;0;0;0;0;1;0;0;0;
2004 48 5;1014;39044950102;3;0;0;0;0;0;0;0;0;1;0;0;0;
2004 48 5;1015;39044950110;3;0;0;0;0;0;0;0;0;1;0;0;0;
2004 48 5;1016;39044910231;3;1;0;0;0;0;0;0;0;0;0;0;0;
2004 48 5;1017;39044950143;3;0;0;0;0;0;0;0;0;1;0;0;0;
2004 48 5;1018;39044950128;3;0;0;0;0;0;0;0;0;1;0;0;0;
2004 48 5;1019;39045120127;3;0;0;0;0;0;0;0;0;1;0;0;0;
2004 48 5;1020;39045120126;3;0;0;0;0;0;0;0;0;1;0;0;0;
2004 48 5;1021;39044910082;3;1;0;0;0;0;0;0;0;0;0;0;0;
2004 48 5;1022;39044920027;3;0;0;0;0;0;0;0;0;1;0;0;0;
2004 48 5;1023;39044950469;3;0;0;0;0;0;0;0;0;1;0;0;0;
2004 48 5;1024;39045040247;3;0;0;0;0;0;0;0;0;1;0;0;0;
2004 48 5;1025;39045110288;3;0;0;0;0;0;0;0;0;1;0;0;0;
2004 48 5;1026;39044950443;3;0;0;0;0;0;0;0;0;1;0;1;0;
2004 48 5;1027;39044850197;3;1;0;0;1;0;0;0;0;0;0;0;0;
2004 48 5;1028;39044950500;3;0;0;0;0;0;0;0;0;1;0;0;0;
2004 48 5;1029;39044851609;3;0;0;1;0;0;0;0;0;0;0;0;0;
2004 48 5;1030;39044950166;3;0;0;0;0;0;0;0;0;1;0;0;0;
2004 48 5;1031;39044851664;3;0;0;1;0;0;0;0;0;0;0;0;0;
2004 48 5;1032;39044851515;3;1;0;0;0;0;0;0;0;0;0;0;0;
2004 48 5;1033;39044851503;3;0;0;1;0;0;0;0;0;0;0;0;0;
2004 48 5;1034;39045050550;3;0;0;0;0;0;0;0;0;1;0;0;0;
2004 48 5;1035;39044841650;3;0;0;1;0;0;0;0;0;0;0;0;0;
2004 48 5;1036;39044851422;3;0;0;1;0;0;0;0;0;0;0;0;0;
2004 48 5;1037;39044850771;3;1;0;0;1;0;0;0;0;0;0;0;0;
2004 48 5;1038;39045150199;3;0;0;0;0;0;0;0;0;1;0;0;0;
2004 48 5;1039;39044851096;3;0;0;1;0;0;0;0;0;0;0;0;0;
2004 48 5;1040;39045220025;3;0;0;0;0;0;0;0;0;1;0;0;0;
2004 48 5;1041;39044940912;3;0;0;1;0;0;0;0;0;0;0;0;0;
2004 48 5;1042;39044940737;3;0;0;1;0;0;0;0;0;0;0;0;0;
2004 48 5;1043;39044840134;3;1;1;0;1;0;0;1;1;0;0;0;0;
2004 48 5;1044;39044911012;3;1;1;0;0;0;0;1;0;0;0;1;1;
2004 48 5;1045;39045020868;3;0;0;0;0;0;0;0;0;1;0;0;0;
2004 48 5;1046;39044912407;3;0;0;0;0;0;0;0;0;1;0;0;0;
2004 48 5;1047;39044910608;3;1;0;0;1;0;0;0;0;0;0;0;0;
2004 48 5;1048;39044931014;3;0;0;1;0;0;0;0;0;0;0;0;0;
2004 48 5;1049;39044931021;3;0;0;1;0;0;0;0;0;0;0;0;0;
2004 48 5;1050;39044911065;2;1;1;0;0;0;0;0;0;0;0;0;0;
2004 49 1;1;39044912236;8;0;0;0;0;0;0;0;0;1;0;0;0;
2004 49 1;2;39045210921;8;0;0;0;0;0;0;0;0;1;0;0;0;
2004 49 1;3;39044912470;8;0;0;0;0;0;0;0;0;1;0;0;0;
2004 49 1;4;39044912284;8;1;1;0;0;0;0;0;0;0;0;0;0;
2004 49 1;5;39044930951;8;0;0;0;0;0;0;0;0;1;0;0;0;
2004 49 1;6;39044921055;8;0;0;0;0;0;0;0;0;1;0;0;0;
2004 49 1;7;39044910232;8;1;0;0;0;0;0;0;0;0;0;0;0;
2004 49 1;8;39044921054;8;0;0;0;0;0;0;0;0;1;0;0;0;
2004 49 1;9;39044910940;8;0;0;1;1;0;0;0;0;0;0;0;0;
2004 49 1;10;39044911020;8;1;1;0;0;0;0;0;0;0;1;0;1;
2004 49 1;11;39044912287;8;0;0;1;0;0;0;0;0;0;0;0;0;
2004 49 1;12;39044912238;4;0;0;0;0;0;0;0;0;1;0;0;0;
2004 49 1;13;39044910572;4;1;0;0;0;0;0;0;0;0;0;0;0;
2004 49 1;14;39044921133;4;0;0;0;0;0;0;0;0;1;0;0;0;
2004 49 1;15;39044930094;4;0;0;0;0;0;0;0;0;1;0;0;0;
2004 49 1;16;39044911069;10;1;1;0;0;0;0;0;1;0;0;0;0;
2004 49 1;17;39044911091;6;0;0;1;1;0;1;0;0;0;0;0;0;
2004 49 1;18;39045030760;6;0;0;0;0;0;0;0;0;1;0;0;0;
2004 49 1;19;39044911123;10;1;0;0;0;0;0;0;0;0;0;0;0;
2004 49 1;20;39045030730;1;0;0;0;0;0;0;0;0;1;0;0;0;
2004 49 1;21;39044912332;1;0;0;1;0;0;0;0;0;0;0;0;0;
2004 49 1;22;39045030739;1;0;0;0;0;0;0;0;0;1;0;0;0;
2004 49 1;23;39044911024;10;1;1;0;0;0;0;0;0;0;0;0;0;
2004 49 1;24;39044910949;16;0;0;1;1;0;0;0;0;0;0;0;0;
2004 49 1;25;39044912405;16;0;0;0;0;0;0;0;0;1;0;0;0;
2004 49 1;26;39044930933;16;0;0;0;0;0;0;0;0;1;0;0;0;
2004 49 1;27;39044910117;10;1;0;0;0;0;0;0;0;0;0;1;0;
2004 49 1;28;39044930888;16;0;0;0;0;0;0;0;0;1;0;0;0;
2004 49 1;29;39044910932;16;0;0;1;1;0;0;0;0;0;0;0;0;
2004 49 1;30;39044911056;10;1;1;0;0;0;0;1;0;0;0;0;1;
2004 49 1;31;39044912467;3;0;0;0;0;0;0;0;0;1;0;0;0;
2004 49 1;32;39044912239;3;0;0;0;0;0;0;0;0;1;0;0;0;
2004 49 1;33;39044912286;3;0;0;0;0;0;0;0;0;1;0;0;0;
2004 49 1;34;39044911544;10;1;0;0;0;0;0;0;1;0;0;0;0;
2004 49 1;35;39044912371;13;0;0;0;0;0;0;0;0;1;0;0;0;
2004 49 1;36;39044930930;13;0;0;0;0;0;0;0;0;1;0;0;0;
2004 49 1;37;39044851421;13;1;0;0;1;0;0;0;0;0;0;0;0;
2004 49 1;38;39044912377;13;0;0;0;0;0;0;0;0;1;0;0;0;
2004 49 1;39;39044912374;13;0;0;0;0;0;0;0;0;1;0;0;0;
2004 49 1;40;39044911025;13;1;1;0;0;0;0;0;0;0;0;0;0;
2004 49 1;41;39044912446;13;0;0;1;0;0;0;0;0;0;0;0;0;
2004 49 1;42;39045030677;13;0;0;0;0;0;0;0;0;1;0;0;0;
2004 49 1;43;39045030676;13;0;0;0;0;0;0;0;0;1;0;0;0;
2004 49 1;44;39044912293;13;0;0;1;0;0;0;0;0;0;0;0;0;
2004 49 1;45;39045030706;13;0;0;0;0;0;0;0;0;1;0;0;0;
2004 49 1;46;39044910169;2;1;0;0;1;0;0;0;0;0;0;0;0;
2004 49 1;47;39044912369;12;0;0;0;0;0;0;0;0;1;0;0;0;
2004 49 1;48;39044912420;12;0;0;0;0;0;0;0;0;1;0;0;0;
2004 49 1;49;39044912419;12;0;0;0;0;0;0;0;0;1;0;0;0;
2004 49 1;50;39044930886;12;0;0;0;0;0;0;0;0;1;0;0;0;
2004 49 1;51;39044912418;12;0;0;0;0;0;0;0;0;1;0;0;0;
2004 49 1;52;39044911129;10;1;0;0;0;0;0;0;0;0;0;0;0;
2004 49 1;53;39044912399;11;0;0;0;0;0;0;0;0;1;0;0;0;
2004 49 1;54;39044940611;11;0;0;0;0;0;0;0;0;1;0;0;0;
2004 49 1;55;39044910166;10;1;1;0;1;0;0;0;1;0;0;0;0;
2004 49 1;56;39044940216;11;0;0;0;0;0;0;0;0;1;0;0;0;
2004 49 1;57;39044912469;3;0;0;0;0;0;0;0;0;1;0;0;0;
2004 49 1;58;39044910078;10;1;0;0;0;0;0;0;0;0;0;1;1;
2004 49 1;59;39044930912;6;0;0;0;0;0;0;0;0;1;0;0;0;
2004 49 1;60;39045030765;6;0;0;0;0;0;0;0;0;1;0;0;0;
2004 49 1;61;39044911070;10;1;1;0;0;0;0;1;0;0;0;0;0;
2004 49 1;62;39045030748;6;0;0;0;0;0;0;0;0;1;0;0;0;
2004 49 1;63;39044912388;6;0;0;0;0;0;0;0;0;1;0;0;0;
2004 49 1;64;39044912339;6;0;0;1;0;0;0;0;0;0;0;0;0;
2004 49 1;65;39045030759;6;0;0;0;0;0;0;0;0;1;0;0;0;
2004 49 1;66;39044850783;17;1;0;0;1;0;0;0;0;0;0;0;0;
2004 49 1;67;39045020861;17;0;0;1;0;0;0;0;0;0;0;0;0;
2004 49 1;68;39044912404;17;0;0;1;0;0;0;0;0;0;0;0;0;
2004 49 1;69;39044911032;17;1;1;0;0;0;0;0;0;0;0;0;0;
2004 49 1;70;39044911098;17;0;0;1;1;0;1;0;0;0;0;0;0;
2004 49 1;71;39044912400;17;0;0;1;0;0;0;0;0;0;0;0;0;
2004 49 1;72;39044910119;17;1;0;0;0;0;0;0;0;0;0;0;0;
2004 49 1;73;39045030660;17;0;0;0;0;0;0;0;0;1;0;0;0;
2004 49 1;74;39044930884;3;0;0;0;0;0;0;0;0;1;0;0;0;
2004 49 1;75;39044930798;3;0;0;0;0;0;0;0;0;1;0;0;0;
2004 49 1;76;39044930270;3;0;0;0;0;0;0;0;0;1;0;0;0;
2004 49 1;77;39044910631;17;1;0;0;1;0;0;0;0;0;0;0;0;
2004 49 1;78;39044950816;12;0;0;0;0;0;0;0;0;1;0;0;0;
2004 49 1;79;39044921128;12;0;0;0;0;0;0;0;0;1;0;0;0;
2004 49 1;80;39044920980;12;0;0;0;0;0;0;0;0;1;0;0;0;
2004 49 1;81;39044930506;12;0;0;0;0;0;0;0;0;1;0;0;0;
2004 49 1;82;39044940907;12;0;0;0;0;0;0;0;0;1;0;0;0;
2004 49 1;83;39044940612;12;0;0;0;0;0;0;0;0;1;0;0;0;
2004 49 1;84;39044911066;2;1;1;0;0;0;0;0;0;0;0;0;0;
2004 49 1;85;39044940726;12;0;0;0;0;0;0;0;0;1;0;0;0;
2004 49 1;86;39044940135;12;0;0;0;0;0;0;0;0;1;0;0;0;
2004 49 1;87;39044911125;2;1;0;0;0;0;0;1;1;0;0;0;0;
2004 49 1;88;39050320015;2;0;0;0;0;0;0;0;0;1;0;0;0;
2004 49 1;89;39044910939;2;0;0;1;1;0;0;0;0;0;0;0;0;
2004 49 1;90;39044912259;2;0;0;1;0;0;0;0;0;0;0;0;0;
2004 49 1;91;39044920539;2;1;1;0;0;0;0;0;0;0;1;1;0;
2004 49 1;92;39044912435;2;0;0;0;0;0;0;0;0;1;0;0;0;
2004 49 1;93;39045050586;2;0;0;0;0;0;0;0;0;1;0;0;0;
2004 49 1;94;39044911619;2;1;0;0;0;0;0;0;0;0;0;0;0;
2004 49 1;95;39044912454;2;0;0;0;0;0;0;0;0;1;0;0;0;
2004 49 1;96;39045050587;2;0;0;0;0;0;0;0;0;1;0;0;0;
2004 49 1;97;39044911061;2;1;1;0;0;0;0;0;0;0;0;0;0;
2004 49 1;98;39044912448;2;0;0;0;0;0;0;0;0;1;0;0;0;
2004 49 1;99;39044912403;14;0;0;1;0;0;0;0;0;0;0;0;0;
2004 49 1;100;39044912426;14;0;0;1;0;0;0;0;0;0;0;0;0;
2004 49 1;101;39044910077;14;1;0;0;0;0;0;0;0;0;0;0;0;
2004 49 1;102;39044940133;14;0;0;1;0;0;0;0;0;0;0;0;0;
2004 49 1;103;39044912412;14;0;0;0;0;0;0;0;0;1;0;0;0;
2004 49 1;104;39044850138;2;1;1;0;1;0;0;0;0;0;0;0;0;
2004 49 1;105;39045030822;2;0;0;0;0;0;0;0;0;1;0;0;0;
2004 49 1;106;39044921081;2;0;0;0;0;0;0;0;0;1;0;0;0;
2004 49 1;107;39044911134;2;1;0;0;0;0;0;0;0;0;0;0;1;
2004 49 1;108;39044912421;14;0;0;0;0;0;0;0;0;1;0;0;0;
2004 49 1;109;39045030823;14;0;0;0;0;0;0;0;0;1;0;0;0;
2004 49 1;110;39044911035;2;1;1;0;0;0;0;0;0;0;0;0;0;
2004 49 1;111;39044930934;13;0;0;0;0;0;0;0;0;1;0;0;0;
2004 49 1;112;39044940978;13;0;0;0;0;0;0;0;0;1;0;0;0;
2004 49 1;113;39044910113;2;1;0;0;1;0;0;0;0;0;0;0;0;
2004 49 1;114;39045030714;13;0;0;0;0;0;0;0;0;1;0;0;0;
2004 49 1;115;39044912327;13;0;0;1;0;0;0;0;0;0;0;0;0;
2004 49 1;116;39044920542;13;1;1;0;0;0;0;0;1;0;0;0;0;
2004 49 1;117;39045030701;13;0;0;0;0;0;0;0;0;1;0;0;0;
2004 49 1;118;39045030668;13;0;0;0;0;0;0;0;0;1;0;0;0;
2004 49 1;119;39045030711;13;0;0;0;0;0;0;0;0;1;0;0;0;
2004 49 1;120;39044912300;13;0;0;1;0;0;0;0;0;0;0;0;0;
2004 49 1;121;39044930887;13;0;0;0;0;0;0;0;0;1;0;0;0;
2004 49 1;122;39045030679;13;0;0;0;0;0;0;0;0;1;0;0;0;
2004 49 1;123;39045030703;13;0;0;0;0;0;0;0;0;1;0;0;0;
2004 49 1;124;39044911018;13;1;1;0;0;0;0;0;0;0;0;0;0;
2004 49 1;125;39045030687;13;0;0;0;0;0;0;0;0;1;0;0;0;
2004 49 1;126;39044912307;13;0;0;1;0;0;0;0;0;0;0;0;0;
2004 49 1;127;39044912450;13;0;0;0;0;0;0;0;0;1;0;0;0;
2004 49 1;128;39044911095;13;0;0;1;1;0;1;0;0;0;0;0;0;
2004 49 1;129;39044911028;13;1;1;0;0;0;0;0;0;0;0;1;1;
2004 49 1;130;39044912408;13;0;0;1;0;0;0;0;0;0;0;0;0;
2004 49 1;131;39045030692;13;0;0;0;0;0;0;0;0;1;0;0;0;
2004 49 1;132;39045030671;13;0;0;0;0;0;0;0;0;1;0;0;0;
2004 49 1;133;39045030710;13;0;0;0;0;0;0;0;0;1;0;0;0;
2004 49 1;134;39044911039;2;1;1;0;0;0;0;0;1;0;0;0;0;
2004 49 1;135;39044912430;9;0;0;0;0;0;0;0;0;1;0;0;0;
2004 49 1;136;39044912445;9;0;0;0;0;0;0;0;0;1;0;0;0;
2004 49 1;137;39044930945;9;0;0;0;0;0;0;0;0;1;0;0;0;
2004 49 1;138;39044910612;2;1;0;0;1;0;0;0;0;0;0;0;0;
2004 49 1;139;39044912353;6;0;0;1;0;0;0;0;0;0;0;0;0;
2004 49 1;140;39045030752;6;0;0;0;0;0;0;0;0;1;0;0;0;
2004 49 1;141;39044911058;2;1;1;0;0;0;0;0;0;0;0;0;0;
2004 49 1;142;39044930944;6;0;0;0;0;0;0;0;0;1;0;0;0;
2004 49 1;143;39044930946;6;0;0;0;0;0;0;0;0;1;0;0;0;
2004 49 1;144;39044911120;6;1;0;0;0;0;0;0;0;0;0;0;0;
2004 49 1;145;39045030750;6;0;0;0;0;0;0;0;0;1;0;0;0;
2004 49 1;146;39045030757;6;0;0;0;0;0;0;0;0;1;0;0;0;
2004 49 1;147;39044910317;6;1;0;0;0;0;0;0;0;0;0;0;0;
2004 49 1;148;39044912342;6;0;0;1;0;0;0;0;0;0;0;0;0;
2004 49 1;149;39044912390;6;0;0;0;0;0;0;0;0;1;0;0;0;
2004 49 1;150;39044911052;6;1;1;0;0;0;0;1;1;0;0;0;0;
2004 49 1;151;39045030764;6;0;0;0;0;0;0;0;0;1;0;0;0;
2004 49 1;152;39045030766;6;0;0;0;0;0;0;0;0;1;0;0;0;
2004 49 1;153;39045030751;6;0;0;0;0;0;0;0;0;1;0;0;0;
2004 49 1;154;39044910177;17;1;0;0;1;0;0;0;0;0;0;0;0;
2004 49 1;155;39044912385;1;0;0;0;0;0;0;0;0;1;0;0;0;
2004 49 1;156;39045030731;1;0;0;0;0;0;0;0;0;1;0;0;0;
2004 49 1;157;39044911023;1;1;1;0;0;0;0;0;0;0;0;0;0;
2004 49 1;158;39045030720;1;0;0;0;0;0;0;0;0;1;0;0;0;
2004 49 1;159;39044912333;1;0;0;1;0;0;0;0;0;0;0;0;0;
2004 49 1;160;39045030746;1;0;0;0;0;0;0;0;0;1;0;0;0;
2004 49 1;161;39045030722;1;0;0;0;0;0;0;0;0;1;0;0;0;
2004 49 1;162;39044920608;5;1;1;0;0;0;0;0;0;0;1;1;1;
2004 49 1;163;39044930903;5;0;0;0;0;0;0;0;0;1;0;0;0;
2004 49 1;164;39044912257;5;0;0;1;0;0;0;0;0;0;0;0;0;
2004 49 1;165;39044912262;5;1;0;0;0;0;0;0;0;0;0;0;0;
2004 49 1;166;39044911096;13;0;0;1;1;0;1;0;0;0;0;0;0;
2004 49 1;167;39045030694;13;0;0;0;0;0;0;0;0;1;0;0;0;
2004 49 1;168;39044931016;13;0;0;0;0;0;0;0;0;1;0;0;0;
2004 49 1;169;39044910175;13;1;1;0;0;0;0;0;0;0;0;0;0;
2004 49 1;170;39044912361;13;0;0;0;0;0;0;0;0;1;0;0;0;
2004 49 1;171;39044912343;13;0;0;1;0;0;0;0;0;0;0;0;0;
2004 49 1;172;39044912372;13;0;0;0;0;0;0;0;0;1;0;0;0;
2004 49 1;173;39045030709;13;0;0;0;0;0;0;0;0;1;0;0;0;
2004 49 1;174;39044910615;2;1;0;0;1;0;0;0;0;0;0;0;0;
2004 49 1;175;39044921078;2;0;0;0;0;0;0;0;0;1;0;0;0;
2004 49 1;176;39044921052;2;0;0;0;0;0;0;0;0;1;0;0;0;
2004 49 1;177;39044911076;2;1;1;0;0;0;0;1;0;0;0;0;0;
2004 49 1;178;39044912415;13;0;0;0;0;0;0;0;0;1;0;0;0;
2004 49 1;179;39045030675;13;0;0;0;0;0;0;0;0;1;0;0;0;
2004 49 1;180;39044912354;13;0;0;1;0;0;0;0;0;0;0;0;0;
2004 49 1;181;39045030690;13;0;0;0;0;0;0;0;0;1;0;0;0;
2004 49 1;182;39045030689;13;0;0;0;0;0;0;0;0;1;0;0;0;
2004 49 1;183;39044910609;2;1;0;0;1;0;0;0;0;0;0;0;0;
2004 49 1;184;39044912232;2;0;0;1;0;0;0;0;0;0;0;0;0;
2004 49 1;185;39044921053;2;0;0;0;0;0;0;0;0;1;0;0;0;
2004 49 1;186;39044911031;2;1;1;0;0;0;0;0;0;0;0;1;1;
2004 49 1;187;39044921104;2;0;0;0;0;0;0;0;0;1;0;0;0;
2004 49 1;188;39044921105;2;0;0;0;0;0;0;0;0;1;0;0;0;
2004 49 1;189;39044910618;2;1;0;0;1;0;0;0;0;0;0;0;0;
2004 49 1;190;39044921425;9;0;0;0;0;0;0;0;0;1;0;0;0;
2004 49 1;191;39044930921;9;0;0;0;0;0;0;0;0;1;0;0;0;
2004 49 1;192;39044911059;2;1;1;0;0;0;0;0;1;0;0;0;0;
2004 49 1;193;39044930910;16;0;0;0;0;0;0;0;0;1;0;0;0;
2004 49 1;194;39044921086;16;0;0;0;0;0;0;0;0;1;0;0;0;
2004 49 1;195;39044921057;16;0;0;0;0;0;0;0;0;1;0;0;0;
2004 49 1;196;39044910933;16;0;0;1;1;0;0;0;0;0;0;0;0;
2004 49 1;197;39044911026;2;1;1;0;0;0;0;0;0;0;0;0;0;
2004 49 1;198;39044940060;12;0;0;0;0;0;0;0;0;1;0;0;0;
2004 49 1;199;39044940189;12;0;0;0;0;0;0;0;0;1;0;0;0;
2004 49 1;200;39044940010;12;0;0;0;0;0;0;0;0;1;0;0;0;
2004 49 1;201;39044950804;12;0;0;0;0;0;0;0;0;1;0;0;0;
2004 49 1;202;39044911118;10;1;0;0;0;0;0;0;0;0;1;1;1;
2004 49 1;203;39044950208;14;0;0;1;0;0;0;0;0;0;0;0;0;
2004 49 1;204;39044930940;14;0;0;0;0;0;0;0;0;1;0;0;0;
2004 49 1;205;39044920570;14;1;1;0;0;0;0;1;0;0;0;0;0;
2004 49 1;206;39044930938;14;0;0;0;0;0;0;0;0;1;0;0;0;
2004 49 1;207;39044910935;14;0;0;1;1;0;0;0;0;0;0;0;0;
2004 49 1;208;39044850489;14;0;0;1;0;0;1;0;0;0;0;0;0;
2004 49 1;209;39044912278;5;1;0;0;0;0;0;0;0;0;0;0;0;
2004 49 1;210;39045030166;5;0;0;0;0;0;0;0;0;1;0;0;0;
2004 49 1;211;39045020217;5;0;0;1;0;0;0;0;0;0;0;0;0;
2004 49 1;212;39045150005;5;0;0;0;0;0;0;0;0;1;0;0;0;
2004 49 1;213;39044910211;5;1;0;0;0;0;0;0;0;0;0;0;0;
2004 49 1;214;39044921112;16;0;0;0;0;0;0;0;0;1;0;0;0;
2004 49 1;215;39044912401;16;0;0;1;0;0;0;0;0;0;0;0;0;
2004 49 1;216;39044910178;5;1;0;0;1;0;0;1;0;0;0;0;0;
2004 49 1;217;39045030818;7;0;0;0;0;0;0;0;0;1;0;0;0;
2004 49 1;218;39044930909;7;0;0;0;0;0;0;0;0;1;0;0;0;
2004 49 1;219;39044911075;7;1;1;0;0;0;0;0;0;0;0;0;0;
2004 49 1;220;39044930939;7;0;0;0;0;0;0;0;0;1;0;0;0;
2004 49 1;221;39044940976;7;0;0;0;0;0;0;0;0;1;0;0;0;
2004 49 1;222;39044911131;7;1;0;0;0;0;0;0;1;0;0;0;0;
2004 49 1;223;39045140514;7;0;0;0;0;0;0;0;0;1;0;0;0;
2004 49 1;224;39044912455;7;0;0;0;0;0;0;0;0;1;0;0;0;
2004 49 1;225;39044912422;7;0;0;0;0;0;0;0;0;1;0;0;0;
2004 49 1;226;39044911068;7;1;1;0;0;0;0;0;0;0;0;0;0;
2004 49 1;227;39044912436;7;0;0;0;0;0;0;0;0;1;0;0;0;
2004 49 1;228;39044930937;7;0;0;0;0;0;0;0;0;1;0;0;0;
2004 49 1;229;39045050580;7;0;0;0;0;0;0;0;0;1;0;0;0;
2004 49 1;230;39044910610;2;1;0;0;1;0;0;0;0;0;0;0;0;
2004 49 1;231;39044912387;6;0;0;0;0;0;0;0;0;1;0;0;0;
2004 49 1;232;39045030754;6;0;0;0;0;0;0;0;0;1;0;0;0;
2004 49 1;233;39044910728;2;1;1;0;0;0;0;0;0;0;0;0;0;
2004 49 1;234;39045020188;3;0;0;0;0;0;0;0;0;1;0;0;0;
2004 49 1;235;39044912461;3;0;0;1;0;0;0;0;0;0;0;0;0;
2004 49 1;236;39045020075;3;0;0;0;0;0;0;0;0;1;0;0;0;
2004 49 1;237;39045020226;3;0;0;0;0;0;0;0;0;1;0;0;0;
2004 49 1;238;39044912443;3;0;0;1;0;0;0;0;0;0;0;0;0;
2004 49 1;239;39044912460;3;0;0;1;0;0;0;0;0;0;0;0;0;
2004 49 1;240;39044911072;2;1;1;0;0;0;0;0;0;0;0;1;1;
2004 49 1;241;39045030738;1;0;0;0;0;0;0;0;0;1;0;0;0;
2004 49 1;242;39044912349;1;0;0;1;0;0;0;0;0;0;0;0;0;
2004 49 1;243;39045030737;1;0;0;0;0;0;0;0;0;1;0;0;0;
2004 49 1;244;39045030747;1;0;0;0;0;0;0;0;0;1;0;0;0;
2004 49 1;245;39044910148;1;1;1;0;1;0;0;1;1;0;0;0;0;
2004 49 1;246;39045030721;1;0;0;0;0;0;0;0;0;1;0;0;0;
2004 49 1;247;39045030725;1;0;0;0;0;0;0;0;0;1;0;0;0;
2004 49 1;248;39045020870;1;0;0;0;0;0;0;0;0;1;0;0;0;
2004 49 1;249;39044912329;1;0;0;1;0;0;0;0;0;0;0;0;0;
2004 49 1;250;39044912383;1;0;0;0;0;0;0;0;0;1;0;0;0;
2004 49 1;251;39044920541;1;1;1;0;0;0;0;0;0;0;0;0;0;
2004 49 1;252;39045030742;1;0;0;0;0;0;0;0;0;1;0;0;0;
2004 49 1;253;39044912311;1;0;0;1;0;0;0;0;0;0;0;0;0;
2004 49 1;254;39044910625;17;1;0;0;1;0;0;0;0;0;0;0;0;
2004 49 1;255;39044950437;12;0;0;0;0;0;0;0;0;1;0;0;0;
2004 49 1;256;39045020848;12;0;0;0;0;0;0;0;0;1;0;0;0;
2004 49 1;257;39044910627;17;1;0;0;1;0;0;0;0;0;0;0;0;
2004 49 1;258;39045020850;12;0;0;0;0;0;0;0;0;1;0;0;0;
2004 49 1;259;39044930915;7;0;0;0;0;0;0;0;0;1;0;0;0;
2004 49 1;260;39044911036;7;1;1;0;0;0;0;0;0;0;0;0;1;
2004 49 1;261;39044921439;7;0;0;0;0;0;0;0;0;1;0;0;0;
2004 49 1;262;39044912265;7;0;0;0;0;0;0;0;0;1;0;0;0;
2004 49 1;263;39044911127;7;1;0;0;0;0;0;0;1;0;0;0;0;
2004 49 1;264;39044921062;7;0;0;0;0;0;0;0;0;1;0;0;0;
2004 49 1;265;39045020186;7;0;0;1;0;0;0;0;0;0;0;0;0;
2004 49 1;266;39044921063;7;0;0;0;0;0;0;0;0;1;0;0;0;
2004 49 1;267;39044921088;7;0;0;0;0;0;0;0;0;1;0;0;0;
2004 49 1;268;39044911071;7;1;1;0;0;0;0;0;0;0;0;0;0;
2004 49 1;269;39044921090;7;0;0;0;0;0;0;0;0;1;0;0;0;
2004 49 1;270;39044921065;7;0;0;0;0;0;0;0;0;1;0;0;0;
2004 49 1;271;39044921089;7;0;0;0;0;0;0;0;0;1;0;0;0;
2004 49 1;272;39044921064;7;0;0;0;0;0;0;0;0;1;0;0;0;
2004 49 1;273;39044921046;7;0;0;0;0;0;0;0;0;1;0;0;0;
2004 49 1;274;39044911079;7;1;1;0;0;0;0;1;0;0;0;0;0;
2004 49 1;275;39044921047;7;0;0;0;0;0;0;0;0;1;0;0;0;
2004 49 1;276;39044921091;7;0;0;0;0;0;0;0;0;1;0;0;0;
2004 49 1;277;39044921066;7;0;0;0;0;0;0;0;0;1;0;0;0;
2004 49 1;278;39044921092;7;0;0;0;0;0;0;0;0;1;0;0;0;
2004 49 1;279;39044911049;17;1;1;0;0;0;0;0;1;0;0;0;0;
2004 49 1;280;39045020512;12;0;0;0;0;0;0;0;0;1;0;0;0;
2004 49 1;281;39045020117;12;0;0;0;0;0;0;0;0;1;0;0;0;
2004 49 1;282;39045020274;12;0;0;0;0;0;0;0;0;1;0;0;0;
2004 49 1;283;39044910628;17;1;0;0;1;0;0;0;0;0;0;0;0;
2004 49 1;284;39044912296;13;0;0;1;0;0;0;0;0;0;0;0;0;
2004 49 1;285;39044912322;13;0;0;1;0;0;0;0;0;0;0;0;0;
2004 49 1;286;39044910385;13;1;0;0;0;0;0;0;0;0;0;0;1;
2004 49 1;287;39045030691;13;0;0;0;0;0;0;0;0;1;0;0;0;
2004 49 1;288;39045030682;13;0;0;0;0;0;0;0;0;1;0;0;0;
2004 49 1;289;39044920555;13;1;1;0;0;0;0;0;0;0;1;1;0;
2004 49 1;290;39045030704;13;0;0;0;0;0;0;0;0;1;0;0;0;
2004 49 1;291;39044931017;13;0;0;0;0;0;0;0;0;1;0;0;0;
2004 49 1;292;39044910649;13;1;0;0;1;0;0;0;0;0;0;0;0;
2004 49 1;293;39045030702;13;0;0;0;0;0;0;0;0;1;0;0;0;
2004 49 1;294;39044930901;13;0;0;0;0;0;0;0;0;1;0;0;0;
2004 49 1;295;39044921412;13;0;0;0;0;0;0;0;0;1;0;0;0;
2004 49 1;296;39044911074;2;1;1;0;0;0;0;0;0;0;0;0;0;
2004 49 1;297;39044921051;2;0;0;0;0;0;0;0;0;1;0;0;0;
2004 49 1;298;39044912465;2;0;0;1;0;0;0;0;0;0;0;0;0;
2004 49 1;299;39044850758;2;1;0;0;1;0;0;0;1;0;0;0;0;
2004 49 1;300;39044921079;2;0;0;0;0;0;0;0;0;1;0;0;0;
2004 49 1;301;39044921282;2;0;0;0;0;0;0;0;0;1;0;0;0;
2004 49 1;302;39044920969;2;1;1;0;0;0;0;0;0;0;0;0;0;
2004 49 1;303;39044921080;2;0;0;0;0;0;0;0;0;1;0;0;0;
2004 49 1;304;39044921106;2;0;0;0;0;0;0;0;0;1;0;0;0;
2004 49 1;305;39044911103;2;1;0;0;0;0;0;0;0;0;0;0;1;
2004 49 1;306;39044912409;2;0;0;1;0;0;0;0;0;0;0;0;0;
2004 49 1;307;39044912275;2;0;0;1;0;0;0;0;0;0;0;0;0;
2004 49 1;308;39044912416;2;0;0;1;0;0;0;0;0;0;0;0;0;
2004 49 1;309;39044911077;2;1;1;0;0;0;0;1;0;0;0;0;0;
2004 49 1;310;39044940159;13;0;0;1;0;0;1;0;0;0;0;0;0;
2004 49 1;311;39044912299;13;0;0;1;0;0;0;0;0;0;0;0;0;
2004 49 1;312;39044910651;13;1;0;0;1;0;0;0;0;0;0;0;0;
2004 49 1;313;39044912411;13;0;0;0;0;0;0;0;0;1;0;0;0;
2004 49 1;314;39045030698;13;0;0;0;0;0;0;0;0;1;0;0;0;
2004 49 1;315;39044912380;13;0;0;0;0;0;0;0;0;1;0;0;0;
2004 49 1;316;39044910229;13;1;1;0;0;0;0;0;0;0;0;0;0;
2004 49 1;317;39044912325;13;0;0;1;0;0;0;0;0;0;0;0;0;
2004 49 1;318;39044941004;13;0;0;0;0;0;0;0;0;1;0;0;0;
2004 49 1;319;39045030693;13;0;0;0;0;0;0;0;0;1;0;0;0;
2004 49 1;320;39044910643;13;1;0;0;1;0;0;0;0;0;0;0;0;
2004 49 1;321;39045030672;13;0;0;0;0;0;0;0;0;1;0;0;0;
2004 49 1;322;39045030699;13;0;0;0;0;0;0;0;0;1;0;0;0;
2004 49 1;323;39044931018;13;0;0;0;0;0;0;0;0;1;0;0;0;
2004 49 1;324;39044930941;13;0;0;0;0;0;0;0;0;1;0;0;0;
2004 49 1;325;39044912319;13;0;0;1;0;0;0;0;0;0;0;0;0;
2004 49 1;326;39044912291;13;0;0;1;0;0;0;0;0;0;0;0;0;
2004 49 1;327;39044921421;13;0;0;0;0;0;0;0;0;1;0;0;0;
2004 49 1;328;39045030715;13;0;0;0;0;0;0;0;0;1;0;0;0;
2004 49 1;329;39045030680;13;0;0;0;0;0;0;0;0;1;0;0;0;
2004 49 1;330;39044911044;10;1;1;0;0;0;0;0;1;0;0;0;0;
2004 49 1;331;39044921111;16;0;0;0;0;0;0;0;0;1;0;0;0;
2004 49 1;332;39044921056;16;0;0;0;0;0;0;0;0;1;0;0;0;
2004 49 1;333;39044851251;10;1;0;0;1;0;0;0;0;0;0;0;0;
2004 49 1;334;39044912395;6;0;0;0;0;0;0;0;0;1;0;0;0;
2004 49 1;335;39044912389;6;0;0;0;0;0;0;0;0;1;0;0;0;
2004 49 1;336;39044911022;10;1;1;0;0;0;0;1;0;0;1;1;0;
2004 49 1;337;39044912384;1;0;0;0;0;0;0;0;0;1;0;0;0;
2004 49 1;338;39045030728;1;0;0;0;0;0;0;0;0;1;0;0;0;
2004 49 1;339;39044930931;1;0;0;0;0;0;0;0;0;1;0;0;0;
2004 49 1;340;39045030734;1;0;0;0;0;0;0;0;0;1;0;0;0;
2004 49 1;341;39045030732;1;0;0;0;0;0;0;0;0;1;0;0;0;
2004 49 1;342;39045030726;1;0;0;0;0;0;0;0;0;1;0;0;0;
2004 49 1;343;39045030718;1;0;0;0;0;0;0;0;0;1;0;0;0;
2004 49 1;344;39045030736;1;0;0;0;0;0;0;0;0;1;0;0;0;
2004 49 1;345;39044912381;1;0;0;0;0;0;0;0;0;1;0;0;0;
2004 49 1;346;39044910187;1;1;1;0;1;0;0;0;0;0;0;0;0;
2004 49 1;347;39045030724;1;0;0;0;0;0;0;0;0;1;0;0;0;
2004 49 1;348;39044930935;1;0;0;0;0;0;0;0;0;1;0;0;0;
2004 49 1;349;39044912348;1;0;0;1;0;0;0;0;0;0;0;0;0;
2004 49 1;350;39045030735;1;0;0;0;0;0;0;0;0;1;0;0;0;
2004 49 1;351;39045030648;1;0;0;1;0;0;0;0;0;0;0;0;1;
2004 49 1;352;39044830732;2;1;1;0;0;0;0;0;0;0;0;0;0;
2004 49 1;353;39044930932;6;0;0;0;0;0;0;0;0;1;0;0;0;
2004 49 1;354;39045030761;6;0;0;0;0;0;0;0;0;1;0;0;0;
2004 49 1;355;39044912261;6;0;0;0;0;0;0;0;0;1;0;0;0;
2004 49 1;356;39044912270;6;0;0;0;0;0;0;0;0;1;0;0;0;
2004 49 1;357;39044910936;6;0;0;1;1;0;0;0;0;0;0;0;0;
2004 49 1;358;39044911041;2;1;1;0;0;0;0;0;1;0;0;0;0;
2004 49 1;359;39044912410;6;0;0;0;0;0;0;0;0;1;0;0;0;
2004 49 1;360;39045030749;6;0;0;0;0;0;0;0;0;1;0;0;0;
2004 49 1;361;39045030763;6;0;0;0;0;0;0;0;0;1;0;0;0;
2004 49 1;362;39044912338;6;0;0;1;0;0;0;0;0;0;0;0;0;
2004 49 1;363;39044911050;2;1;1;0;0;0;0;1;0;0;0;0;0;
2004 49 1;364;39045030727;1;0;0;0;0;0;0;0;0;1;0;0;0;
2004 49 1;365;39044912382;1;0;0;0;0;0;0;0;0;1;0;0;0;
2004 49 1;366;39044910144;1;1;0;0;1;0;0;0;0;0;0;0;0;
2004 49 1;367;39044912351;1;0;0;1;0;0;0;0;0;0;0;0;0;
2004 49 1;368;39045030719;1;0;0;0;0;0;0;0;0;1;0;0;0;
2004 49 1;369;39044940932;1;0;0;1;0;0;1;0;0;0;0;0;0;
2004 49 1;370;39044920870;2;1;1;0;0;0;0;0;0;0;0;1;1;
2004 49 1;371;39044940915;4;0;0;0;0;0;0;0;0;1;0;0;0;
2004 49 1;372;39044940931;4;0;0;0;0;0;0;0;0;1;0;0;0;
2004 49 1;373;39044940188;4;0;0;0;0;0;0;0;0;1;0;0;0;
2004 49 1;374;39044940190;4;0;0;0;0;0;0;0;0;1;0;0;0;
2004 49 1;375;39045020510;4;0;0;0;0;0;0;0;0;1;0;0;0;
2004 49 1;376;39044920605;2;1;1;0;0;0;0;0;0;0;0;0;0;
2004 49 1;377;39045030686;13;0;0;0;0;0;0;0;0;1;0;0;0;
2004 49 1;378;39044912308;13;0;0;1;0;0;0;0;0;0;0;0;0;
2004 49 1;379;39044851420;13;1;0;0;1;0;0;0;1;0;0;0;0;
2004 49 1;380;39044930917;13;0;0;0;0;0;0;0;0;1;0;0;0;
2004 49 1;381;39044921440;13;0;0;0;0;0;0;0;0;1;0;0;0;
2004 49 1;382;39045030678;13;0;0;0;0;0;0;0;0;1;0;0;0;
2004 49 1;383;39045030708;13;0;0;0;0;0;0;0;0;1;0;0;0;
2004 49 1;384;39044912318;13;0;0;1;0;0;0;0;0;0;0;0;0;
2004 49 1;385;39045030674;13;0;0;0;0;0;0;0;0;1;0;0;0;
2004 49 1;386;39044912320;13;0;0;1;0;0;0;0;0;0;0;0;0;
2004 49 1;387;39045030716;13;0;0;0;0;0;0;0;0;1;0;0;0;
2004 49 1;388;39044910140;13;1;0;0;1;0;0;0;0;0;0;0;0;
2004 49 1;389;39045030717;13;0;0;0;0;0;0;0;0;1;0;0;0;
2004 49 1;390;39044912316;13;0;0;1;0;0;0;0;0;0;0;0;0;
2004 49 1;391;39044920867;7;1;1;0;0;0;0;1;0;0;1;0;1;
2004 49 1;392;39044940934;7;0;0;0;0;0;0;0;0;1;0;0;0;
2004 49 1;393;39044940908;7;0;0;0;0;0;0;0;0;1;0;0;0;
2004 49 1;394;39044940501;7;0;0;0;0;0;0;0;0;1;0;0;0;
2004 49 1;395;39044940117;7;0;0;0;0;0;0;0;0;1;0;0;0;
2004 49 1;396;39044911073;7;1;1;0;0;0;0;0;1;0;0;0;0;
2004 49 1;397;39044950505;7;0;0;0;0;0;0;0;0;1;0;0;0;
2004 49 1;398;39045020858;7;0;0;0;0;0;0;0;0;1;0;0;0;
2004 49 1;399;39044912248;7;1;0;0;0;0;0;0;0;0;0;0;0;
2004 49 1;400;39045020851;7;0;0;0;0;0;0;0;0;1;0;0;0;
2004 49 1;401;39045020846;7;0;0;0;0;0;0;0;0;1;0;0;0;
2004 49 1;402;39044910621;17;1;0;0;1;0;0;0;0;0;0;0;0;
2004 49 1;403;39044912391;13;0;0;0;0;0;0;0;0;1;0;0;0;
2004 49 1;404;39045030670;13;0;0;0;0;0;0;0;0;1;0;0;0;
2004 49 1;405;39045030697;13;0;0;0;0;0;0;0;0;1;0;0;0;
2004 49 1;406;39045030712;13;0;0;0;0;0;0;0;0;1;0;0;0;
2004 49 1;407;39045107658;13;1;1;0;0;0;0;0;0;0;0;1;1;
2004 49 1;408;39045030683;13;0;0;0;0;0;0;0;0;1;0;0;0;
2004 49 1;409;39045030681;13;0;0;0;0;0;0;0;0;1;0;0;0;
2004 49 1;410;39044912328;13;0;0;1;0;0;0;0;0;0;0;0;0;
2004 49 1;411;39044911093;13;0;0;1;1;0;1;0;0;0;0;0;0;
2004 49 1;412;39044920580;2;1;1;0;0;0;0;0;0;0;0;0;0;
2004 49 1;413;39044912272;6;0;0;1;0;0;0;0;0;0;0;0;0;
2004 49 1;414;39044912402;6;0;0;0;0;0;0;0;0;1;0;0;0;
2004 49 1;415;39044930947;6;0;0;0;0;0;0;0;0;1;0;0;0;
2004 49 1;416;39044911121;6;1;0;0;0;0;0;1;0;0;0;0;0;
2004 49 1;417;39045030753;6;0;0;0;0;0;0;0;0;1;0;0;0;
2004 49 1;418;39045030758;6;0;0;0;0;0;0;0;0;1;0;0;0;
2004 49 1;419;39045030756;6;0;0;0;0;0;0;0;0;1;0;0;0;
2004 49 1;420;39045030755;6;0;0;0;0;0;0;0;0;1;0;0;0;
2004 49 1;421;39044911046;2;1;1;0;0;0;0;0;1;0;0;0;0;
2004 49 1;422;39045030688;13;0;0;0;0;0;0;0;0;1;0;0;0;
2004 49 1;423;39044912379;13;0;0;0;0;0;0;0;0;1;0;0;0;
2004 49 1;424;39045030685;13;0;0;0;0;0;0;0;0;1;0;0;0;
2004 49 1;425;39044912373;13;0;0;0;0;0;0;0;0;1;0;0;0;
2004 49 1;426;39044912326;13;0;0;1;0;0;0;0;0;0;0;0;0;
2004 49 1;427;39045030673;13;0;0;0;0;0;0;0;0;1;0;0;0;
2004 49 1;428;39044910179;17;1;0;0;1;0;0;0;0;0;0;0;0;
2004 49 1;429;39045030723;1;0;0;0;0;0;0;0;0;1;0;0;0;
2004 49 1;430;39044912309;1;0;0;1;0;0;0;0;0;0;0;0;0;
2004 49 1;431;39044920544;1;1;1;0;0;0;0;0;0;0;0;0;0;
2004 49 1;432;39044912396;1;0;0;1;0;0;0;0;0;0;0;0;0;
2004 49 1;433;39045030741;1;0;0;0;0;0;0;0;0;1;0;0;0;
2004 49 1;434;39044911132;2;1;0;0;0;0;0;0;0;0;0;1;1;
2004 49 1;435;39044921103;2;0;0;0;0;0;0;0;0;1;0;0;0;
2004 49 1;436;39044921082;2;0;0;0;0;0;0;0;0;1;0;0;0;
2004 49 1;437;39044920573;2;1;1;0;0;0;0;0;0;0;0;0;0;
2004 49 1;438;39044921102;2;0;0;0;0;0;0;0;0;1;0;0;0;
2004 49 1;439;39044911555;2;0;0;1;0;0;0;0;0;0;0;0;0;
2004 49 1;440;39044910614;2;1;0;0;1;0;0;0;0;0;0;0;0;
2004 49 1;441;39044850179;2;0;0;1;0;0;0;0;0;0;0;0;0;
2004 49 1;442;39044921129;2;0;0;0;0;0;0;0;0;1;0;0;0;
2004 49 1;443;39044920561;2;1;1;0;0;0;0;0;0;0;0;0;0;
2004 49 1;444;39044921016;2;0;0;0;0;0;0;0;0;1;0;0;0;
2004 49 1;445;39044920954;2;0;0;0;0;0;0;0;0;1;0;0;0;
2004 49 1;446;39044910617;2;1;0;0;1;0;0;0;0;0;0;0;0;
2004 49 1;447;39044910955;2;0;0;1;0;0;0;0;0;0;0;0;0;
2004 49 1;448;39044940182;2;0;0;0;0;0;0;0;0;1;0;0;0;
2004 49 1;449;39044911038;2;1;1;0;0;0;0;0;1;0;0;0;0;
2004 49 1;450;39045020131;12;0;0;0;0;0;0;0;0;1;0;0;0;
2004 49 1;451;39045030439;12;0;0;0;0;0;0;0;0;1;0;0;0;
2004 49 1;452;39044940120;12;0;0;0;0;0;0;0;0;1;0;0;0;
2004 49 1;453;39044911128;2;1;0;0;0;0;0;0;0;0;0;0;0;
2004 49 1;454;39044950807;2;0;0;1;0;0;0;0;0;0;0;0;0;
2004 49 1;455;39045020853;2;0;0;0;0;0;0;0;0;1;0;0;0;
2004 49 1;456;39044910111;2;1;0;0;1;0;0;0;0;0;0;0;0;
2004 49 1;457;39045030762;6;0;0;0;0;0;0;0;0;1;0;0;0;
2004 49 1;458;39045030767;6;0;0;0;0;0;0;0;0;1;0;0;0;
2004 49 1;459;39044912398;6;0;0;0;0;0;0;0;0;1;0;1;0;
2004 49 1;460;39044911037;2;1;1;0;0;0;0;1;0;0;0;0;1;
2004 49 1;461;39044940374;14;0;0;1;0;0;1;0;0;0;0;0;0;
2004 49 1;462;39044912285;14;0;0;1;0;1;0;0;0;0;0;0;0;
2004 49 1;463;39044920217;14;1;0;0;0;0;0;0;0;0;0;0;0;
2004 49 1;464;39044921060;14;0;0;0;0;0;0;0;0;1;0;0;0;
2004 49 1;465;39044921059;14;0;0;0;0;0;0;0;0;1;0;0;0;
2004 49 1;466;39044920567;10;1;1;0;0;0;0;0;1;0;0;0;0;
2004 49 1;467;39044912439;6;0;0;0;0;0;0;0;0;1;0;0;0;
2004 49 1;468;39044921096;6;0;0;0;0;0;0;0;0;1;0;0;0;
2004 49 1;469;39044921095;6;0;0;0;0;0;0;0;0;1;0;0;0;
2004 49 1;470;39044910145;10;1;0;0;1;0;0;0;0;0;0;0;0;
2004 49 1;471;39045030745;1;0;0;0;0;0;0;0;0;1;0;0;0;
2004 49 1;472;39044912336;1;0;0;1;0;0;0;0;0;0;0;0;0;
2004 49 1;473;39044912362;1;0;0;1;0;0;0;0;0;0;0;0;0;
2004 49 1;474;39045030744;1;0;0;0;0;0;0;0;0;1;0;0;0;
2004 49 1;475;39044930904;1;0;0;0;0;0;0;0;0;1;0;0;0;
2004 49 1;476;39045030743;1;0;0;0;0;0;0;0;0;1;0;0;0;
2004 49 1;477;39045030740;1;0;0;0;0;0;0;0;0;1;0;0;0;
2004 49 1;478;39044910167;10;1;0;0;1;0;0;0;0;0;0;0;0;
2004 49 1;479;39044921094;6;0;0;0;0;0;0;0;0;1;0;0;0;
2004 49 1;480;39044921093;6;0;0;0;0;0;0;0;0;1;0;0;0;
2004 49 1;481;39044920976;6;0;0;0;0;0;0;0;0;1;0;0;0;
2004 49 1;482;39044940927;6;0;0;0;0;0;0;0;0;1;0;0;0;
2004 49 1;483;39044912340;6;0;0;1;0;0;0;0;0;0;0;0;0;
2004 49 1;484;39044940564;6;0;0;0;0;0;0;0;0;1;0;0;0;
2004 49 1;485;39044940276;6;0;0;0;0;0;0;0;0;1;0;0;0;
2004 49 1;486;39044910125;2;1;1;0;1;0;0;0;1;0;0;0;0;
2004 49 1;487;39044940021;6;0;0;0;0;0;0;0;0;1;0;0;0;
2004 49 1;488;39044912231;6;0;0;1;0;0;0;0;0;0;0;0;0;
2004 49 1;489;39044910189;2;1;0;0;0;0;0;1;0;0;1;0;1;
2004 49 1;490;39045030669;13;0;0;0;0;0;0;0;0;1;0;0;0;
2004 49 1;491;39044912378;13;0;0;0;0;0;0;0;0;1;0;0;0;
2004 49 1;492;39045030713;13;0;0;0;0;0;0;0;0;1;0;0;0;
2004 49 1;493;39044911014;13;1;1;0;0;0;0;0;0;0;0;1;0;
2004 49 1;494;39044912440;13;0;0;0;0;0;0;0;0;1;0;0;0;
2004 49 1;495;39044912434;13;0;0;0;0;0;0;0;0;1;0;0;0;
2004 49 1;496;39044931020;13;0;0;0;0;0;0;0;0;1;0;0;0;
2004 49 1;497;39050320016;13;0;0;0;0;0;0;0;0;1;0;0;0;
2004 49 1;498;39044911092;13;0;0;1;1;0;1;0;0;0;0;0;0;
2004 49 1;499;39044911009;2;1;0;0;0;0;0;0;0;0;0;0;0;
2004 49 1;500;39045020002;2;0;0;0;0;0;0;0;0;1;0;0;0;
2004 49 1;501;39045020276;2;0;0;0;0;0;0;0;0;1;0;0;0;
2004 49 1;502;39044911042;2;1;1;0;0;0;0;0;1;0;0;0;0;
2004 49 1;503;39045020193;2;0;0;0;0;0;0;0;0;1;0;0;0;
2004 49 1;504;39045030600;2;0;0;0;0;0;0;0;0;1;0;0;0;
2004 49 1;505;39044912346;13;0;0;1;0;0;0;0;0;0;0;0;0;
2004 49 1;506;39044912317;13;0;0;1;0;0;0;0;0;0;0;0;0;
2004 49 1;507;39044912367;13;0;0;0;0;0;0;0;0;1;0;0;0;
2004 49 1;508;39044910134;13;1;0;0;1;0;0;0;0;0;0;0;0;
2004 49 1;509;39044931015;13;0;0;0;0;0;0;0;0;1;0;0;0;
2004 49 1;510;39044931019;13;0;0;0;0;0;0;0;0;1;0;0;0;
2004 49 1;511;39044912357;13;0;0;1;0;0;0;0;0;0;0;0;0;
2004 49 1;512;39044920533;10;1;1;0;0;0;0;0;0;0;0;0;1;
2004 49 1;513;39044912386;1;0;0;0;0;0;0;0;0;1;0;0;0;
2004 49 1;514;39044921422;1;0;0;0;0;0;0;0;0;1;0;0;0;
2004 49 1;515;39045030733;1;0;0;0;0;0;0;0;0;1;0;0;0;
2004 49 1;516;39044912429;1;0;0;0;0;0;0;0;0;1;0;0;0;
2004 49 1;517;39044911124;10;1;0;0;0;0;0;0;0;0;0;0;0;
2004 49 1;518;39044930927;9;0;0;0;0;0;0;0;0;1;0;0;0;
2004 49 1;519;39044921084;9;0;0;0;0;0;0;0;0;1;0;0;0;
2004 49 1;520;39044850189;10;1;1;0;1;0;0;1;1;0;0;0;0;
2004 49 1;521;39044921085;9;0;0;0;0;0;0;0;0;1;0;0;0;
2004 49 1;522;39044921115;9;0;0;0;0;0;0;0;0;1;0;0;0;
2004 49 1;523;39044910223;10;1;0;0;0;0;0;0;0;0;0;0;0;
2004 49 1;524;39044930135;14;0;0;0;0;0;0;0;0;1;0;0;0;
2004 49 1;525;39044940950;14;0;0;0;0;0;0;0;0;1;0;0;0;
2004 49 1;526;39045020770;14;0;0;0;0;0;0;0;0;1;0;0;0;
2004 49 1;527;39044911047;14;1;1;0;0;0;0;0;0;0;0;0;0;
2004 49 1;528;39045107660;14;0;0;0;0;0;0;0;0;1;0;0;0;
2004 49 1;529;39045030140;14;0;0;1;0;0;0;0;0;0;0;1;1;
2004 49 1;530;39044910110;10;1;0;0;1;0;0;0;0;0;0;0;0;
2004 49 1;531;39044950226;6;0;0;0;0;0;0;0;0;1;0;0;0;
2004 49 1;532;39044950160;6;0;0;0;0;0;0;0;0;1;0;0;0;
2004 49 1;533;39044910459;10;1;0;0;0;0;0;0;0;0;0;0;0;
2004 49 1;534;39044950005;6;0;0;0;0;0;0;0;0;1;0;0;0;
2004 49 1;535;39044912313;6;0;0;1;0;0;0;0;0;0;0;0;0;
2004 49 1;536;39044911133;10;1;0;0;0;0;0;0;1;0;0;0;0;
2004 49 1;537;39044912359;13;0;0;1;0;0;0;0;0;0;0;0;0;
2004 49 1;538;39044930943;13;0;0;0;0;0;0;0;0;1;0;0;0;
2004 49 1;539;39044911097;13;0;0;1;1;0;1;0;0;0;0;0;0;
2004 49 1;540;39044912437;13;0;0;0;0;0;0;0;0;1;0;0;0;
2004 49 1;541;39044921427;13;0;0;0;0;0;0;0;0;1;0;0;0;
2004 49 1;542;39044912431;13;0;0;0;0;0;0;0;0;1;0;0;0;
2004 49 1;543;39044912302;13;0;0;1;0;0;0;0;0;0;0;0;0;
2004 49 1;544;39045030599;2;0;0;0;0;0;0;0;0;1;0;0;0;
2004 49 1;545;39044911062;2;1;1;0;0;0;0;0;0;0;1;0;0;
2004 49 1;546;39045030072;2;0;0;0;0;0;0;0;0;1;0;0;0;
2004 49 1;547;39044910947;2;0;0;1;1;0;0;0;0;0;0;0;0;
2004 49 1;548;39044910237;2;1;0;0;0;0;0;0;0;0;0;0;0;
2004 49 1;549;39045030729;1;0;0;0;0;0;0;0;0;1;0;0;0;
2004 49 1;550;39044912330;1;0;0;1;0;0;0;0;0;0;0;0;0;
2004 49 1;551;39044920568;2;1;1;0;0;0;0;0;0;0;0;0;0;
2004 49 1;552;39044921108;9;0;0;0;0;0;0;0;0;1;0;0;0;
2004 49 1;553;39044921110;9;0;0;0;0;0;0;0;0;1;0;0;0;
2004 49 1;554;39044921109;9;0;0;0;0;0;0;0;0;1;0;0;0;
2004 49 1;555;39044910611;2;1;0;0;1;0;0;0;0;0;0;0;0;
2004 49 1;556;39044912251;13;0;0;0;0;0;0;0;0;1;0;0;0;
2004 49 1;557;39050320017;13;0;0;0;0;0;0;0;0;1;0;0;0;
2004 49 1;558;39044910228;13;1;1;0;0;0;0;1;0;0;0;1;1;
2004 49 1;559;39044912414;13;0;0;0;0;0;0;0;0;1;0;0;0;
2004 49 1;560;39044912344;13;0;0;1;0;0;0;0;0;0;0;0;0;
2004 49 1;561;39044910934;2;1;0;0;0;0;0;0;0;0;0;0;0;
2004 49 1;562;39045040595;2;0;0;0;0;0;0;0;0;1;0;0;0;
2004 49 1;563;39044950522;2;0;0;1;0;0;0;0;0;0;0;0;0;
2004 49 1;564;39044920553;2;1;1;0;0;0;0;0;1;0;0;0;0;
2004 49 1;565;39045030695;13;0;0;0;0;0;0;0;0;1;0;0;0;
2004 49 1;566;39045030696;13;0;0;0;0;0;0;0;0;1;0;0;0;
2004 49 1;567;39044930900;13;0;0;0;0;0;0;0;0;1;0;0;0;
2004 49 1;568;39044910645;13;1;0;0;1;0;0;0;0;0;0;0;0;
2004 49 1;569;39044912304;13;0;0;1;0;0;0;0;0;0;0;0;0;
2004 49 1;570;39044912376;13;0;0;0;0;0;0;0;0;1;0;0;0;
2004 49 1;571;39044910227;13;1;0;0;0;0;0;0;0;0;0;0;0;
2004 49 1;572;39045020867;13;0;0;0;0;0;0;0;0;1;0;0;0;
2004 49 1;573;39045030684;13;0;0;0;0;0;0;0;0;1;0;0;0;
2004 49 1;574;39044912375;13;0;0;0;0;0;0;0;0;1;0;0;0;
2004 49 1;575;39044930942;13;0;0;0;0;0;0;0;0;1;0;0;0;
2004 49 1;576;39044911034;7;1;1;0;0;0;0;0;0;0;0;0;0;
2004 49 1;577;39045020771;7;0;0;0;0;0;0;0;0;1;0;0;0;
2004 49 1;578;39044912273;7;0;0;1;0;0;1;0;0;0;0;0;0;
2004 49 1;579;39044911089;7;1;0;0;0;0;0;0;0;0;0;0;0;
2004 49 1;580;39045020515;7;0;0;0;0;0;0;0;0;1;0;0;0;
2004 49 1;581;39045020191;7;0;0;0;0;0;0;0;0;1;0;0;0;
2004 49 1;582;39044911029;7;1;1;0;0;0;0;0;0;0;0;0;0;
2004 49 1;583;39045020185;7;0;0;0;0;0;0;0;0;1;0;0;0;
2004 49 1;584;39045030656;7;0;0;0;0;0;0;0;0;1;0;0;0;
2004 49 1;585;39044911135;2;1;0;0;0;0;0;0;1;0;0;0;0;
2004 49 1;586;39045110314;2;0;0;0;0;0;0;0;0;1;0;0;0;
2004 49 1;587;39044910948;2;0;0;1;1;0;0;0;0;0;0;0;0;
2004 49 1;588;39044920525;2;1;1;0;0;0;0;0;0;0;0;1;1;
2004 49 1;589;39045150176;2;0;0;0;0;0;0;0;0;1;0;0;0;
2004 49 1;590;39045150027;2;0;0;0;0;0;0;0;0;1;0;0;0;
2004 49 1;591;39044910105;2;1;0;0;0;0;0;0;0;0;0;0;0;
2004 49 1;592;39044950438;2;0;0;1;0;0;0;0;0;0;0;0;0;
2004 49 1;593;39045210454;2;0;0;0;0;0;0;0;0;1;0;0;0;
2004 49 1;594;39044920517;2;1;1;0;0;0;0;1;0;0;1;0;0;
2004 49 1;595;39045210452;2;0;0;0;0;0;0;0;0;1;0;0;0;
2004 49 1;596;39045210451;2;0;0;0;0;0;0;0;0;1;0;0;0;
2004 49 1;597;39044910114;2;1;0;0;1;0;0;0;0;0;0;0;0;
2004 49 1;598;39044912424;13;0;0;0;0;0;0;0;0;1;0;0;0;
2004 49 1;599;39044912295;13;0;0;1;0;0;0;0;0;0;0;0;0;
2004 49 1;600;39044912305;13;0;0;1;0;0;0;0;0;0;0;0;0;
2004 49 1;601;39045030700;13;0;0;0;0;0;0;0;0;1;0;0;0;
2004 49 1;602;39044910555;13;1;1;0;0;0;0;0;0;0;0;0;0;
2004 49 1;603;39045030707;13;0;0;0;0;0;0;0;0;1;0;0;0;
2004 49 1;604;39044911088;13;0;0;1;1;0;0;0;0;0;0;0;0;
2004 49 1;605;39045030705;13;0;0;0;0;0;0;0;0;1;0;0;0;
2004 49 1;606;39044912345;13;0;0;1;0;0;0;0;0;0;0;0;0;
2004 49 1;607;39044921072;13;0;0;0;0;0;0;0;0;1;0;0;0;
2004 49 1;608;39044822018;10;1;0;0;0;0;0;0;0;0;0;0;1;
2004 49 1;609;39044940977;1;0;0;0;0;0;0;0;0;1;0;0;0;
2004 49 1;610;39044921098;1;0;0;0;0;0;0;0;0;1;0;0;0;
2004 49 1;611;39044912335;1;0;0;1;0;0;0;0;0;0;0;0;0;
2004 49 1;612;39044912365;1;0;0;1;0;0;0;0;0;0;0;0;0;
2004 49 1;613;39044911048;10;1;1;0;0;0;0;0;0;0;0;0;0;
2004 49 1;614;39045040152;12;0;0;0;0;0;0;0;0;1;0;0;0;
2004 49 1;615;39045040340;12;0;0;0;0;0;0;0;0;1;0;0;0;
2004 49 1;616;39045040001;12;0;0;0;0;0;0;0;0;1;0;0;0;
2004 49 1;617;39044910076;10;1;0;0;0;0;0;0;0;0;0;0;0;
2004 49 1;618;39045210647;12;0;0;0;0;0;0;0;0;1;0;0;0;
2004 49 1;619;39050140005;12;0;0;0;0;0;0;0;0;1;0;0;0;
2004 49 1;620;39044910132;10;1;1;0;1;0;0;1;1;0;0;0;0;
2004 49 1;621;39045020847;6;0;0;0;0;0;0;0;0;1;0;0;0;
2004 49 1;622;39045020856;6;0;0;0;0;0;0;0;0;1;0;0;0;
2004 49 1;623;39045020800;6;0;0;0;0;0;0;0;0;1;0;0;0;
2004 49 1;624;39050150021;6;0;0;0;0;0;0;0;0;1;0;1;0;
2004 49 1;625;39045020820;6;0;0;0;0;0;0;0;0;1;0;0;0;
2004 49 1;626;39044950444;10;1;0;0;0;0;0;0;0;0;0;0;1;
2004 49 1;627;39045020801;6;0;0;0;0;0;0;0;0;1;0;0;0;
2004 49 1;628;39045020520;6;0;0;0;0;0;0;0;0;1;0;0;0;
2004 49 1;629;39044910348;10;1;0;0;0;0;0;0;0;0;0;0;0;
2004 49 1;630;39044921058;16;0;0;0;0;0;0;0;0;1;0;0;0;
2004 49 1;631;39044921087;16;0;0;0;0;0;0;0;0;1;0;0;0;
2004 49 1;632;39044910109;4;1;0;0;1;0;0;0;0;0;0;0;0;
2004 49 1;633;39045020014;4;0;0;0;0;0;0;0;0;1;0;0;0;
2004 49 1;634;39045020077;4;0;0;0;0;0;0;0;0;1;0;0;0;
2004 49 1;635;39045030606;4;0;0;0;0;0;0;0;0;1;0;0;0;
2004 49 1;636;39044920619;4;1;1;0;0;0;0;0;1;0;0;0;0;
2004 49 1;637;39044950165;4;0;0;1;0;0;0;0;0;0;0;0;0;
2004 49 1;638;39045030597;4;0;0;0;0;0;0;0;0;1;0;0;0;
2004 49 1;639;39044921126;13;0;0;0;0;0;0;0;0;1;0;0;0;
2004 49 1;640;39044910648;13;1;0;0;1;0;0;0;0;0;0;0;0;
2004 49 1;641;39044912297;13;0;0;1;0;0;0;0;0;0;0;0;0;
2004 49 1;642;39044921068;13;0;0;0;0;0;0;0;0;1;0;0;0;
2004 49 1;643;39044921071;13;0;0;0;0;0;0;0;0;1;0;0;0;
2004 49 1;644;39044912288;13;0;0;1;0;0;0;0;0;0;0;0;0;
2004 49 1;645;39044921137;13;0;0;0;0;0;0;0;0;1;0;0;0;
2004 49 1;646;39044921070;13;0;0;0;0;0;0;0;0;1;0;0;0;
2004 49 1;647;39044921125;13;0;0;0;0;0;0;0;0;1;0;0;0;
2004 49 1;648;39044921301;13;0;0;0;0;0;0;0;0;1;0;0;0;
2004 49 1;649;39044910124;13;1;0;0;1;0;0;0;0;0;0;0;0;
2004 49 1;650;39044912360;13;0;0;1;0;0;0;0;0;0;0;0;0;
2004 49 1;651;39044921306;13;0;0;0;0;0;0;0;0;1;0;0;0;
2004 49 1;652;39044921291;13;0;0;0;0;0;0;0;0;1;0;0;0;
2004 49 1;653;39044921298;13;0;0;0;0;0;0;0;0;1;0;0;0;
2004 49 1;654;39044921297;13;0;0;0;0;0;0;0;0;1;0;0;0;
2004 49 1;655;39044911016;13;1;1;0;0;0;0;0;0;0;0;0;1;
2004 49 1;656;39044921307;13;0;0;0;0;0;0;0;0;1;0;0;0;
2004 49 1;657;39045110183;13;0;0;0;0;0;0;0;0;1;0;1;0;
2004 49 1;658;39044912447;13;0;0;1;0;0;0;0;0;0;0;0;0;
2004 49 1;659;39044850773;10;1;0;0;1;0;0;0;1;0;0;0;0;
2004 49 1;660;39045020518;6;0;0;0;0;0;0;0;0;1;0;0;0;
2004 49 1;661;39045020494;6;0;0;0;0;0;0;0;0;1;0;0;0;
2004 49 1;662;39045020079;6;0;0;0;0;0;0;0;0;1;0;0;0;
2004 49 1;663;39045020200;6;0;0;0;0;0;0;0;0;1;0;0;0;
2004 49 1;664;39044912314;6;0;0;1;0;0;0;0;0;0;0;0;0;
2004 49 1;665;39045020166;6;0;0;0;0;0;0;0;0;1;0;0;0;
2004 49 1;666;39044920511;6;1;1;0;0;0;0;0;0;0;0;0;0;
2004 49 1;667;39045020073;6;0;0;0;0;0;0;0;0;1;0;0;0;
2004 49 1;668;39045020086;6;0;0;0;0;0;0;0;0;1;0;0;0;
2004 49 1;669;39045020013;6;0;0;0;0;0;0;0;0;1;0;0;0;
2004 49 1;670;39044912366;6;0;0;1;0;0;0;0;0;0;0;0;0;
2004 49 1;671;39044910126;5;1;0;0;1;0;0;0;0;0;0;0;0;
2004 49 1;672;39045030198;6;0;0;0;0;0;0;0;0;1;0;0;0;
2004 49 1;673;39045030315;6;0;0;0;0;0;0;0;0;1;0;0;0;
2004 49 1;674;39045040585;6;0;0;0;0;0;0;0;0;1;0;0;0;
2004 49 1;675;39044912453;8;1;0;0;0;0;0;1;0;0;0;0;1;
2004 49 1;676;39044921017;8;0;0;0;0;0;0;0;0;1;0;0;0;
2004 49 1;677;39044921083;8;0;0;0;0;0;0;0;0;1;0;0;0;
2004 49 1;678;39044911064;8;1;1;0;0;0;0;0;0;0;0;0;0;
2004 49 1;679;39044912428;8;0;0;1;1;0;1;0;0;0;0;0;0;
2004 49 1;680;39044912258;8;0;0;1;0;0;0;0;0;0;0;0;0;
2004 49 1;681;39044912263;8;1;0;0;0;0;0;0;1;0;0;0;0;
2004 49 1;682;39044921107;8;0;0;0;0;0;0;0;0;1;0;0;0;
2004 49 1;683;39044920964;8;0;0;0;0;0;0;0;0;1;0;0;0;
2004 49 1;684;39044920979;8;0;0;0;0;0;0;0;0;1;0;0;0;
2004 49 1;685;39044911045;8;1;1;0;0;0;0;0;0;0;0;0;0;
2004 49 1;686;39044930845;8;0;0;0;0;0;0;0;0;1;0;0;0;
2004 49 1;687;39044851428;8;0;0;1;0;1;0;0;0;0;0;1;1;
2004 49 1;688;39044910118;8;1;0;0;0;0;0;0;0;0;0;0;0;
2004 49 1;689;39044912321;13;0;0;1;0;0;0;0;0;0;0;0;0;
2004 49 1;690;39044921299;13;0;0;0;0;0;0;0;0;1;0;0;0;
2004 49 1;691;39044921303;13;0;0;0;0;0;0;0;0;1;0;0;0;
2004 49 1;692;39044921302;13;0;0;0;0;0;0;0;0;1;0;0;0;
2004 49 1;693;39044921293;13;0;0;0;0;0;0;0;0;1;0;0;0;
2004 49 1;694;39044910644;13;1;0;0;1;0;0;0;0;0;0;0;0;
2004 49 1;695;39044912355;13;0;0;1;0;0;0;0;0;0;0;0;0;
2004 49 1;696;39044921295;13;0;0;0;0;0;0;0;0;1;0;0;0;
2004 49 1;697;39044910496;13;1;1;0;0;0;0;0;1;0;1;0;0;
2004 49 1;698;39044921069;13;0;0;0;0;0;0;0;0;1;0;0;0;
2004 49 1;699;39044912294;13;0;0;1;0;0;0;0;0;0;0;0;0;
2004 49 1;700;39044910705;13;1;0;0;0;0;0;0;0;0;0;0;0;
2004 49 1;701;39044912306;13;0;0;1;0;0;0;0;0;0;0;0;0;
2004 49 1;702;39044921288;13;0;0;0;0;0;0;0;0;1;0;0;0;
2004 49 1;703;39044911040;13;1;1;0;0;0;0;1;0;0;0;0;0;
2004 49 1;704;39044921050;13;0;0;0;0;0;0;0;0;1;0;0;0;
2004 49 1;705;39044921048;13;0;0;0;0;0;0;0;0;1;0;0;0;
2004 49 1;706;39044910650;13;1;0;0;1;0;0;0;0;0;0;0;0;
2004 49 1;707;39044921049;13;0;0;0;0;0;0;0;0;1;0;0;0;
2004 49 1;708;39044920993;13;0;0;0;0;0;0;0;0;1;0;0;0;
2004 49 1;709;39044911030;7;1;1;0;0;0;0;0;0;0;0;0;0;
2004 49 1;710;39045030601;7;0;0;0;0;0;0;0;0;1;0;0;0;
2004 49 1;711;39045030319;7;0;0;0;0;0;0;0;0;1;0;0;0;
2004 49 1;712;39045030169;7;0;0;0;0;0;0;0;0;1;0;0;0;
2004 49 1;713;39045030314;7;0;0;0;0;0;0;0;0;1;0;0;0;
2004 49 1;714;39044910201;7;1;1;0;0;0;0;0;0;0;0;0;0;
2004 49 1;715;39044940980;16;0;0;1;0;0;0;0;0;0;0;0;1;
2004 49 1;716;39044910938;16;0;0;1;1;0;0;0;0;0;0;0;0;
2004 49 1;717;39044910235;2;1;0;0;0;0;0;0;0;0;0;0;0;
2004 49 1;718;39044930880;16;0;0;0;0;0;0;0;0;1;0;0;0;
2004 49 1;719;39044940482;16;0;0;0;0;0;0;0;0;1;0;0;0;
2004 49 1;720;39045030158;16;0;0;0;0;0;0;0;0;1;0;0;0;
2004 49 1;721;39045040186;16;0;0;0;0;0;0;0;0;1;0;0;0;
2004 49 1;722;39044920527;2;1;1;0;0;0;0;0;1;0;0;0;0;
2004 49 1;723;39044920262;2;0;0;1;0;0;1;0;0;0;0;0;0;
2004 49 1;724;39045210453;2;0;0;0;0;0;0;0;0;1;0;0;0;
2004 49 1;725;39044910619;2;1;0;0;1;0;0;0;0;0;0;0;0;
2004 49 1;726;39050130408;2;0;0;0;0;0;0;0;0;1;0;0;0;
2004 49 1;727;39050130407;2;0;0;0;0;0;0;0;0;1;0;0;0;
2004 49 1;728;39044920564;2;1;1;0;0;0;0;0;0;0;0;0;0;
2004 49 1;729;39044912290;13;0;0;1;0;0;0;0;0;0;0;0;0;
2004 49 1;730;39044920022;13;0;0;0;0;0;0;0;0;1;0;0;0;
2004 49 1;731;39044910646;13;1;0;0;1;0;0;0;0;0;0;0;0;
2004 49 1;732;39044930858;13;0;0;0;0;0;0;0;0;1;0;0;0;
2004 49 1;733;39044930883;13;0;0;0;0;0;0;0;0;1;0;0;0;
2004 49 1;734;39044911051;2;1;1;0;0;0;0;1;0;0;0;0;0;
2004 49 1;735;39045030659;14;0;0;1;0;0;0;0;0;0;0;0;0;
2004 49 1;736;39045020507;14;0;0;0;0;0;0;0;0;1;0;0;0;
2004 49 1;737;39045020504;14;0;0;0;0;0;0;0;0;1;0;0;0;
2004 49 1;738;39045030069;14;0;0;0;0;0;0;0;0;1;0;0;0;
2004 49 1;739;39044911019;14;1;1;0;0;0;0;0;0;0;1;1;1;
2004 49 1;740;39045030465;14;0;0;0;0;0;0;0;0;1;0;0;0;
2004 49 1;741;39045210458;14;0;0;0;0;0;0;0;0;1;0;0;0;
2004 49 1;742;39044910164;10;1;0;0;1;0;0;0;1;0;0;0;0;
2004 49 1;743;39044930881;13;0;0;0;0;0;0;0;0;1;0;0;0;
2004 49 1;744;39044912301;13;0;0;1;0;0;0;0;0;0;0;0;0;
2004 49 1;745;39044912394;13;0;0;1;0;0;0;0;0;0;0;0;0;
2004 49 1;746;39044910372;13;1;1;0;0;0;0;0;0;0;0;0;0;
2004 49 1;747;39044930529;13;0;0;0;0;0;0;0;0;1;0;0;0;
2004 49 1;748;39044930549;13;0;0;0;0;0;0;0;0;1;0;0;0;
2004 49 1;749;39044930238;13;0;0;0;0;0;0;0;0;1;0;0;0;
2004 49 1;750;39044912292;13;0;0;1;0;0;0;0;0;0;0;0;0;
2004 49 1;751;39044940022;13;0;0;0;0;0;0;0;0;1;0;0;0;
2004 49 1;752;39044940162;13;0;0;0;0;0;0;0;0;1;0;0;0;
2004 49 1;753;39044940169;13;0;0;0;0;0;0;0;0;1;0;0;0;
2004 49 1;754;39044910131;13;1;1;0;0;0;0;0;0;0;0;0;0;
2004 49 1;755;39044950490;13;0;0;0;0;0;0;0;0;1;0;0;0;
2004 49 1;756;39044950446;13;0;0;0;0;0;0;0;0;1;0;0;0;
2004 49 1;757;39044910642;13;1;0;0;1;0;0;0;0;0;0;0;0;
2004 49 1;758;39044950212;13;0;0;0;0;0;0;0;0;1;0;0;0;
2004 49 1;759;39044912324;13;0;0;1;0;0;0;0;0;0;0;0;0;
2004 49 1;760;39044912347;13;0;0;1;0;0;0;0;0;0;0;0;0;
2004 49 1;761;39045020254;13;0;0;1;0;0;1;0;0;0;0;0;0;
2004 49 1;762;39044920538;2;1;1;0;0;0;0;0;1;0;0;0;0;
2004 49 1;763;39050140149;2;0;0;0;0;0;0;0;0;1;0;0;0;
2004 49 1;764;39045020840;2;0;0;1;0;0;0;0;0;0;0;0;0;
2004 49 1;765;39044910613;2;1;0;0;1;0;0;0;0;0;0;0;0;
2004 49 1;766;39044930879;9;0;0;0;0;0;0;0;0;1;0;0;0;
2004 49 1;767;39044930534;9;0;0;0;0;0;0;0;0;1;0;0;0;
2004 49 1;768;39044920516;2;1;1;0;0;0;0;1;0;0;0;1;1;
2004 49 1;769;39044940361;9;0;0;0;0;0;0;0;0;1;0;0;0;
2004 49 1;770;39044940186;9;0;0;0;0;0;0;0;0;1;0;0;0;
2004 49 1;771;39045020842;9;0;0;0;0;0;0;0;0;1;0;0;0;
2004 49 1;772;39045020503;9;0;0;0;0;0;0;0;0;1;0;0;0;
2004 49 1;773;39044920529;2;1;1;0;0;0;0;0;0;0;0;0;0;
2004 49 1;774;39044921097;1;0;0;0;0;0;0;0;0;1;0;0;0;
2004 49 1;775;39044921099;1;0;0;0;0;0;0;0;0;1;0;0;0;
2004 49 1;776;39044921283;1;0;0;0;0;0;0;0;0;1;0;0;0;
2004 49 1;777;39044921190;1;0;0;0;0;0;0;0;0;1;0;0;0;
2004 49 1;778;39044910188;1;1;1;0;1;0;0;0;0;0;0;0;0;
2004 49 1;779;39044912364;1;0;0;1;0;0;0;0;0;0;0;0;0;
2004 49 1;780;39044921188;1;0;0;0;0;0;0;0;0;1;0;0;0;
2004 49 1;781;39044921074;1;0;0;0;0;0;0;0;0;1;0;0;0;
2004 49 1;782;39044921073;1;0;0;0;0;0;0;0;0;1;0;0;0;
2004 49 1;783;39044921100;1;0;0;0;0;0;0;0;0;1;0;0;0;
2004 49 1;784;39044920524;1;1;1;0;0;0;0;0;0;0;0;0;0;
2004 49 1;785;39044912334;1;0;0;1;0;0;0;0;0;0;0;0;0;
2004 49 1;786;39044921077;1;0;0;0;0;0;0;0;0;1;0;0;0;
2004 49 1;787;39044910937;1;0;0;1;1;0;0;0;0;0;0;0;0;
2004 49 1;788;39044911130;6;1;0;0;0;0;0;0;1;0;0;0;0;
2004 49 1;789;39045040592;6;0;0;0;0;0;0;0;0;1;0;0;0;
2004 49 1;790;39045040590;6;0;0;0;0;0;0;0;0;1;0;0;0;
2004 49 1;791;39044912352;6;0;0;1;0;0;0;0;0;0;0;0;0;
2004 49 1;792;39044920519;6;1;1;0;0;0;0;0;0;0;0;1;1;
2004 49 1;793;39045040587;6;0;0;0;0;0;0;0;0;1;0;0;0;
2004 49 1;794;39045040586;6;0;0;0;0;0;0;0;0;1;0;0;0;
2004 49 1;795;39044910616;2;1;0;0;1;0;0;0;0;0;0;0;0;
2004 49 1;796;39050140139;2;0;0;0;0;0;0;0;0;1;0;0;0;
2004 49 1;797;39045020252;2;0;0;1;0;0;0;0;0;0;0;0;0;
2004 49 1;798;39044920528;2;1;1;0;0;0;0;0;0;0;0;0;0;
2004 49 1;799;39050310023;2;0;0;0;0;0;0;0;0;1;0;0;0;
2004 49 1;800;39050320014;2;0;0;0;0;0;0;0;0;1;0;0;0;
2004 49 1;801;39044910711;2;1;0;0;0;0;0;0;0;0;0;0;0;
2004 49 1;802;39050320012;2;0;0;0;0;0;0;0;0;1;0;0;0;
2004 49 1;803;39044930169;8;0;0;0;0;0;0;0;0;1;0;0;0;
2004 49 1;804;39044910170;8;1;1;0;1;0;0;1;1;0;0;0;0;
2004 49 1;805;39044940240;8;0;0;0;0;0;0;0;0;1;0;0;0;
2004 49 1;806;39044912368;8;0;0;1;0;0;0;0;0;0;0;0;0;
2004 49 1;807;39044950458;8;0;0;0;0;0;0;0;0;1;0;0;0;
2004 49 1;808;39044912230;8;0;0;1;0;0;0;0;0;0;0;0;0;
2004 49 1;809;39044910629;17;1;0;0;1;0;0;0;0;0;0;0;0;
2004 49 1;810;39045020854;13;0;0;0;0;0;0;0;0;1;0;0;0;
2004 49 1;811;39045020849;13;0;0;0;0;0;0;0;0;1;0;0;0;
2004 49 1;812;39045020855;13;0;0;0;0;0;0;0;0;1;0;0;0;
2004 49 1;813;39044910230;13;1;1;0;0;0;0;0;0;0;0;0;1;
2004 49 1;814;39045020857;13;0;0;0;0;0;0;0;0;1;0;0;0;
2004 49 1;815;39045020161;13;0;0;0;0;0;0;0;0;1;0;0;0;
2004 49 1;816;39045020102;13;0;0;0;0;0;0;0;0;1;0;0;0;
2004 49 1;817;39044910373;17;1;0;0;0;0;0;0;0;0;0;1;0;
2004 49 1;818;39044911099;17;0;0;1;1;0;1;0;0;0;0;0;0;
2004 49 1;819;39044912260;17;0;0;1;0;0;0;0;0;0;0;0;0;
2004 49 1;820;39044910349;17;1;0;0;0;0;0;0;0;0;0;0;0;
2004 49 1;821;39045020080;13;0;0;0;0;0;0;0;0;1;0;0;0;
2004 49 1;822;39044912303;13;0;0;1;0;0;0;0;0;0;0;0;0;
2004 49 1;823;39044910323;13;1;1;0;0;0;0;0;0;0;0;0;0;
2004 49 1;824;39045020081;13;0;0;0;0;0;0;0;0;1;0;0;0;
2004 49 1;825;39045020192;13;0;0;0;0;0;0;0;0;1;0;0;0;
2004 49 1;826;39044910647;13;1;0;0;1;0;0;0;0;0;0;0;0;
2004 49 1;827;39045020164;13;0;0;0;0;0;0;0;0;1;0;0;0;
2004 49 1;828;39045020223;13;0;0;0;0;0;0;0;0;1;0;0;0;
2004 49 1;829;39045020140;13;0;0;0;0;0;0;0;0;1;0;0;0;
2004 49 1;830;39045020129;13;0;0;0;0;0;0;0;0;1;0;0;0;
2004 49 1;831;39045030164;13;0;0;0;0;0;0;0;0;1;0;0;0;
2004 49 1;832;39044920615;13;1;1;0;0;0;0;1;1;0;0;0;0;
2004 49 1;833;39045030311;13;0;0;0;0;0;0;0;0;1;0;0;0;
2004 49 1;834;39045030076;13;0;0;0;0;0;0;0;0;1;0;0;0;
2004 49 1;835;39044910194;13;1;0;0;0;0;0;0;0;0;0;0;0;
2004 49 1;836;39045030162;13;0;0;0;0;0;0;0;0;1;0;0;0;
2004 49 1;837;39044912356;13;0;0;1;0;0;0;0;0;0;0;0;0;
2004 49 1;838;39044910652;13;1;0;0;1;0;0;0;0;0;0;0;0;
2004 49 1;839;39044912358;13;0;0;1;0;0;0;0;0;0;0;0;0;
2004 49 1;840;39045120174;13;0;0;0;0;0;0;0;0;1;0;1;0;
2004 49 1;841;39044920513;2;1;1;0;0;0;0;0;0;0;1;0;0;
2004 49 1;842;39044921075;1;0;0;0;0;0;0;0;0;1;0;0;0;
2004 49 1;843;39044921076;1;0;0;0;0;0;0;0;0;1;0;0;0;
2004 49 1;844;39044921101;1;0;0;0;0;0;0;0;0;1;0;0;0;
2004 49 1;845;39044912310;1;0;0;1;0;0;0;0;0;0;0;0;0;
2004 49 1;846;39044920510;1;1;1;0;0;0;0;0;0;0;0;0;0;
2004 49 1;847;39044920978;1;0;0;0;0;0;0;0;0;1;0;0;0;
2004 49 1;848;39044912331;1;0;0;1;0;0;0;0;0;0;0;0;0;
2004 49 1;849;39044910108;10;1;0;0;1;0;0;0;1;0;0;0;0;
2004 49 1;850;39045030142;7;0;0;0;0;0;0;0;0;1;0;0;0;
2004 49 1;851;39045050328;7;0;0;0;0;0;0;0;0;1;0;0;0;
2004 49 1;852;39044920552;7;1;1;0;0;0;0;0;0;0;0;0;0;
2004 49 1;853;39045110280;7;0;0;0;0;0;0;0;0;1;0;0;0;
2004 49 1;854;39045110313;7;0;0;0;0;0;0;0;0;1;0;0;0;
2004 49 1;855;39045120175;7;0;0;0;0;0;0;0;0;1;0;0;0;
2004 49 1;856;39044911531;7;0;0;1;0;0;1;0;0;0;0;0;0;
2004 49 1;857;39044920512;7;1;1;0;0;0;0;0;0;0;0;0;0;
2004 49 1;858;39045210445;7;0;0;0;0;0;0;0;0;1;0;0;0;
2004 49 1;859;39045210055;7;0;0;0;0;0;0;0;0;1;0;0;0;
2004 49 1;860;39044910135;10;1;0;0;1;0;0;0;0;0;0;0;0;
2004 49 1;861;39044930882;1;0;0;0;0;0;0;0;0;1;0;0;0;
2004 49 1;862;39044930239;1;0;0;0;0;0;0;0;0;1;0;0;0;
2004 49 1;863;39044930100;1;0;0;0;0;0;0;0;0;1;0;0;0;
2004 49 1;864;39044940481;1;0;0;0;0;0;0;0;0;1;0;0;0;
2004 49 1;865;39044911055;10;1;1;0;0;0;0;1;0;0;0;1;1;
2004 49 1;866;39044912397;16;0;0;1;0;0;0;0;0;0;0;0;0;
2004 49 1;867;39045210442;16;0;0;0;0;0;0;0;0;1;0;0;0;
2004 49 1;868;39044910931;16;0;0;1;1;0;0;0;0;0;0;0;0;
2004 49 1;869;39044911116;10;1;0;0;0;0;0;0;1;0;0;0;0;
2004 49 1;870;39044912298;13;0;0;1;0;0;0;0;0;0;0;0;0;
2004 49 1;871;39045030081;13;0;0;0;0;0;0;0;0;1;0;0;0;
2004 49 1;872;39044911008;13;1;1;0;0;0;0;0;0;0;0;0;0;
2004 49 1;873;39045040224;13;0;0;0;0;0;0;0;0;1;0;0;0;
2004 49 1;874;39045040222;13;0;0;0;0;0;0;0;0;1;0;0;0;
2004 49 1;875;39045040158;13;0;0;0;0;0;0;0;0;1;0;0;0;
2004 49 1;876;39044910641;13;1;0;0;1;0;0;0;0;0;0;0;0;
2004 49 1;877;39044912289;13;0;0;1;0;0;0;0;0;0;0;0;0;
2004 49 1;878;39044912425;13;0;0;1;0;0;0;0;0;0;0;0;0;
2004 49 1;879;39045140444;13;0;0;0;0;0;0;0;0;1;0;0;0;
2004 49 1;880;39045150037;13;0;0;0;0;0;0;0;0;1;0;0;0;
2004 49 1;881;39044920518;2;1;1;0;0;0;0;0;0;0;0;0;0;
2004 49 1;882;39044912350;1;0;0;1;0;0;0;0;0;0;0;0;0;
2004 49 1;883;39044940369;1;0;0;0;0;0;0;0;0;1;0;0;0;
2004 49 1;884;39045020852;1;0;0;0;0;0;0;0;0;1;0;0;0;
2004 49 1;885;39045020845;1;0;0;0;0;0;0;0;0;1;0;0;0;
2004 49 1;886;39044910186;1;1;1;0;1;0;0;0;0;0;0;0;0;
2004 49 1;887;39045020841;1;0;0;0;0;0;0;0;0;1;0;0;0;
2004 49 1;888;39045020859;1;0;0;0;0;0;0;0;0;1;0;0;0;
2004 49 1;889;39045020196;8;0;0;0;0;0;0;0;0;1;0;1;0;
2004 49 1;890;39044850130;8;1;0;0;1;0;0;1;0;0;0;0;1;
2004 49 1;891;39044950757;8;0;0;1;0;0;0;0;0;0;0;0;0;
2004 49 1;892;39045020522;8;0;0;0;0;0;0;0;0;1;0;0;0;
2004 49 1;893;39045020169;8;0;0;0;0;0;0;0;0;1;0;0;0;
2004 49 1;894;39045020072;8;0;0;0;0;0;0;0;0;1;0;0;0;
2004 49 1;895;39044850805;8;1;0;0;1;0;0;0;1;0;0;0;0;
2004 49 1;896;39045030602;8;0;0;0;0;0;0;0;0;1;0;0;0;
2004 49 1;897;39045030150;8;0;0;0;0;0;0;0;0;1;0;0;0;
2004 49 1;898;39045030163;8;0;0;0;0;0;0;0;0;1;0;0;0;
2004 49 1;899;39045040135;8;0;0;0;0;0;0;0;0;1;0;0;0;
2004 49 1;900;39044910130;8;1;0;0;0;0;0;0;0;0;0;0;0;
2004 49 1;901;39045040160;8;0;0;0;0;0;0;0;0;1;0;0;0;
2004 49 1;902;39044950211;8;0;0;1;0;0;0;0;0;0;0;0;0;
2004 49 1;903;39044910183;8;1;1;0;1;0;0;0;0;0;0;0;0;
2004 49 1;904;39045040003;8;0;0;0;0;0;0;0;0;1;0;0;0;
2004 49 1;905;39045210681;8;0;0;0;0;0;0;0;0;1;0;0;0;
2004 49 1;906;39044910143;8;1;0;0;0;0;0;0;1;0;0;0;0;
2004 49 1;907;39044950210;8;0;0;1;0;0;0;0;0;0;0;0;0;
2004 49 1;908;39045020860;8;0;0;1;0;0;0;0;0;0;0;0;0;
2004 49 1;909;39044911027;2;1;1;0;0;0;0;0;0;0;1;0;1;
2004 49 1;910;39045210874;13;0;0;0;0;0;0;0;0;1;0;0;0;
2004 49 1;911;39045210448;13;0;0;0;0;0;0;0;0;1;0;0;0;
2004 49 1;912;39044910122;13;1;0;0;1;0;0;0;0;0;0;0;0;
2004 49 1;913;39045210449;13;0;0;0;0;0;0;0;0;1;0;0;0;
2004 49 1;914;39045210891;13;0;0;0;0;0;0;0;0;1;0;0;0;
2004 49 1;915;39044920514;2;1;1;0;0;0;0;0;0;0;0;0;0;
2004 49 1;916;39045020224;2;0;0;1;0;0;0;0;0;0;0;0;0;
2004 49 1;917;39050320013;2;0;0;0;0;0;0;0;0;1;0;0;0;
2004 49 1;918;39044910307;2;1;0;0;0;0;0;0;0;0;0;0;0;
2004 49 1;919;39045210447;13;0;0;0;0;0;0;0;0;1;0;0;0;
2004 49 1;920;39045210850;13;0;0;0;0;0;0;0;0;1;0;0;0;
2004 49 1;921;39044911094;13;0;0;1;1;0;1;0;0;0;0;0;0;
2004 49 1;922;39045210667;13;0;0;0;0;0;0;0;0;1;0;0;0;
2004 49 1;923;39045210450;13;0;0;0;0;0;0;0;0;1;0;0;0;
2004 49 1;924;39044920534;2;1;1;0;0;0;0;0;1;0;0;0;0;
2004 49 1;925;39045020593;1;0;0;0;0;0;0;0;0;1;0;0;0;
2004 49 1;926;39045020009;1;0;0;0;0;0;0;0;0;1;0;0;0;
2004 49 1;927;39045020090;1;0;0;0;0;0;0;0;0;1;0;0;0;
2004 49 1;928;39045030603;1;0;0;0;0;0;0;0;0;1;0;0;0;
2004 49 1;929;39044911053;1;1;1;0;0;0;0;0;0;0;0;1;1;
2004 49 1;930;39045030318;1;0;0;0;0;0;0;0;0;1;0;0;0;
2004 49 1;931;39045030312;1;0;0;0;0;0;0;0;0;1;0;0;0;
2004 49 1;932;39045030316;1;0;0;0;0;0;0;0;0;1;0;0;0;
2004 49 1;933;39044910009;10;1;0;0;1;0;0;0;0;0;0;0;0;
2004 49 1;934;39044950209;13;0;0;1;0;0;0;0;0;0;0;0;0;
2004 49 1;935;39050130411;13;0;0;0;0;0;0;0;0;1;0;0;0;
2004 49 1;936;39050130410;13;0;0;0;0;0;0;0;0;1;0;0;0;
2004 49 1;937;39044911021;10;1;1;0;0;0;0;0;0;0;0;0;0;
2004 49 1;938;39044912341;6;0;0;1;0;0;0;0;0;0;0;0;0;
2004 49 1;939;39045040588;6;0;0;0;0;0;0;0;0;1;0;0;0;
2004 49 1;940;39044911117;10;1;0;0;0;0;0;0;1;0;0;0;0;
2004 49 1;941;39045040589;6;0;0;0;0;0;0;0;0;1;0;0;0;
2004 49 1;942;39044940479;6;0;0;1;0;0;0;0;0;0;0;0;0;
2004 49 1;943;39044850134;10;1;1;0;1;0;0;0;0;0;0;0;0;
2004 49 1;944;39050130409;13;0;0;0;0;0;0;0;0;1;0;0;0;
2004 49 1;945;39045020805;13;0;0;1;0;0;0;0;0;0;0;0;0;
2004 49 1;946;39050130222;13;0;0;0;0;0;0;0;0;1;0;0;0;
2004 49 1;947;39045210444;7;0;0;0;0;0;0;0;0;1;0;0;0;
2004 49 1;948;39044911067;7;1;1;0;0;0;0;1;0;0;0;0;0;
2004 49 1;949;39045210078;7;0;0;0;0;0;0;0;0;1;0;0;0;
2004 49 1;950;39045210309;7;0;0;0;0;0;0;0;0;1;0;0;0;
2004 49 1;951;39044910180;7;1;0;0;0;0;0;0;0;0;0;0;0;
2004 49 1;952;39045210446;7;0;0;0;0;0;0;0;0;1;0;0;0;
2004 49 1;953;39050230051;7;0;0;0;0;0;0;0;0;1;0;0;0;
2004 49 1;954;39044910623;17;1;0;0;1;0;0;0;0;0;0;0;0;
2004 49 1;955;39045040599;1;0;0;0;0;0;0;0;0;1;0;0;0;
2004 49 1;956;39045110315;1;0;0;0;0;0;0;0;0;1;0;0;0;
2004 49 1;957;39044911033;1;1;1;0;0;0;0;0;0;0;1;0;0;
2004 49 1;958;39045120161;1;0;0;0;0;0;0;0;0;1;0;0;0;
2004 49 1;959;39045210880;1;0;0;0;0;0;0;0;0;1;0;0;0;
2004 49 1;960;39044910234;10;1;0;0;0;0;0;0;0;0;0;0;0;
2004 49 1;961;39045007664;15;0;0;1;0;0;1;0;0;0;0;0;0;
2004 49 1;962;39044912433;15;0;0;1;0;0;0;0;0;0;0;0;1;
2004 49 1;963;39044910165;10;1;1;0;1;0;0;0;1;0;0;0;0;
2004 49 1;964;39044912312;1;0;0;1;0;0;0;0;0;0;0;0;0;
2004 49 1;965;39045210225;1;0;0;0;0;0;0;0;0;1;0;0;0;
2004 49 1;966;39045210274;1;0;0;0;0;0;0;0;0;1;0;0;0;
2004 49 1;967;39044912276;1;0;0;1;0;0;0;0;0;0;0;0;0;
2004 49 1;968;39044830723;10;1;1;0;0;0;0;0;0;0;0;0;0;
2004 49 1;969;39044950439;6;0;0;1;0;0;0;0;0;0;0;0;0;
2004 49 1;970;39045040591;6;0;0;0;0;0;0;0;0;1;0;0;0;
2004 49 1;971;39044910212;10;1;0;0;0;0;0;0;0;0;0;0;0;
2004 49 1;972;39045210441;8;0;0;0;0;0;0;0;0;1;0;0;0;
2004 49 1;973;39045020168;8;0;0;1;0;0;0;0;0;0;0;0;0;
2004 49 1;974;39044911126;8;1;0;0;0;0;0;1;0;0;0;1;0;
2004 49 1;975;39045210440;8;0;0;0;0;0;0;0;0;1;0;0;0;
2004 49 1;976;39050230009;8;0;0;0;0;0;0;0;0;1;0;0;0;
2004 49 1;977;39044910624;17;1;0;0;1;0;0;0;0;0;0;0;0;
2004 49 1;978;39045040377;6;0;0;0;0;0;0;0;0;1;0;0;0;
2004 49 1;979;39045040397;6;0;0;0;0;0;0;0;0;1;0;0;0;
2004 49 1;980;39045110312;6;0;0;0;0;0;0;0;0;1;0;0;0;
2004 49 1;981;39044911043;6;1;1;0;0;0;0;0;1;0;0;0;0;
2004 49 1;982;39045120121;6;0;0;0;0;0;0;0;0;1;0;0;0;
2004 49 1;983;39045210879;6;0;0;0;0;0;0;0;0;1;0;0;0;
2004 49 1;984;39045210849;6;0;0;0;0;0;0;0;0;1;0;0;0;
2004 49 1;985;39050220025;6;0;0;0;0;0;0;0;0;1;0;0;0;
2004 49 1;986;39044850246;2;1;1;0;1;0;0;0;0;0;0;0;0;
2004 49 1;987;39045020082;9;0;0;0;0;0;0;0;0;1;0;0;0;
2004 49 1;988;39045020136;9;0;0;0;0;0;0;0;0;1;0;0;0;
2004 49 1;989;39045030604;9;0;0;0;0;0;0;0;0;1;0;0;0;
2004 49 1;990;39045030598;9;0;0;0;0;0;0;0;0;1;0;0;0;
2004 49 1;991;39045030317;9;0;0;0;0;0;0;0;0;1;0;0;0;
2004 49 1;992;39045030313;9;0;0;0;0;0;0;0;0;1;0;0;0;
2004 49 1;993;39045040223;9;0;0;0;0;0;0;0;0;1;0;0;0;
2004 49 1;994;39045040159;9;0;0;0;0;0;0;0;0;1;0;0;0;
2004 49 1;995;39044910622;17;1;0;0;1;0;0;0;0;0;0;0;0;
2004 49 1;996;39045030013;17;0;0;0;0;0;0;0;0;1;0;0;0;
2004 49 1;997;39044950157;17;0;0;1;0;0;0;0;0;0;0;0;0;
2004 49 1;998;39044910213;17;1;0;0;0;0;0;0;0;0;0;0;0;
2004 49 1;999;39045110573;9;0;0;0;0;0;0;0;0;1;0;0;0;
2004 49 1;1000;39045210001;9;0;0;0;0;0;0;0;0;1;0;0;0;
2004 49 1;1001;39044910146;17;1;0;0;1;0;0;0;1;0;0;0;0;
2004 49 1;1002;39050220017;6;0;0;0;0;0;0;0;0;1;0;0;0;
2004 49 1;1003;39044950139;6;0;0;1;0;0;0;0;0;0;0;0;0;
2004 49 1;1004;39044910202;17;1;0;0;0;0;0;0;0;0;0;0;0;
2004 49 1;1005;39045210617;9;0;0;0;0;0;0;0;0;1;0;0;0;
2004 49 1;1006;39045040161;9;0;0;0;0;0;0;0;0;1;0;1;0;
2004 49 1;1007;39044910626;17;1;0;0;1;0;0;0;0;0;0;0;0;
2004 49 1;1008;39050130414;13;0;0;0;0;0;0;0;0;1;0;0;0;
2004 49 1;1009;39045020251;13;0;0;1;0;0;0;0;0;0;0;0;0;
2004 49 1;1010;39044907657;13;0;0;1;0;1;0;0;0;0;0;0;0;
2004 49 1;1011;39044910384;13;1;1;0;0;0;0;0;0;0;0;0;0;
2004 49 1;1012;39050130412;13;0;0;0;0;0;0;0;0;1;0;0;0;
2004 49 1;1013;39045030499;13;0;0;1;0;0;0;0;0;0;0;0;0;
2004 49 1;1014;39050310018;13;0;0;0;0;0;0;0;0;1;0;0;0;
2004 49 1;1015;39050310021;13;0;0;0;0;0;0;0;0;1;0;0;0;
2004 49 1;1016;39044910630;17;1;0;0;1;0;0;0;0;0;0;0;0;
2004 49 1;1017;39045210318;16;0;0;0;0;0;0;0;0;1;0;0;0;
2004 49 1;1018;39045210443;16;0;0;0;0;0;0;0;0;1;0;0;0;
2004 49 1;1019;39044940333;16;0;0;1;0;0;0;0;0;0;0;0;0;
2004 49 1;1020;39045220034;16;0;0;0;0;0;0;0;0;1;0;0;0;
2004 49 1;1021;39044911063;17;1;1;0;0;0;0;0;0;0;1;0;1;
2004 49 1;1022;39044912444;3;0;0;1;0;0;0;0;0;0;0;0;0;
2004 49 1;1023;39045020189;3;0;0;0;0;0;0;0;0;1;0;0;0;
2004 49 1;1024;39044910168;17;1;0;0;1;0;0;0;1;0;0;0;0;
2004 49 1;1025;39045020514;17;0;0;1;0;0;0;0;0;0;0;0;0;
2004 49 1;1026;39044910952;17;0;0;1;1;0;1;0;0;0;0;0;0;
2004 49 1;1027;39044921145;17;1;0;0;0;0;0;0;0;0;0;0;0;
2004 49 1;1028;39045210111;1;0;0;0;0;0;0;0;0;1;0;0;0;
2004 49 1;1029;39045210552;1;0;0;0;0;0;0;0;0;1;0;0;0;
2004 49 1;1030;39044920846;17;1;1;0;0;0;0;0;0;0;0;0;0;
2004 49 1;1031;39050130417;1;0;0;0;0;0;0;0;0;1;0;0;0;
2004 49 1;1032;39050130415;1;0;0;0;0;0;0;0;0;1;0;0;0;
2004 49 1;1033;39044912363;1;0;0;1;0;0;0;0;0;0;0;0;0;
2004 49 1;1034;39044910620;17;1;0;0;1;0;0;0;0;0;0;0;0;
2004 49 1;1035;39045020275;4;0;0;1;0;0;0;0;0;0;0;0;0;
2004 49 1;1036;39050230054;4;0;0;0;0;0;0;0;0;1;0;0;0;
2004 49 1;1037;39044920550;17;1;1;0;0;0;0;0;0;0;0;1;1;