Date;SeqRank;Ident;Paint Color;HPRC1;HPRC2;HPRC3;LPRC1;LPRC2;LPRC3;LPRC4;LPRC5;LPRC6;LPRC7;LPRC8;LPRC9;
2004 49 1;691;22044910285;8;1;1;0;0;0;0;1;0;0;0;0;0;
2004 49 1;692;22044910088;8;0;1;1;0;0;0;1;0;0;0;0;0;
2004 49 1;693;22044910566;8;0;0;0;0;0;0;0;0;0;0;0;0;
2004 49 1;694;22044910031;8;1;1;0;0;0;0;1;0;0;0;0;0;
2004 49 1;695;22044910023;8;0;0;1;0;0;0;1;0;0;0;0;0;
2004 49 1;696;22044910081;8;0;1;0;0;0;0;0;0;0;0;0;0;
2004 49 1;697;22044910423;8;0;1;0;0;0;0;1;0;0;0;0;0;
2004 49 1;698;22044910039;8;0;1;0;0;0;0;1;0;0;0;0;0;
2004 49 1;699;22044910333;8;0;0;1;0;0;0;0;0;0;0;0;0;
2004 49 1;700;22044910138;8;1;1;0;0;0;0;1;0;0;0;0;0;
2004 49 1;701;22044910085;8;0;1;0;0;0;0;1;0;0;0;0;0;
2004 49 1;702;22044910275;8;0;1;0;0;0;0;0;0;0;0;0;0;
2004 49 1;703;22044910214;8;1;1;0;0;0;0;1;0;0;0;0;0;
2004 49 1;704;22044910118;7;0;0;0;0;0;0;0;0;0;0;0;0;
2004 49 2;1;22044910012;1;0;0;0;0;0;0;1;0;0;1;0;0;
2004 49 2;2;22044920738;5;0;0;0;0;0;0;1;0;0;1;0;0;
2004 49 2;3;22044305258;5;0;0;0;0;0;0;0;0;0;1;0;0;
2004 49 2;4;22044920620;5;0;0;0;0;0;0;1;0;0;1;0;0;
2004 49 2;5;22044920624;5;0;0;0;0;0;0;1;0;0;1;0;0;
2004 49 2;6;22044920300;5;0;0;0;0;0;1;0;0;0;1;0;0;
2004 49 2;7;22044920027;5;0;1;1;0;0;0;1;0;0;0;0;0;
2004 49 2;8;22044305253;5;0;0;0;0;0;0;0;0;0;1;0;0;
2004 49 2;9;22044920478;5;0;0;0;0;0;0;1;0;0;1;0;0;
2004 49 2;10;22044305254;5;0;0;0;0;0;0;0;0;0;1;0;0;
2004 49 2;11;22044920107;5;0;0;1;0;0;0;1;0;0;0;0;0;
2004 49 2;12;22044920299;5;0;0;0;0;0;1;0;0;0;1;0;0;
2004 49 2;13;22044920237;5;0;0;0;0;0;0;1;0;0;0;0;0;
2004 49 2;14;22044920004;5;0;1;0;0;0;0;1;0;0;0;0;0;
2004 49 2;15;22044910397;5;0;1;0;0;0;0;0;0;0;0;0;0;
2004 49 2;16;22044920379;5;0;0;1;0;0;0;1;0;0;1;0;0;
2004 49 2;17;22044305252;5;0;0;0;0;0;0;0;0;0;1;0;0;
2004 49 2;18;22044920623;5;0;0;0;0;0;0;1;0;0;1;0;0;
2004 49 2;19;22044920609;5;0;0;0;0;0;0;1;0;0;1;0;0;
2004 49 2;20;22044910395;5;0;1;0;0;0;0;0;0;0;0;0;0;
2004 49 2;21;22044920582;5;0;0;0;0;0;0;1;0;0;1;0;0;
2004 49 2;22;22044305255;5;0;0;0;0;0;0;0;0;0;1;0;0;
2004 49 2;23;22044920455;5;0;0;0;0;0;0;1;0;0;1;0;0;
2004 49 2;24;22044920736;5;0;0;0;0;0;0;0;0;0;1;0;0;
2004 49 2;25;22044920418;5;0;0;0;0;0;0;1;0;0;1;0;0;
2004 49 2;26;22044910657;5;0;1;0;0;0;0;0;0;0;0;0;0;
2004 49 2;27;22044920548;5;0;0;0;0;0;0;1;0;0;0;0;0;
2004 49 2;28;22044920239;5;0;1;0;0;0;0;1;0;0;0;0;0;
2004 49 2;29;22044920432;5;0;0;0;0;0;0;0;0;0;1;0;0;
2004 49 2;30;22044920169;5;0;1;0;0;0;0;1;0;0;0;0;0;
2004 49 2;31;22044920607;5;0;0;0;0;0;0;1;0;0;1;0;0;
2004 49 2;32;22044920445;5;0;0;0;0;0;0;0;0;0;1;0;0;
2004 49 2;33;22044920430;5;0;0;0;0;0;0;0;0;0;1;0;0;
2004 49 2;34;22044920731;5;0;0;0;0;0;0;1;0;0;1;0;0;
2004 49 2;35;22044910508;5;0;1;0;0;0;0;0;0;0;0;0;0;
2004 49 2;36;22044920527;5;0;0;0;0;0;0;1;0;0;1;0;0;
2004 49 2;37;22044920443;5;0;0;0;0;0;0;0;0;0;1;0;0;
2004 49 2;38;22044910420;5;0;1;0;0;0;0;0;0;0;0;0;0;
2004 49 2;39;22044920437;5;0;0;0;0;0;0;0;0;0;1;0;0;
2004 49 2;40;22044920619;5;0;0;0;0;0;0;1;0;0;1;0;0;
2004 49 2;41;22044910543;5;0;1;0;0;0;0;0;0;0;0;0;0;
2004 49 2;42;22044920723;5;0;1;0;0;0;0;0;0;0;0;0;0;
2004 49 2;43;22044920475;5;0;0;0;0;0;0;1;0;0;1;0;0;
2004 49 2;44;22044920414;5;0;0;0;0;0;0;1;0;0;1;0;0;
2004 49 2;45;22044920130;5;0;1;0;0;0;0;0;0;0;0;0;0;
2004 49 2;46;22044920526;5;0;0;0;0;0;0;1;0;0;1;0;0;
2004 49 2;47;22044920440;5;0;0;0;0;0;0;0;0;0;1;0;0;
2004 49 2;48;22044920419;5;0;0;0;0;0;0;1;0;0;1;0;0;
2004 49 2;49;22044920519;5;0;0;0;0;0;0;1;0;0;1;0;0;
2004 49 2;50;22044920383;5;0;1;0;0;0;0;0;0;0;0;0;0;
2004 49 2;51;22044920583;5;0;0;0;0;0;0;1;0;0;1;0;0;
2004 49 2;52;22044920306;5;0;0;0;0;0;0;0;0;0;1;0;0;
2004 49 2;53;22044920235;5;0;0;0;0;0;0;1;0;0;0;0;0;
2004 49 2;54;22044920613;5;0;0;0;0;0;0;1;0;0;1;0;0;
2004 49 2;55;22044920079;5;0;1;0;0;0;0;0;0;0;0;0;0;
2004 49 2;56;22044920224;5;0;0;0;0;0;0;1;0;0;1;0;0;
2004 49 2;57;22044920304;5;0;1;0;0;0;0;0;0;0;0;0;0;
2004 49 2;58;22044920470;5;0;0;0;0;0;0;1;0;0;1;0;0;
2004 49 2;59;22044920479;5;0;0;0;0;0;0;1;0;0;1;0;0;
2004 49 2;60;22044910630;5;0;0;0;0;0;0;0;0;0;0;0;0;
2004 49 2;61;22044920525;5;0;0;0;0;0;0;1;0;0;1;0;0;
2004 49 2;62;22044920568;5;0;0;0;0;0;0;1;0;0;1;0;0;
2004 49 2;63;22044920217;5;0;1;0;0;0;0;0;0;0;0;0;0;
2004 49 2;64;22044920601;5;0;0;0;0;0;0;1;0;0;1;0;0;
2004 49 2;65;22044920610;5;0;0;0;0;0;0;1;0;0;1;0;0;
2004 49 2;66;22044920439;5;0;0;0;0;0;0;0;0;0;1;0;0;
2004 49 2;67;22044920462;5;0;0;0;0;0;0;1;0;0;1;0;0;
2004 49 2;68;22044920588;5;0;0;0;0;0;0;0;0;0;0;0;0;
2004 49 2;69;22044920457;5;0;0;0;0;0;0;1;0;0;1;0;0;
2004 49 2;70;22044920560;5;0;1;0;0;0;0;0;0;0;0;0;0;
2004 49 2;71;22044920234;5;0;0;0;0;0;0;0;0;0;1;0;0;
2004 49 2;72;22044920594;5;0;1;0;0;0;0;0;0;0;0;0;0;
2004 49 2;73;22044920522;5;0;0;0;0;0;0;1;0;0;1;0;0;
2004 49 2;74;22044920446;5;0;0;0;0;0;0;0;0;0;1;0;0;
2004 49 2;75;22044920001;5;0;1;0;0;0;0;1;0;0;0;0;0;
2004 49 2;76;22044920569;5;0;0;0;0;0;0;0;0;0;1;0;0;
2004 49 2;77;22044920616;5;0;0;0;0;0;0;1;0;0;1;0;0;
2004 49 2;78;22044920022;5;0;1;1;0;1;0;1;0;0;0;0;0;
2004 49 2;79;22044920428;5;0;0;0;0;0;0;0;0;0;1;0;0;
2004 49 2;80;22044920711;5;0;0;0;0;0;0;0;0;0;1;0;0;
2004 49 2;81;22044920621;5;0;0;0;0;0;0;1;0;0;1;0;0;
2004 49 2;82;22044920578;5;0;0;0;0;0;0;0;0;0;1;0;0;
2004 49 2;83;22044920595;5;0;1;0;0;0;0;0;0;0;0;0;0;
2004 49 2;84;22044920628;5;0;0;0;0;0;0;1;0;0;1;0;0;
2004 49 2;85;22044910421;5;1;1;0;1;0;0;1;0;0;0;0;0;
2004 49 2;86;22044920554;5;0;1;0;0;0;0;0;0;0;0;0;0;
2004 49 2;87;22044920454;5;0;0;0;0;0;0;1;0;0;1;0;0;
2004 49 2;88;22044920631;5;0;0;0;0;0;0;1;0;0;1;0;0;
2004 49 2;89;22044920129;5;0;1;0;0;0;0;0;0;0;0;0;0;
2004 49 2;90;22044920612;5;0;0;0;0;0;0;1;0;0;1;0;0;
2004 49 2;91;22044920471;5;0;0;0;0;0;0;1;0;0;1;0;0;
2004 49 2;92;22044920308;5;0;1;0;0;0;0;0;0;0;0;0;0;
2004 49 2;93;22044920567;5;0;0;0;0;0;0;1;0;0;1;0;0;
2004 49 2;94;22044920615;5;0;0;0;0;0;0;1;0;0;1;0;0;
2004 49 2;95;22044920434;5;0;0;0;0;0;0;0;0;0;1;0;0;
2004 49 2;96;22044920228;5;0;0;0;0;0;0;1;0;0;1;0;0;
2004 49 2;97;22044920606;5;0;0;0;0;0;0;1;0;0;1;0;0;
2004 49 2;98;22044920085;5;0;1;0;0;0;0;0;0;0;0;0;0;
2004 49 2;99;22044920089;5;0;0;0;0;0;0;1;0;0;0;0;0;
2004 49 2;100;22044920668;5;0;0;0;0;0;0;0;0;0;0;0;0;
2004 49 2;101;22044920468;5;0;0;0;0;0;0;1;0;0;1;0;0;
2004 49 2;102;22044920523;5;0;0;0;0;0;0;1;0;0;1;0;0;
2004 49 2;103;22044920310;5;0;1;0;0;0;0;0;0;0;0;0;0;
2004 49 2;104;22044920476;5;0;0;0;0;0;0;1;0;0;1;0;0;
2004 49 2;105;22044920580;5;0;0;0;0;0;0;1;0;0;1;0;0;
2004 49 2;106;22044920444;5;0;0;0;0;0;0;0;0;0;1;0;0;
2004 49 2;107;22044920005;5;0;1;0;0;0;0;1;0;0;0;0;0;
2004 49 2;108;22044920441;5;0;0;0;0;0;0;0;0;0;1;0;0;
2004 49 2;109;22044920472;5;0;0;0;0;0;0;1;0;0;1;0;0;
2004 49 2;110;22044920285;5;0;1;0;0;0;0;0;0;0;0;0;0;
2004 49 2;111;22044920464;5;0;0;0;0;0;0;1;0;0;1;0;0;
2004 49 2;112;22044920435;5;0;0;0;0;0;0;0;0;0;1;0;0;
2004 49 2;113;22044920456;5;0;0;0;0;0;0;1;0;0;1;0;0;
2004 49 2;114;22044910068;5;1;1;0;1;0;0;1;0;0;0;0;0;
2004 49 2;115;22044920287;5;0;1;0;0;0;0;0;0;0;0;0;0;
2004 49 2;116;22044920230;5;0;0;0;0;0;0;1;0;0;1;0;0;
2004 49 2;117;22044920416;5;0;0;0;0;0;0;1;0;0;1;0;0;
2004 49 2;118;22044950221;5;0;1;0;0;0;0;0;0;0;0;0;0;
2004 49 2;119;22044920396;5;0;0;0;0;0;0;0;0;0;0;0;0;
2004 49 2;120;22044920577;5;0;0;0;0;0;0;1;0;0;1;0;0;
2004 49 2;121;22044920229;5;0;0;0;0;0;0;1;0;0;1;0;0;
2004 49 2;122;22044920429;5;0;0;0;0;0;0;0;0;0;1;0;0;
2004 49 2;123;22044920301;5;0;0;1;0;0;0;1;0;0;1;0;0;
2004 49 2;124;22044920698;5;0;0;0;0;0;0;0;0;0;0;0;0;
2004 49 2;125;22044920608;5;0;0;0;0;0;0;1;0;0;1;0;0;
2004 49 2;126;22044920629;5;0;0;0;0;0;0;1;0;0;1;0;0;
2004 49 2;127;22044950235;5;0;1;0;0;0;0;0;0;0;0;0;0;
2004 49 2;128;22044950231;5;0;1;0;0;0;0;0;0;0;0;0;0;
2004 49 2;129;22044920466;5;0;0;0;0;0;0;1;0;0;1;0;0;
2004 49 2;130;22044920630;5;0;0;0;0;0;0;1;0;0;1;0;0;
2004 49 2;131;22044920442;5;0;0;0;0;0;0;0;0;0;1;0;0;
2004 49 2;132;22044950230;5;0;1;0;0;0;0;0;0;0;0;0;0;
2004 49 2;133;22044920412;5;0;0;0;0;0;0;1;0;0;1;0;0;
2004 49 2;134;22044950232;5;0;1;0;0;0;0;0;0;0;0;0;0;
2004 49 2;135;22044920625;5;0;0;0;0;0;0;1;0;0;1;0;0;
2004 49 2;136;22044920528;5;0;0;0;0;0;0;1;0;0;1;0;0;
2004 49 2;137;22044920222;5;0;0;0;0;0;0;0;0;0;1;0;0;
2004 49 2;138;22044920521;5;0;0;0;0;0;0;1;0;0;1;0;0;
2004 49 2;139;22044950252;5;0;1;0;0;0;0;0;0;0;0;0;0;
2004 49 2;140;22044920420;5;0;0;0;0;0;0;1;0;0;1;0;0;
2004 49 2;141;22044920403;5;0;0;0;0;0;0;1;0;0;1;0;0;
2004 49 2;142;22044950234;5;0;1;0;0;0;0;0;0;0;0;0;0;
2004 49 2;143;22044920176;5;0;1;0;0;0;0;1;0;0;0;0;0;
2004 49 2;144;22044920303;5;0;0;1;0;0;0;1;0;0;1;0;0;
2004 49 2;145;22044920436;5;0;0;0;0;0;0;0;0;0;1;0;0;
2004 49 2;146;22044920307;5;0;0;0;0;0;0;0;0;0;1;0;0;
2004 49 2;147;22044920008;5;0;0;0;0;0;0;1;0;0;0;0;0;
2004 49 2;148;22044920603;5;0;0;0;0;0;0;1;0;0;1;0;0;
2004 49 2;149;22044950255;5;0;1;0;0;0;0;0;0;0;0;0;0;
2004 49 2;150;22044920469;5;0;0;0;0;0;0;1;0;0;1;0;0;
2004 49 2;151;22044920463;5;0;0;0;0;0;0;1;0;0;1;0;0;
2004 49 2;152;22044920245;5;0;0;0;0;0;0;0;0;0;1;0;0;
2004 49 2;153;22044920627;5;0;0;0;0;0;0;1;0;0;1;0;0;
2004 49 2;154;22044950239;5;0;1;0;0;0;0;0;0;0;0;0;0;
2004 49 2;155;22044920602;5;0;0;0;0;0;0;1;0;0;1;0;0;
2004 49 2;156;22044920467;5;0;0;0;0;0;0;1;0;0;1;0;0;
2004 49 2;157;22044950227;5;0;1;0;0;0;0;0;0;0;0;0;0;
2004 49 2;158;22044950228;5;0;1;0;0;0;0;0;0;0;0;0;0;
2004 49 2;159;22044920614;5;0;0;0;0;0;0;1;0;0;1;0;0;
2004 49 2;160;22044950253;5;0;1;0;0;0;0;0;0;0;0;0;0;
2004 49 2;161;22044920626;5;0;0;0;0;0;0;1;0;0;1;0;0;
2004 49 2;162;22044920289;5;0;0;0;0;0;0;0;0;0;0;0;0;
2004 49 2;163;22044920605;5;0;0;0;0;0;0;1;0;0;1;0;0;
2004 49 2;164;22044920415;5;0;0;0;0;0;0;1;0;0;1;0;0;
2004 49 2;165;22044920438;5;0;0;0;0;0;0;0;0;0;1;0;0;
2004 49 2;166;22044920524;5;0;0;0;0;0;0;1;0;0;1;0;0;
2004 49 2;167;22044920604;5;0;0;0;0;0;0;1;0;0;1;0;0;
2004 49 2;168;22044920447;5;0;0;0;0;0;0;0;0;0;1;0;0;
2004 49 2;169;22044920413;5;0;0;0;0;0;0;1;0;0;1;0;0;
2004 49 2;170;22044920480;5;0;0;0;0;0;0;1;0;0;1;0;0;
2004 49 2;171;22044920296;5;0;0;0;0;0;0;0;0;0;0;0;0;
2004 49 2;172;22044920003;5;0;1;0;0;0;0;1;0;0;0;0;0;
2004 49 2;173;22044950249;5;0;1;0;0;0;0;0;0;0;0;0;0;
2004 49 2;174;22044920453;5;0;0;0;0;0;0;1;0;0;1;0;0;
2004 49 2;175;22044920323;5;0;0;0;0;0;0;0;0;0;0;0;0;
2004 49 2;176;22044920110;5;0;1;1;0;0;0;1;0;0;0;0;0;
2004 49 2;177;22044920699;5;0;0;0;0;0;0;0;0;0;1;0;0;
2004 49 2;178;22044920465;5;0;0;0;0;0;0;1;0;0;1;0;0;
2004 49 2;179;22044920397;5;0;0;0;0;0;0;0;0;0;1;0;0;
2004 49 2;180;22044920433;5;0;0;0;0;0;0;0;0;0;1;0;0;
2004 49 2;181;22044920611;5;0;0;0;0;0;0;1;0;0;1;0;0;
2004 49 2;182;22044920516;5;0;0;1;0;0;0;0;0;0;1;0;0;
2004 49 2;183;22044920417;5;0;0;0;0;0;0;1;0;0;1;0;0;
2004 49 2;184;22044920520;5;0;0;0;0;0;0;1;0;0;1;0;0;
2004 49 2;185;22044920431;5;0;0;0;0;0;0;0;0;0;1;0;0;
2004 49 2;186;22044920570;5;0;0;0;0;0;0;1;0;0;1;0;0;
2004 49 2;187;22044920126;3;0;1;0;0;0;0;0;0;0;0;0;0;
2004 49 2;188;22044920737;3;0;1;0;0;0;0;1;0;0;0;0;0;
2004 49 2;189;22044910554;3;0;0;0;0;0;0;0;0;0;0;0;0;
2004 49 2;190;22044920734;3;0;1;0;0;0;0;0;0;0;0;0;0;
2004 49 2;191;22044920061;3;0;1;1;0;0;0;1;0;0;0;0;0;
2004 49 2;192;22044920227;3;0;0;0;0;0;0;0;0;0;0;0;0;
2004 49 2;193;22044920141;3;0;0;0;0;0;0;1;0;0;0;0;0;
2004 49 2;194;22044910738;3;0;1;0;0;0;0;0;0;0;0;0;0;
2004 49 2;195;22044920342;3;0;1;1;0;0;0;1;0;0;0;0;0;
2004 49 2;196;22044910541;3;0;1;0;0;0;0;0;0;0;0;0;0;
2004 49 2;197;22044920170;3;0;0;0;0;0;0;1;0;0;0;0;0;
2004 49 2;198;22044920072;3;0;1;1;0;0;0;1;0;0;0;0;0;
2004 49 2;199;22044920530;3;0;0;0;0;0;0;0;0;0;0;0;0;
2004 49 2;200;22044910491;3;0;1;0;0;0;0;0;0;0;0;0;0;
2004 49 2;201;22044910583;3;0;1;0;0;0;0;0;0;0;0;0;0;
2004 49 2;202;22044920035;3;0;1;1;0;0;0;1;0;0;0;0;0;
2004 49 2;203;22044920363;3;0;0;0;0;0;0;0;0;0;0;0;0;
2004 49 2;204;22044910477;3;0;1;0;0;0;0;0;0;0;0;0;0;
2004 49 2;205;22044910627;3;0;1;0;0;0;0;0;0;0;0;0;0;
2004 49 2;206;22044920683;3;0;0;0;0;0;0;0;0;0;0;0;0;
2004 49 2;207;22044920012;3;0;1;1;0;0;0;1;0;0;0;0;0;
2004 49 2;208;22044920194;3;0;1;0;0;0;0;1;0;0;0;0;0;
2004 49 2;209;22044910515;3;0;1;0;0;0;0;0;0;0;0;0;0;
2004 49 2;210;22044910447;3;0;1;0;0;0;0;0;0;0;0;0;0;
2004 49 2;211;22044910582;3;0;1;0;0;0;0;0;0;0;0;0;0;
2004 49 2;212;22044920062;3;0;0;1;0;0;0;1;0;0;0;0;0;
2004 49 2;213;22044910538;3;0;1;0;0;0;0;0;0;0;0;0;0;
2004 49 2;214;22044910661;3;0;1;0;0;0;0;0;0;0;0;0;0;
2004 49 2;215;22044920026;3;0;0;1;0;0;0;1;0;0;0;0;0;
2004 49 2;216;22044920264;3;0;0;0;0;0;0;0;0;0;0;0;0;
2004 49 2;217;22044920492;3;0;0;0;0;0;0;1;0;0;0;0;0;
2004 49 2;218;22044920196;3;0;0;1;0;0;0;1;0;0;0;0;0;
2004 49 2;219;22044910542;3;0;1;0;0;0;0;0;0;0;0;0;0;
2004 49 2;220;22044910490;3;0;1;0;0;0;0;0;0;0;0;0;0;
2004 49 2;221;22044920658;3;0;0;0;0;0;0;0;0;0;0;0;0;
2004 49 2;222;22044920197;3;0;0;1;0;0;0;1;0;0;0;0;0;
2004 49 2;223;22044920515;3;0;1;0;0;0;0;1;0;0;0;0;0;
2004 49 2;224;22044920421;3;0;0;0;0;0;0;0;0;0;0;0;0;
2004 49 2;225;22044920164;3;0;1;1;0;0;0;1;0;0;0;0;0;
2004 49 2;226;22044920123;3;0;1;0;0;0;0;0;0;0;0;0;0;
2004 49 2;227;22044920316;3;0;0;0;0;0;0;0;0;0;0;0;0;
2004 49 2;228;22044920006;3;0;0;1;0;0;0;1;0;0;0;0;0;
2004 49 2;229;22044920669;3;0;0;0;0;0;0;0;0;0;0;0;0;
2004 49 2;230;22044920573;3;0;1;0;0;0;0;0;0;0;0;0;0;
2004 49 2;231;22044920499;3;0;1;0;0;0;0;0;0;0;0;0;0;
2004 49 2;232;22044920077;3;0;0;0;0;0;0;0;0;0;0;0;0;
2004 49 2;233;22044920064;3;0;0;1;0;0;0;1;0;0;0;0;0;
2004 49 2;234;22044920302;3;0;1;0;0;0;0;0;0;0;0;0;0;
2004 49 2;235;22044920207;3;0;1;0;0;0;0;0;0;0;0;0;0;
2004 49 2;236;22044920226;3;0;0;0;0;0;0;1;0;0;0;0;0;
2004 49 2;237;22044920343;3;0;1;1;0;0;0;1;0;0;0;0;0;
2004 49 2;238;22044920662;3;0;0;0;0;0;0;0;0;0;0;0;0;
2004 49 2;239;22044920408;3;0;0;0;0;0;0;0;0;0;0;0;0;
2004 49 2;240;22044920069;3;0;1;1;0;0;0;1;0;0;0;0;0;
2004 49 2;241;22044920238;3;0;0;0;0;0;0;1;0;0;0;0;0;
2004 49 2;242;22044920375;3;0;1;0;0;0;0;0;0;0;0;0;0;
2004 49 2;243;22044920361;3;0;0;0;0;0;0;0;0;0;0;0;0;
2004 49 2;244;22044920163;3;0;1;1;0;0;0;1;0;0;0;0;0;
2004 49 2;245;22044920642;3;0;0;0;0;0;0;0;0;0;0;0;0;
2004 49 2;246;22044920125;3;0;1;0;0;0;0;0;0;0;0;0;0;
2004 49 2;247;22044920049;3;0;1;0;0;0;0;0;0;0;0;0;0;
2004 49 2;248;22044920646;3;0;0;0;0;0;0;0;0;0;0;0;0;
2004 49 2;249;22044920075;3;0;1;1;0;0;0;1;0;0;0;0;0;
2004 49 2;250;22044920080;3;0;1;0;0;0;0;0;0;0;0;0;0;
2004 49 2;251;22044920201;3;0;1;0;0;0;0;1;0;0;0;0;0;
2004 49 2;252;22044920517;3;0;1;0;0;0;0;0;0;0;0;0;0;
2004 49 2;253;22044920400;3;0;0;0;0;0;0;0;0;0;0;0;0;
2004 49 2;254;22044920473;3;0;1;0;0;0;0;0;0;0;0;0;0;
2004 49 2;255;22044920160;3;0;1;0;0;0;0;0;0;0;0;0;0;
2004 49 2;256;22044920280;3;0;1;0;0;0;0;1;0;0;0;0;0;
2004 49 2;257;22044920369;3;0;1;0;0;0;0;0;0;0;0;0;0;
2004 49 2;258;22044920740;3;1;0;0;1;0;0;1;0;0;0;0;0;
2004 49 2;259;22044920354;3;0;0;1;0;0;0;1;0;0;0;0;0;
2004 49 2;260;22044920367;3;0;1;0;0;0;0;0;0;0;0;0;0;
2004 49 2;261;22044920220;3;0;1;0;0;0;0;0;0;0;0;0;0;
2004 49 2;262;22044920703;3;0;0;0;0;0;0;0;0;0;0;0;0;
2004 49 2;263;22044920242;3;0;1;0;0;0;0;0;0;0;0;0;0;
2004 49 2;264;22044920184;3;0;1;0;0;0;0;0;0;0;0;0;0;
2004 49 2;265;22044920297;3;0;1;0;0;0;0;0;0;0;0;0;0;
2004 49 2;266;22044920295;3;0;0;0;0;0;0;0;0;0;0;0;0;
2004 49 2;267;22044920250;3;0;1;1;0;0;0;1;0;0;0;0;0;
2004 49 2;268;22044920266;3;0;1;0;0;0;0;0;0;0;0;0;0;
2004 49 2;269;22044920563;3;0;1;0;0;0;0;1;0;0;0;0;0;
2004 49 2;270;22044930689;3;0;1;0;0;0;0;0;0;0;0;0;0;
2004 49 2;271;22044920353;3;0;0;1;0;0;0;1;0;0;0;0;0;
2004 49 2;272;22044920500;3;0;1;0;0;0;0;0;0;0;0;0;0;
2004 49 2;273;22044920655;3;0;1;0;0;0;0;0;0;0;0;0;0;
2004 49 2;274;22044920014;3;0;0;1;0;0;0;1;0;0;0;0;0;
2004 49 2;275;22044920084;3;0;1;0;0;0;0;0;0;0;0;0;0;
2004 49 2;276;22044920411;3;0;1;0;0;0;0;1;0;0;0;0;0;
2004 49 2;277;22044920324;3;0;0;1;0;1;0;1;0;0;0;0;0;
2004 49 2;278;22044920083;3;0;1;0;0;0;0;0;0;0;0;0;0;
2004 49 2;279;22044920502;3;0;1;0;0;0;0;0;0;0;0;0;0;
2004 49 2;280;22044920060;3;0;1;1;0;0;0;1;0;0;0;0;0;
2004 49 2;281;22044920171;3;0;0;0;0;0;0;1;0;0;0;0;0;
2004 49 2;282;22044920312;3;0;0;0;0;0;0;0;0;0;0;0;0;
2004 49 2;283;22044920063;3;0;0;1;0;0;0;1;0;0;0;0;0;
2004 49 2;284;22044920330;3;0;0;0;0;0;0;0;0;0;0;0;0;
2004 49 2;285;22044920558;3;0;1;0;0;0;0;0;0;0;0;0;0;
2004 49 2;286;22044920474;3;0;1;0;0;0;0;1;0;0;0;0;0;
2004 49 2;287;22044920070;3;0;0;1;0;0;0;1;0;0;0;0;0;
2004 49 2;288;22044920485;3;0;1;0;0;0;0;0;0;0;0;0;0;
2004 49 2;289;22044920551;3;0;1;0;0;0;0;0;0;0;0;0;0;
2004 49 2;290;22044920634;3;0;0;0;0;0;0;0;0;0;0;0;0;
2004 49 2;291;22044920124;3;0;1;0;0;0;0;0;0;0;0;0;0;
2004 49 2;292;22044920066;3;0;1;1;0;0;0;1;0;0;0;0;0;
2004 49 2;293;22044920265;3;0;1;0;0;0;0;0;0;0;0;0;0;
2004 49 2;294;22044920553;3;0;0;0;0;0;0;0;0;0;0;0;0;
2004 49 2;295;22044920065;3;0;0;1;0;0;0;1;0;0;0;0;0;
2004 49 2;296;22044920391;3;0;0;0;0;0;0;1;0;0;0;0;0;
2004 49 2;297;22044920572;3;0;0;0;0;0;0;0;0;0;0;0;0;
2004 49 2;298;22044920272;3;0;1;0;0;0;0;0;0;0;0;0;0;
2004 49 2;299;22044920208;3;0;1;0;0;0;0;0;0;0;0;0;0;
2004 49 2;300;22044920011;3;0;1;0;0;0;0;1;0;0;0;0;0;
2004 49 2;301;22044910392;3;0;0;0;0;0;0;0;0;0;0;0;0;
2004 49 2;302;22044920491;3;0;0;0;0;0;0;1;0;0;0;0;0;
2004 49 2;303;22044920050;3;0;0;1;0;0;0;1;0;0;0;0;0;
2004 49 2;304;22044920122;3;0;1;0;0;0;0;0;0;0;0;0;0;
2004 49 2;305;22044920676;3;0;0;0;0;0;0;0;0;0;0;0;0;
2004 49 2;306;22044920460;3;0;0;0;0;0;0;0;0;0;0;0;0;
2004 49 2;307;22044920666;3;0;1;0;0;0;0;0;0;0;0;0;0;
2004 49 2;308;22044920665;3;0;0;0;0;0;0;0;0;0;0;0;0;
2004 49 2;309;22044920199;3;0;1;1;0;0;0;1;0;0;0;0;0;
2004 49 2;310;22044920335;3;0;1;0;0;0;0;0;0;0;0;0;0;
2004 49 2;311;22044920336;3;0;0;0;0;0;0;0;0;0;0;0;0;
2004 49 2;312;22044920376;3;0;1;1;0;0;0;1;0;0;0;0;0;
2004 49 2;313;22044920679;3;0;1;0;0;0;0;0;0;0;0;0;0;
2004 49 2;314;22044920192;3;0;0;0;0;0;0;1;0;0;0;0;0;
2004 49 2;315;22044920174;3;0;1;0;0;0;0;1;0;0;0;0;0;
2004 49 2;316;22044920381;3;0;1;0;0;0;0;0;0;0;0;0;0;
2004 49 2;317;22044920059;3;0;1;1;0;0;0;1;0;0;0;0;0;
2004 49 2;318;22044920331;3;0;1;0;0;0;0;0;0;0;0;0;0;
2004 49 2;319;22044950269;3;0;1;0;0;0;0;0;0;0;0;0;0;
2004 49 2;320;22044920030;3;0;0;1;0;0;0;1;0;0;0;0;0;
2004 49 2;321;22044920684;3;0;0;0;0;0;0;0;0;0;0;0;0;
2004 49 2;322;22044950271;3;0;1;0;0;0;0;0;0;0;0;0;0;
2004 49 2;323;22044950284;3;0;1;0;0;0;0;0;0;0;0;0;0;
2004 49 2;324;22044920024;3;0;1;1;0;0;0;1;0;0;0;0;0;
2004 49 2;325;22044920657;3;0;0;0;0;0;0;0;0;0;0;0;0;
2004 49 2;326;22044950270;3;0;1;0;0;0;0;0;0;0;0;0;0;
2004 49 2;327;22044920037;3;0;1;1;0;0;0;1;0;0;0;0;0;
2004 49 2;328;22044920318;3;0;0;0;0;0;0;0;0;0;0;0;0;
2004 49 2;329;22044950282;3;0;1;0;0;0;0;0;0;0;0;0;0;
2004 49 2;330;22044920592;3;0;0;0;0;0;0;0;0;0;0;0;0;
2004 49 2;331;22044920246;3;0;0;1;0;0;0;1;0;0;0;0;0;
2004 49 2;332;22044920547;3;0;0;0;0;0;0;1;0;0;0;0;0;
2004 49 2;333;22044950267;3;0;1;0;0;0;0;0;0;0;0;0;0;
2004 49 2;334;22044950281;3;0;1;0;0;0;0;0;0;0;0;0;0;
2004 49 2;335;22044920051;3;0;0;1;0;0;0;1;0;0;0;0;0;
2004 49 2;336;22044950280;3;0;1;0;0;0;0;0;0;0;0;0;0;
2004 49 2;337;22044950261;3;0;1;0;0;0;0;0;0;0;0;0;0;
2004 49 2;338;22044920040;3;0;1;1;0;0;0;1;0;0;0;0;0;
2004 49 2;339;22044920409;3;0;0;0;0;0;0;1;0;0;0;0;0;
2004 49 2;340;22044950276;3;0;1;0;0;0;0;0;0;0;0;0;0;
2004 49 2;341;22044920058;3;0;1;1;0;0;0;1;0;0;0;0;0;
2004 49 2;342;22044920664;3;0;0;0;0;0;0;0;0;0;0;0;0;
2004 49 2;343;22044950257;3;0;1;0;0;0;0;0;0;0;0;0;0;
2004 49 2;344;22044920490;3;0;0;0;0;0;0;0;0;0;0;0;0;
2004 49 2;345;22044920317;3;0;0;0;0;0;0;0;0;0;0;0;0;
2004 49 2;346;22044920151;3;0;0;1;0;0;0;1;0;0;0;0;0;
2004 49 2;347;22044920148;3;0;1;0;0;0;0;1;0;0;0;0;0;
2004 49 2;348;22044920380;3;0;0;0;0;0;0;0;0;0;0;0;0;
2004 49 2;349;22044920395;3;0;0;0;0;0;0;0;0;0;0;0;0;
2004 49 2;350;22044950259;3;0;1;0;0;0;0;0;0;0;0;0;0;
2004 49 2;351;22044950275;3;0;1;0;0;0;0;0;0;0;0;0;0;
2004 49 2;352;22044920018;3;0;0;1;0;0;0;1;0;0;0;0;0;
2004 49 2;353;22044920259;3;0;0;0;0;0;0;0;0;0;0;0;0;
2004 49 2;354;22044950260;3;0;1;0;0;0;0;0;0;0;0;0;0;
2004 49 2;355;22044920052;3;0;1;1;0;0;0;1;0;0;0;0;0;
2004 49 2;356;22044920586;3;0;1;0;0;0;0;0;0;0;0;0;0;
2004 49 2;357;22044920288;3;0;0;0;0;0;0;0;0;0;0;0;0;
2004 49 2;358;22044930291;3;0;0;0;0;0;0;1;0;0;0;0;0;
2004 49 2;359;22044920015;3;0;1;1;0;0;0;1;0;0;0;0;0;
2004 49 2;360;22044920727;3;0;1;0;0;0;0;0;0;0;0;0;0;
2004 49 2;361;22044910676;3;0;0;0;0;0;0;0;0;0;0;0;0;
2004 49 2;362;22044910621;9;0;1;0;0;0;0;0;0;0;0;0;0;
2004 49 2;363;22044920735;9;0;0;0;0;0;0;0;0;0;0;0;0;
2004 49 2;364;22044920733;9;0;1;1;0;0;0;1;0;0;0;0;0;
2004 49 2;365;22044910443;9;0;1;0;0;0;0;0;0;0;0;0;0;
2004 49 2;366;22044910532;9;0;1;0;0;0;0;0;0;0;0;0;0;
2004 49 2;367;22044920090;9;0;0;0;0;0;0;1;0;0;0;0;0;
2004 49 2;368;22044910456;9;0;1;0;0;0;0;0;0;0;0;0;0;
2004 49 2;369;22044910460;9;0;1;0;0;0;0;0;0;0;0;0;0;
2004 49 2;370;22044920389;9;0;1;1;0;0;0;1;0;0;0;0;0;
2004 49 2;371;22044910510;9;0;1;0;0;0;0;0;0;0;0;0;0;
2004 49 2;372;22044920291;9;0;0;0;0;0;0;0;0;0;0;0;0;
2004 49 2;373;22044920155;9;0;1;1;0;0;0;1;0;0;0;0;0;
2004 49 2;374;22044920728;9;0;1;0;0;0;0;0;0;0;0;0;0;
2004 49 2;375;22044920268;9;0;1;0;0;0;0;0;0;0;0;0;0;
2004 49 2;376;22044920341;9;0;1;1;0;0;0;1;0;0;0;0;0;
2004 49 2;377;22044920593;9;0;0;0;0;0;0;0;0;0;0;0;0;
2004 49 2;378;22044305257;9;0;1;0;0;0;0;1;0;0;0;0;0;
2004 49 2;379;22044920364;9;0;0;0;0;0;0;0;0;0;0;0;0;
2004 49 2;380;22044920068;9;0;1;1;0;0;0;1;0;0;0;0;0;
2004 49 2;381;22044920215;9;0;1;0;0;0;0;0;0;0;0;0;0;
2004 49 2;382;22044920641;9;0;1;0;0;0;0;0;0;0;0;0;0;
2004 49 2;383;22044305256;9;0;1;0;0;0;0;1;0;0;0;0;0;
2004 49 2;384;22044920216;9;0;1;0;0;0;0;0;0;0;0;0;0;
2004 49 2;385;22044920177;9;0;0;1;0;0;0;1;0;0;0;0;0;
2004 49 2;386;22044920426;9;0;1;0;0;0;0;1;0;0;0;0;0;
2004 49 2;387;22044920103;9;0;1;0;0;0;0;0;0;0;0;0;0;
2004 49 2;388;22044920231;9;0;0;1;0;0;0;1;0;0;0;0;0;
2004 49 2;389;22044920509;9;0;1;0;0;0;0;1;0;0;0;0;0;
2004 49 2;390;22044920506;9;0;1;0;0;0;0;0;0;0;0;0;0;
2004 49 2;391;22044920263;9;0;0;0;0;0;0;0;0;0;0;0;0;
2004 49 2;392;22044920348;9;0;0;1;0;0;0;1;0;0;0;0;0;
2004 49 2;393;22044920487;9;0;0;0;0;0;0;1;0;0;0;0;0;
2004 49 2;394;22044920373;9;0;1;0;0;0;0;0;0;0;0;0;0;
2004 49 2;395;22044920258;9;0;1;1;0;0;0;1;0;0;0;0;0;
2004 49 2;396;22044920167;9;0;1;0;0;0;0;0;0;0;0;0;0;
2004 49 2;397;22044920334;9;0;1;0;0;0;0;0;0;0;0;0;0;
2004 49 2;398;22044920346;9;0;1;1;0;0;0;1;0;0;0;0;0;
2004 49 2;399;22045010447;9;0;0;0;0;0;0;0;0;0;0;0;0;
2004 49 2;400;22044920206;9;0;1;0;0;0;0;1;0;0;0;0;0;
2004 49 2;401;22044920384;9;0;1;0;0;0;0;1;0;0;0;0;0;
2004 49 2;402;22044920670;9;0;0;0;0;0;0;0;0;0;0;0;0;
2004 49 2;403;22044920198;9;0;0;1;0;0;0;1;0;0;0;0;0;
2004 49 2;404;22044920378;9;0;1;0;0;0;0;0;0;0;0;0;0;
2004 49 2;405;22044920651;9;0;1;0;0;0;0;0;0;0;0;0;0;
2004 49 2;406;22044920240;9;0;1;0;0;0;0;1;0;0;0;0;0;
2004 49 2;407;22044920481;9;0;1;0;0;0;0;0;0;0;0;0;0;
2004 49 2;408;22044920182;9;0;1;1;0;0;0;1;0;0;0;0;0;
2004 49 2;409;22044920557;9;0;0;0;0;0;0;0;0;0;0;0;0;
2004 49 2;410;22044920371;9;0;1;0;0;0;0;0;0;0;0;0;0;
2004 49 2;411;22044920101;9;0;0;1;0;0;0;1;0;0;0;0;0;
2004 49 2;412;22044920508;9;0;1;0;0;0;0;1;0;0;0;0;0;
2004 49 2;413;22044920401;9;0;0;0;0;0;0;0;0;0;0;0;0;
2004 49 2;414;22044920260;9;0;0;0;0;0;0;0;0;0;0;0;0;
2004 49 2;415;22044920486;9;0;0;0;0;0;0;1;0;0;0;0;0;
2004 49 2;416;22044920166;9;0;1;0;0;0;0;0;0;0;0;0;0;
2004 49 2;417;22044920349;9;0;0;1;0;0;0;1;0;0;0;0;0;
2004 49 2;418;22044920098;9;0;1;0;0;0;0;1;0;0;0;0;0;
2004 49 2;419;22044920596;9;0;1;0;0;0;0;0;0;0;0;0;0;
2004 49 2;420;22044920350;9;0;0;1;0;0;0;1;0;0;0;0;0;
2004 49 2;421;22044920046;9;1;1;0;0;0;0;1;0;0;0;0;0;
2004 49 2;422;22044920233;9;0;1;0;0;0;0;0;0;0;0;0;0;
2004 49 2;423;22044620361;9;0;1;1;0;0;0;1;0;0;0;0;0;
2004 49 2;424;22044920106;9;0;1;0;0;0;0;0;0;0;0;0;0;
2004 49 2;425;22044920102;9;0;1;0;0;0;0;0;0;0;0;0;0;
2004 49 2;426;22044920074;9;0;0;1;0;0;0;1;0;0;0;0;0;
2004 49 2;427;22044920043;9;1;1;0;0;0;0;1;0;0;0;0;0;
2004 49 2;428;22044920092;9;0;1;0;0;0;0;0;0;0;0;0;0;
2004 49 2;429;22044920340;9;0;1;1;0;0;0;1;0;0;0;0;0;
2004 49 2;430;22044920370;9;0;1;0;0;0;0;0;0;0;0;0;0;
2004 49 2;431;22044920236;9;0;0;0;0;0;0;1;0;0;0;0;0;
2004 49 2;432;22044920273;9;0;1;0;0;0;0;0;0;0;0;0;0;
2004 49 2;433;22044920076;9;0;1;1;0;0;0;1;0;0;0;0;0;
2004 49 2;434;22044920632;9;0;1;0;0;0;0;0;0;0;0;0;0;
2004 49 2;435;22044920660;9;0;1;0;0;0;0;0;0;0;0;0;0;
2004 49 2;436;22044920410;9;0;1;0;0;0;0;1;0;0;0;0;0;
2004 49 2;437;22044920313;9;0;0;0;0;0;0;0;0;0;0;0;0;
2004 49 2;438;22044920534;9;0;1;0;0;0;0;0;0;0;0;0;0;
2004 49 2;439;22044920706;9;0;1;0;0;0;0;1;0;0;0;0;0;
2004 49 2;440;22044920282;9;0;1;1;0;0;0;1;0;0;0;0;0;
2004 49 2;441;22044920165;9;0;1;0;0;0;0;0;0;0;0;0;0;
2004 49 2;442;22044920518;9;0;1;0;0;0;0;0;0;0;0;0;0;
2004 49 2;443;22044920653;9;0;0;0;0;0;0;0;0;0;0;0;0;
2004 49 2;444;22044920183;9;0;1;1;0;0;0;1;0;0;0;0;0;
2004 49 2;445;22044920674;9;0;0;0;0;0;0;0;0;0;0;0;0;
2004 49 2;446;22044920195;9;0;1;0;0;0;0;1;0;0;0;0;0;
2004 49 2;447;22044920200;9;0;1;1;0;0;0;1;0;0;0;0;0;
2004 49 2;448;22044910410;9;0;1;0;0;0;0;0;0;0;0;0;0;
2004 49 2;449;22044920597;9;0;0;0;0;0;0;0;0;0;0;0;0;
2004 49 2;450;22044920241;9;0;1;0;0;0;0;1;0;0;0;0;0;
2004 49 2;451;22044920019;9;0;1;1;0;0;0;1;0;0;0;0;0;
2004 49 2;452;22044920451;9;0;0;0;0;0;0;0;0;0;0;0;0;
2004 49 2;453;22044920021;9;0;1;0;0;0;0;1;0;0;0;0;0;
2004 49 2;454;22044920352;11;0;0;1;0;0;0;1;0;0;0;0;0;
2004 49 2;455;22044910485;11;0;0;0;0;0;0;0;0;0;0;0;0;
2004 49 2;456;22044920362;11;0;1;0;0;0;0;0;0;0;0;0;0;
2004 49 2;457;22044920178;11;0;0;1;0;0;0;1;0;0;0;0;0;
2004 49 2;458;22044910609;11;0;1;0;0;0;0;1;0;0;0;0;0;
2004 49 2;459;22044910598;11;0;0;0;0;0;0;0;0;0;0;0;0;
2004 49 2;460;22044920514;11;0;1;0;0;0;0;1;0;0;0;0;0;
2004 49 2;461;22044910527;11;0;1;0;0;0;0;0;0;0;0;0;0;
2004 49 2;462;22044920032;11;0;1;1;0;0;0;1;0;0;0;0;0;
2004 49 2;463;22044920407;11;0;0;0;0;0;0;1;0;0;0;0;0;
2004 49 2;464;22044910061;11;0;1;0;0;0;0;0;0;0;0;0;0;
2004 49 2;465;22044920562;11;0;1;0;0;0;0;1;0;0;0;0;0;
2004 49 2;466;22044920347;11;0;1;1;0;0;0;1;0;0;0;0;0;
2004 49 2;467;22044910058;11;0;1;0;0;0;0;0;0;0;0;0;0;
2004 49 2;468;22044920696;11;0;0;0;0;0;0;0;0;0;0;0;0;
2004 49 2;469;22044910597;11;0;1;0;0;0;0;0;0;0;0;0;0;
2004 49 2;470;22044920677;11;0;0;0;0;0;0;0;0;0;0;0;0;
2004 49 2;471;22044920427;11;0;1;0;0;0;0;1;0;0;0;0;0;
2004 49 2;472;22044920154;11;0;0;1;0;0;0;1;0;0;0;0;0;
2004 49 2;473;22044920255;11;0;0;0;0;0;0;0;0;0;0;0;0;
2004 49 2;474;22044920678;11;0;0;0;0;0;0;0;0;0;0;0;0;
2004 49 2;475;22044920695;11;0;0;0;0;0;0;0;0;0;0;0;0;
2004 49 2;476;22044920724;11;0;1;0;0;0;0;0;0;0;0;0;0;
2004 49 2;477;22044920020;11;0;1;1;0;0;0;1;0;0;0;0;0;
2004 49 2;478;22044920423;11;0;0;0;0;0;0;1;0;0;0;0;0;
2004 49 2;479;22044920116;11;0;1;0;0;0;0;0;0;0;0;0;0;
2004 49 2;480;22044920495;11;0;1;0;0;0;0;0;0;0;0;0;0;
2004 49 2;481;22044920189;11;0;1;0;0;0;0;0;0;0;0;0;0;
2004 49 2;482;22044920054;11;0;1;1;0;0;0;1;0;0;0;0;0;
2004 49 2;483;22044920251;11;0;1;0;0;0;0;1;0;0;0;0;0;
2004 49 2;484;22044920338;11;0;0;0;0;0;0;0;0;0;0;0;0;
2004 49 2;485;22044920388;11;0;1;0;0;0;0;1;0;0;0;0;0;
2004 49 2;486;22044920405;11;0;1;0;0;0;0;0;0;0;0;0;0;
2004 49 2;487;22044920337;11;0;1;0;0;0;0;0;0;0;0;0;0;
2004 49 2;488;22044920546;11;0;0;0;0;0;0;1;0;0;0;0;0;
2004 49 2;489;22044920344;11;0;1;1;0;0;0;1;0;0;0;0;0;
2004 49 2;490;22044920332;11;0;1;0;0;0;0;0;0;0;0;0;0;
2004 49 2;491;22044920115;11;0;1;0;0;0;0;0;0;0;0;0;0;
2004 49 2;492;22044920345;11;0;1;1;0;0;0;1;0;0;0;0;0;
2004 49 2;493;22044920399;11;0;0;0;0;0;0;0;0;0;0;0;0;
2004 49 2;494;22044920686;11;0;0;0;0;0;0;0;0;0;0;0;0;
2004 49 2;495;22044920173;11;0;0;0;0;0;0;1;0;0;0;0;0;
2004 49 2;496;22044920112;11;0;1;0;0;0;0;0;0;0;0;0;0;
2004 49 2;497;22044920292;11;0;0;0;0;0;0;0;0;0;0;0;0;
2004 49 2;498;22044620391;11;0;1;0;0;0;0;1;0;0;0;0;0;
2004 49 2;499;22044920036;11;0;1;1;0;0;0;1;0;0;0;0;0;
2004 49 2;500;22044920186;11;0;1;0;0;0;0;0;0;0;0;0;0;
2004 49 2;501;22044920483;11;0;0;0;0;0;0;0;0;0;0;0;0;
2004 49 2;502;22044920214;11;0;1;1;0;0;0;1;0;0;0;0;0;
2004 49 2;503;22044920544;11;0;1;0;0;0;0;1;0;0;0;0;0;
2004 49 2;504;22044920099;11;0;1;0;0;0;0;0;0;0;0;0;0;
2004 49 2;505;22044920055;11;0;0;1;0;0;0;1;0;0;0;0;0;
2004 49 2;506;22044920671;11;0;1;0;0;0;0;0;0;0;0;0;0;
2004 49 2;507;22044920424;11;0;1;0;0;0;0;1;0;0;0;0;0;
2004 49 2;508;22044920023;11;0;1;1;0;0;0;1;0;0;0;0;0;
2004 49 2;509;22044920225;11;0;1;0;0;0;0;0;0;0;0;0;0;
2004 49 2;510;22044920680;11;0;1;0;0;0;0;0;0;0;0;0;0;
2004 49 2;511;22044920351;11;0;0;1;0;0;0;1;0;0;0;0;0;
2004 49 2;512;22044920543;11;0;1;0;0;0;0;1;0;0;0;0;0;
2004 49 2;513;22044920659;11;0;0;0;0;0;0;0;0;0;0;0;0;
2004 49 2;514;22044920387;11;0;1;1;0;0;0;1;0;0;0;0;0;
2004 49 2;515;22044920193;11;0;0;0;0;0;0;1;0;0;0;0;0;
2004 49 2;516;22044920672;11;0;1;0;0;0;0;0;0;0;0;0;0;
2004 49 2;517;22044920034;11;0;1;1;0;0;0;1;0;0;0;0;0;
2004 49 2;518;22044920496;11;0;1;0;0;0;0;0;0;0;0;0;0;
2004 49 2;519;22044920100;11;0;1;0;0;0;0;1;0;0;0;0;0;
2004 49 2;520;22044920638;11;0;0;0;0;0;0;0;0;0;0;0;0;
2004 49 2;521;22044920045;11;1;1;0;0;0;0;1;0;0;0;0;0;
2004 49 2;522;22044920029;4;0;1;1;0;0;0;1;0;0;0;0;0;
2004 49 2;523;22044910267;4;0;1;0;0;0;0;0;0;0;0;0;0;
2004 49 2;524;22044910507;4;0;1;0;0;0;0;0;0;0;0;0;0;
2004 49 2;525;22044920017;4;0;0;1;0;0;0;1;0;0;0;0;0;
2004 49 2;526;22044305260;4;0;1;0;0;0;0;1;0;0;0;0;0;
2004 49 2;527;22044910642;4;0;1;0;0;0;0;0;0;0;0;0;0;
2004 49 2;528;22044305261;4;0;1;0;0;0;0;1;0;0;0;0;0;
2004 49 2;529;22044910268;4;0;1;0;0;0;0;0;0;0;0;0;0;
2004 49 2;530;22044920685;4;0;0;0;0;0;0;0;0;0;0;0;0;
2004 49 2;531;22044920248;4;0;1;0;0;0;0;0;0;0;0;0;0;
2004 49 2;532;22044920028;4;0;1;1;0;0;0;1;0;0;0;0;0;
2004 49 2;533;22044920132;4;0;1;0;0;0;0;0;0;0;0;0;0;
2004 49 2;534;22044920321;4;0;0;0;0;0;0;0;0;0;0;0;0;
2004 49 2;535;22044920212;4;0;1;0;0;0;0;0;0;0;0;0;0;
2004 49 2;536;22044920145;4;0;1;0;0;0;0;1;0;0;0;0;0;
2004 49 2;537;22044920219;4;0;1;0;0;0;0;1;0;0;0;0;0;
2004 49 2;538;22044920135;4;0;1;0;0;0;0;0;0;0;0;0;0;
2004 49 2;539;22044920482;4;0;0;0;0;0;0;0;0;0;0;0;0;
2004 49 2;540;22044920162;4;0;1;0;0;0;0;0;0;0;0;0;0;
2004 49 2;541;22044920253;4;0;1;0;0;0;0;0;0;0;0;0;0;
2004 49 2;542;22044920158;4;0;1;1;0;0;0;1;0;0;0;0;0;
2004 49 2;543;22044920489;4;0;0;0;0;0;0;1;0;0;0;0;0;
2004 49 2;544;22044920713;4;0;0;0;0;0;0;0;0;0;0;0;0;
2004 49 2;545;22044920643;4;0;0;0;0;0;0;0;0;0;0;0;0;
2004 49 2;546;22044920494;4;0;1;0;0;0;0;0;0;0;0;0;0;
2004 49 2;547;22044920009;4;0;1;1;0;0;0;1;0;0;0;0;0;
2004 49 2;548;22044920503;4;0;1;0;0;0;0;0;0;0;0;0;0;
2004 49 2;549;22044920637;4;0;1;0;0;0;0;0;0;0;0;0;0;
2004 49 2;550;22044920211;4;0;1;0;0;0;0;0;0;0;0;0;0;
2004 49 2;551;22044920139;4;0;0;0;0;0;0;1;0;0;0;0;0;
2004 49 2;552;22044910334;4;0;1;0;0;0;1;0;0;0;0;0;0;
2004 49 2;553;22044920249;4;0;1;1;0;0;0;1;0;0;0;0;0;
2004 49 2;554;22044920590;4;0;0;0;0;0;0;0;0;0;0;0;0;
2004 49 2;555;22044920511;4;0;1;0;0;0;0;1;0;0;0;0;0;
2004 49 2;556;22044920552;4;0;0;0;0;0;0;0;0;0;0;0;0;
2004 49 2;557;22044920599;4;0;1;0;0;0;0;0;0;0;0;0;0;
2004 49 2;558;22044920150;4;0;0;1;0;0;0;1;0;0;0;0;0;
2004 49 2;559;22044920425;4;0;1;0;0;0;0;1;0;0;0;0;0;
2004 49 2;560;22044920540;4;0;1;0;0;0;0;0;0;0;0;0;0;
2004 49 2;561;22044920667;4;0;0;0;0;0;0;0;0;0;0;0;0;
2004 49 2;562;22044920187;4;0;1;0;0;0;0;0;0;0;0;0;0;
2004 49 2;563;22044920134;4;0;1;0;0;0;0;0;0;0;0;0;0;
2004 49 2;564;22044910026;4;1;0;0;1;0;0;1;0;0;0;0;0;
2004 49 2;565;22044920210;4;0;1;0;0;0;0;0;0;0;0;0;0;
2004 49 2;566;22044920635;4;0;0;0;0;0;0;0;0;0;0;0;0;
2004 49 2;567;22044920545;4;0;1;0;0;0;0;1;0;0;0;0;0;
2004 49 2;568;22044920136;4;0;1;0;0;0;0;0;0;0;0;0;0;
2004 49 2;569;22044920179;4;0;0;1;0;0;0;1;0;0;0;0;0;
2004 49 2;570;22044920168;4;0;1;0;0;0;0;0;0;0;0;0;0;
2004 49 2;571;22044920640;6;0;0;0;0;0;0;0;0;0;0;0;0;
2004 49 2;572;22044920639;6;0;0;0;0;0;0;0;0;0;0;0;0;
2004 49 2;573;22044920561;6;0;1;0;0;0;0;0;0;0;0;0;0;
2004 49 2;574;22044920682;6;0;0;0;0;0;0;0;0;0;0;0;0;
2004 49 2;575;22044920205;6;0;1;0;0;0;0;0;0;0;0;0;0;
2004 49 2;576;22044920339;6;0;0;0;0;0;0;0;0;0;0;0;0;
2004 49 2;577;22044920585;6;0;0;0;0;0;0;0;0;0;1;0;0;
2004 49 2;578;22044920109;6;0;1;1;0;0;0;1;0;0;0;0;0;
2004 49 2;579;22044920739;6;0;1;0;0;0;0;1;0;0;0;0;0;
2004 49 2;580;22044920311;6;0;1;0;0;0;0;0;0;0;0;0;0;
2004 49 2;581;22044920648;6;0;1;0;0;0;0;0;0;0;0;0;0;
2004 49 2;582;22044920422;6;0;0;0;0;0;0;0;0;0;1;0;0;
2004 49 2;583;22044920497;6;0;1;0;0;0;0;0;0;0;0;0;0;
2004 49 2;584;22044920097;6;0;1;0;0;0;0;0;0;0;0;0;0;
2004 49 2;585;22044920191;6;0;0;0;0;0;0;1;0;0;0;0;0;
2004 49 2;586;22044920644;6;0;1;0;0;0;0;0;0;0;0;0;0;
2004 49 2;587;22044920067;6;0;1;1;0;0;0;1;0;0;0;0;0;
2004 49 2;588;22044920293;6;0;0;0;0;0;0;0;0;0;0;0;0;
2004 49 2;589;22044920096;6;0;1;0;0;0;0;0;0;0;0;0;0;
2004 49 2;590;22044920571;6;0;1;1;0;0;0;0;0;0;0;0;0;
2004 49 2;591;22044920673;6;0;0;0;0;0;0;0;0;0;1;0;0;
2004 49 2;592;22044920140;6;0;0;0;0;0;0;1;0;0;0;0;0;
2004 49 2;593;22044920702;6;0;0;0;0;0;0;0;0;0;0;0;0;
2004 49 2;594;22044920143;6;0;1;0;0;0;0;1;0;0;0;0;0;
2004 49 2;595;22044920095;6;0;1;0;0;0;0;0;0;0;0;0;0;
2004 49 2;596;22044920591;6;0;0;0;0;0;0;0;0;0;0;0;0;
2004 49 2;597;22044920719;6;0;0;0;0;0;0;1;0;0;1;0;0;
2004 49 2;598;22044920056;6;0;0;1;0;0;0;1;0;0;0;0;0;
2004 49 2;599;22044920556;6;0;1;0;0;0;0;0;0;0;0;0;0;
2004 49 2;600;22044920202;6;0;1;0;0;0;0;1;0;0;0;0;0;
2004 49 2;601;22044920529;6;0;0;0;0;0;0;0;0;0;0;0;0;
2004 49 2;602;22044920333;6;0;1;0;0;0;0;0;0;0;0;0;0;
2004 49 2;603;22044920286;6;0;1;0;0;0;0;0;0;0;0;0;0;
2004 49 2;604;22044920550;6;0;0;0;0;0;0;0;0;0;0;0;0;
2004 49 2;605;22044920093;6;0;1;0;0;0;0;0;0;0;0;0;0;
2004 49 2;606;22044920329;6;0;1;0;0;0;0;0;0;0;0;0;0;
2004 49 2;607;22044920108;6;0;0;1;0;0;0;1;0;0;0;0;0;
2004 49 2;608;22044305259;2;0;1;0;0;0;0;1;0;0;0;0;0;
2004 49 2;609;22044920636;2;0;1;0;0;0;0;0;0;0;0;0;0;
2004 49 2;610;22044920722;2;0;1;0;0;0;0;1;0;0;0;0;0;
2004 49 2;611;22044920276;2;0;0;0;0;0;0;0;0;0;0;0;0;
2004 49 2;612;22044920053;2;0;1;1;0;0;0;1;0;0;0;0;0;
2004 49 2;613;22044920708;2;0;1;0;0;0;0;0;0;0;0;0;0;
2004 49 2;614;22044910409;2;0;0;0;0;0;0;0;0;0;0;0;0;
2004 49 2;615;22044920281;2;0;1;1;0;0;0;1;0;0;0;0;0;
2004 49 2;616;22044920365;2;0;0;0;0;0;0;0;0;0;0;0;0;
2004 49 2;617;22044920328;2;0;1;0;0;0;0;1;0;0;0;0;0;
2004 49 2;618;22044920741;2;0;1;0;0;0;0;1;0;1;0;0;0;
2004 49 2;619;22044910487;2;0;1;0;0;0;0;0;0;0;0;0;0;
2004 49 2;620;22044920705;2;0;1;0;0;0;0;1;0;0;0;0;0;
2004 49 2;621;22044610171;2;0;1;0;0;0;0;0;0;0;0;0;0;
2004 49 2;622;22044920247;2;0;0;0;0;0;0;1;0;0;0;0;0;
2004 49 2;623;22044920071;2;0;1;1;0;0;0;1;0;0;0;0;0;
2004 49 2;624;22044920262;2;0;0;0;0;0;0;0;0;0;0;0;0;
2004 49 2;625;22044920277;2;0;1;0;0;0;0;1;0;0;0;0;0;
2004 49 2;626;22044920725;2;0;0;1;0;0;0;1;0;0;0;0;0;
2004 49 2;627;22044920322;2;0;0;0;0;0;0;0;0;0;0;0;0;
2004 49 2;628;22044920459;2;0;0;0;0;0;0;0;0;0;0;0;0;
2004 49 2;629;22044920157;2;0;1;1;0;0;0;1;0;0;0;0;0;
2004 49 2;630;22044920390;2;0;0;0;0;0;0;0;0;0;0;0;0;
2004 49 2;631;22044920279;2;0;1;0;0;0;0;1;0;0;0;0;0;
2004 49 2;632;22044920153;2;0;0;1;0;0;0;1;0;0;0;0;0;
2004 49 2;633;22044920119;2;0;1;0;0;0;0;0;0;0;0;0;0;
2004 49 2;634;22044920498;2;1;1;0;0;0;0;1;0;0;0;0;0;
2004 49 2;635;22044920327;2;0;1;0;0;0;0;1;0;0;0;0;0;
2004 49 2;636;22044920120;2;0;1;0;0;0;0;0;0;0;0;0;0;
2004 49 2;637;22044920712;2;0;1;0;0;0;0;1;0;0;0;0;0;
2004 49 2;638;22044920406;2;0;0;0;0;0;0;0;0;0;0;0;0;
2004 49 2;639;22044920278;2;0;1;0;0;0;0;1;0;0;0;0;0;
2004 49 2;640;22044940580;2;1;1;0;0;0;0;1;0;0;0;0;0;
2004 49 2;641;22044910335;2;0;0;0;0;0;0;0;0;0;0;0;0;
2004 49 2;642;22044920142;2;0;1;0;0;0;0;1;0;0;0;0;0;
2004 49 2;643;22044920366;2;0;0;0;0;0;0;0;0;0;0;0;0;
2004 49 2;644;22044920720;2;0;0;0;0;0;0;0;0;0;0;0;0;
2004 49 2;645;22044920704;2;0;0;0;0;0;0;0;0;0;0;0;0;
2004 49 2;646;22044920152;2;0;0;1;0;0;0;1;0;0;0;0;0;
2004 49 2;647;22044940307;2;0;1;0;0;0;0;1;0;0;0;0;0;
2004 49 2;648;22044920710;2;0;0;0;0;0;0;0;0;0;0;0;0;
2004 49 2;649;22044920714;2;0;0;0;0;0;0;0;0;0;0;0;0;
2004 49 2;650;22044920315;2;0;0;0;0;0;0;1;0;0;0;0;0;
2004 49 2;651;22044920256;2;0;0;1;0;0;0;1;0;0;0;0;0;
2004 49 2;652;22044920450;7;0;0;0;0;0;0;0;0;0;0;0;0;
2004 49 2;653;22044920707;7;0;1;0;0;0;0;0;0;0;0;0;0;
2004 49 2;654;22044920203;7;0;1;0;0;0;0;0;0;0;0;0;0;
2004 49 2;655;22044920531;7;0;0;0;0;0;0;0;0;0;0;0;0;
2004 49 2;656;22044920717;7;0;1;0;0;0;0;1;0;0;0;0;0;
2004 49 2;657;22044920564;7;0;1;0;0;0;0;1;0;0;0;0;0;
2004 49 2;658;22044920721;7;0;0;0;0;0;0;0;0;0;0;0;0;
2004 49 2;659;22044920111;7;0;1;0;0;0;0;1;0;0;0;0;0;
2004 49 2;660;22044920687;7;0;0;0;0;0;0;0;0;0;0;0;0;
2004 49 2;661;22044920298;7;0;1;0;0;0;0;0;0;0;0;0;0;
2004 49 2;662;22044920650;7;0;0;0;0;0;0;0;0;0;0;0;0;
2004 49 2;663;22044920025;7;0;1;1;0;0;0;1;0;0;0;0;0;
2004 49 2;664;22044920574;7;0;1;0;0;0;0;0;0;0;0;0;0;
2004 49 2;665;22044920290;7;0;0;0;0;0;0;0;0;0;0;0;0;
2004 49 2;666;22044920575;7;0;0;0;0;0;0;0;0;0;0;0;0;
2004 49 2;667;22044920294;7;0;0;0;0;0;0;0;0;0;0;0;0;
2004 49 2;668;22044920536;7;0;1;0;0;0;0;0;0;0;0;0;0;
2004 49 2;669;22044920589;7;0;0;0;0;0;0;0;0;0;0;0;0;
2004 49 2;670;22044920180;8;0;0;1;0;0;0;1;0;0;0;0;0;
2004 49 2;671;22044920033;8;0;1;1;0;0;0;1;0;0;0;0;0;
2004 49 2;672;22044920002;8;0;1;0;0;0;0;1;0;0;0;0;0;
2004 49 2;673;22044805270;8;0;0;0;0;0;0;1;0;0;1;0;0;
2004 49 2;674;22044920213;8;0;1;1;0;0;0;1;0;0;0;0;0;
2004 49 2;675;22044910736;8;0;1;0;0;0;0;0;0;0;0;0;0;
2004 49 2;676;22044910067;8;1;1;0;1;0;0;1;0;0;0;0;0;
2004 49 2;677;22044920013;8;0;1;1;0;0;0;1;0;0;0;0;0;
2004 49 2;678;22044920730;8;0;1;0;0;0;0;0;0;0;0;0;0;
2004 49 2;679;22044920488;8;0;0;0;0;0;0;1;0;0;0;0;0;
2004 49 2;680;22044920181;8;0;1;1;0;0;0;1;0;0;0;0;0;
2004 49 2;681;22044920566;8;0;1;0;0;0;0;0;0;0;0;0;0;
2004 49 2;682;22044920510;8;0;1;0;0;0;0;1;0;0;0;0;0;
2004 49 2;683;22044920010;8;0;1;1;0;0;0;1;0;0;0;0;0;
2004 49 2;684;22044920726;12;0;0;0;0;0;0;0;0;0;0;0;0;
2004 49 2;685;22044950678;12;0;0;0;0;0;0;0;0;0;0;0;0;
2004 49 2;686;22044920718;12;0;1;0;0;0;0;0;0;0;0;0;0;
2004 49 2;687;22044910228;12;1;0;0;0;0;0;1;0;0;0;0;0;
2004 49 2;688;22044920118;12;0;1;0;0;0;0;0;0;0;0;0;0;
2004 49 2;689;22044920257;12;0;0;1;0;0;0;1;0;0;0;0;0;
2004 49 2;690;22044920121;12;0;1;0;0;0;0;0;0;0;0;0;0;
2004 49 2;691;22044920117;12;0;1;0;0;0;0;0;0;0;0;0;0;
2004 49 2;692;22044920057;12;0;1;1;0;0;0;1;0;0;0;0;0;
2004 49 2;693;22044950220;12;0;1;0;0;0;0;0;0;0;0;0;0;
2004 49 2;694;22044920172;12;0;0;0;0;0;0;1;0;0;0;0;0;
2004 49 2;695;22044920031;12;0;1;1;0;0;0;1;0;0;0;0;0;
2004 49 2;696;22044950212;12;0;1;0;0;0;0;0;0;0;0;0;0;
2004 49 2;697;22044950210;12;0;1;0;0;0;0;0;0;0;0;0;0;
2004 49 2;698;22044610180;10;0;1;0;0;0;0;0;0;0;0;0;0;
2004 49 2;699;22044920355;10;0;0;0;0;0;0;0;0;0;0;0;0;
2004 49 2;700;22044910390;10;1;1;0;1;0;0;1;0;0;0;0;0;
2004 49 2;701;22044920587;10;0;1;0;0;0;0;1;0;0;0;0;0;
2004 49 2;702;22044920356;10;0;0;0;0;0;0;0;0;0;0;0;0;
2004 49 2;703;22043805173;13;0;1;1;0;0;0;1;0;0;0;0;0;
2004 49 2;704;22044905269;13;0;1;0;0;0;0;1;0;0;0;0;0;