Date;SeqRank;Ident;Paint Color;HPRC1;LPRC1;LPRC2;LPRC3;LPRC4;LPRC5;LPRC6;LPRC7;LPRC8;LPRC9;LPRC10;LPRC11;
2004 48 5;955;39044920088;10;0;0;1;0;0;0;0;0;0;0;0;0;
2004 48 5;956;39044911086;10;0;0;0;0;1;0;1;1;0;0;0;1;
2004 48 5;957;39044920651;10;0;0;0;0;1;0;0;0;1;0;0;0;
2004 48 5;958;39045050126;10;0;1;0;0;0;0;0;0;0;0;0;0;
2004 48 5;959;39044910441;10;0;0;1;1;0;0;0;0;0;0;1;1;
2004 48 5;960;39044930714;10;0;0;0;1;1;0;0;0;1;0;0;0;
2004 48 5;961;39044911860;10;0;0;0;0;0;0;0;0;0;0;0;0;
2004 48 5;962;39044911948;10;0;0;0;0;0;0;0;0;0;0;0;0;
2004 48 5;963;39044750355;10;0;0;1;0;1;0;0;0;1;0;0;1;
2004 48 5;964;39044911914;10;0;0;0;0;0;0;0;0;0;0;0;0;
2004 48 5;965;39044930776;10;0;0;0;0;1;0;0;0;0;0;0;0;
2004 48 5;966;39044910430;10;0;0;1;1;0;0;0;0;0;0;1;0;
2004 48 5;967;39044950038;10;0;1;0;0;0;0;0;0;1;0;0;1;
2004 48 5;968;39044950424;10;0;0;1;0;1;0;0;0;0;1;0;0;
2004 48 5;969;39044940953;10;0;0;0;0;0;0;1;0;0;0;0;1;
2004 48 5;970;39044940770;10;0;0;0;0;1;0;0;0;0;0;0;0;
2004 48 5;971;39044950471;10;0;0;0;1;0;0;0;0;1;0;0;0;
2004 48 5;972;39044930041;10;0;0;0;0;1;0;0;0;1;0;0;0;
2004 48 5;973;39044850346;10;0;0;1;0;0;0;0;0;0;0;0;1;
2004 48 5;974;39044920003;10;0;0;0;0;1;0;0;0;0;0;0;1;
2004 48 5;975;39044930699;10;0;0;0;1;1;0;0;1;0;1;0;0;
2004 48 5;976;39044930513;10;0;0;1;0;1;0;0;0;1;0;0;0;
2004 48 5;977;39045210061;10;0;1;0;0;0;0;0;0;0;0;0;0;
2004 48 5;978;39044930068;10;0;0;0;0;1;0;0;0;0;0;0;1;
2004 48 5;979;39044911608;10;0;0;0;0;0;0;0;0;1;0;0;0;
2004 48 5;980;39044910429;10;0;0;1;1;0;0;0;0;0;0;1;0;
2004 48 5;981;39044930786;10;0;0;0;1;1;0;0;0;1;1;0;1;
2004 48 5;982;39044910926;10;0;0;0;0;1;0;0;0;0;0;0;0;
2004 48 5;983;39044911561;10;0;0;0;0;0;0;0;0;0;0;0;0;
2004 48 5;984;39044940839;10;0;1;0;1;1;0;1;0;0;0;0;0;
2004 48 5;985;39044850365;10;0;0;1;0;0;0;0;0;0;0;0;1;
2004 48 5;986;39044910017;10;0;0;0;0;1;0;0;0;1;0;0;1;
2004 48 5;987;39044930833;10;0;0;0;0;0;0;0;0;0;0;0;0;
2004 48 5;988;39044911512;10;0;0;0;1;0;0;0;0;0;0;0;0;
2004 48 5;989;39044920722;10;0;0;0;0;1;0;0;0;1;0;0;1;
2004 48 5;990;39044851665;10;0;0;0;0;0;0;0;0;0;0;0;0;
2004 48 5;991;39044920081;10;0;0;0;0;1;0;0;0;0;0;0;0;
2004 48 5;992;39044911511;10;0;0;0;1;0;0;0;0;0;0;0;0;
2004 48 5;993;39044930205;10;0;0;0;0;1;0;0;0;1;0;0;1;
2004 48 5;994;39044930840;10;0;0;0;0;0;0;0;0;0;0;0;1;
2004 48 5;995;39044940803;10;0;0;0;0;1;0;0;0;0;0;0;0;
2004 48 5;996;39044910715;10;0;0;0;0;1;0;1;1;0;0;0;0;
2004 48 5;997;39044950126;10;0;0;0;0;0;0;0;0;1;0;0;0;
2004 48 5;998;39044920636;10;0;0;0;0;1;0;0;0;0;1;0;0;
2004 48 5;999;39044910412;10;0;1;1;1;0;0;0;0;0;0;1;1;
2004 48 5;1000;39044930035;10;0;0;0;0;1;0;0;0;0;0;0;0;
2004 48 5;1001;39044912095;10;0;0;0;0;0;0;0;0;0;0;0;0;
2004 48 5;1002;39044610702;10;0;0;0;0;1;0;0;0;1;0;0;0;
2004 48 5;1003;39044910464;10;0;0;0;0;1;0;0;0;0;0;0;1;
2004 48 5;1004;39044920970;10;0;0;0;0;0;0;0;0;0;0;0;0;
2004 48 5;1005;39044920635;10;0;0;0;1;1;0;1;1;0;1;0;0;
2004 48 5;1006;39044840285;10;0;0;1;0;0;0;0;0;1;0;0;1;
2004 48 5;1007;39044940688;10;0;0;0;0;1;0;0;0;0;0;0;0;
2004 48 5;1008;39044920465;10;0;0;0;0;0;0;0;0;0;0;0;0;
2004 48 5;1009;39044920644;10;0;0;0;0;1;0;0;0;0;1;0;0;
2004 48 5;1010;39044910443;10;0;0;1;1;0;0;0;0;0;0;1;1;
2004 48 5;1011;39044910601;10;0;0;0;0;1;0;0;0;1;0;0;0;
2004 48 5;1012;39044950810;10;0;0;0;0;0;0;0;1;0;0;0;0;
2004 48 5;1013;39044851289;10;0;0;0;0;0;0;0;0;0;0;0;1;
2004 48 5;1014;39044920699;10;0;0;0;1;1;0;0;0;1;1;0;1;
2004 48 5;1015;39044910427;10;0;0;1;1;0;0;0;0;0;0;1;0;
2004 48 5;1016;39044930624;10;0;1;0;0;1;0;0;0;0;0;0;0;
2004 48 5;1017;39044911887;10;0;0;0;0;0;0;0;0;0;0;0;0;
2004 48 5;1018;39044910900;10;0;0;0;0;1;0;0;0;1;0;0;0;
2004 48 5;1019;39044911960;10;0;0;0;0;0;0;0;0;0;0;0;0;
2004 48 5;1020;39044911884;10;0;0;0;0;0;0;0;0;0;0;0;0;
2004 48 5;1021;39044920102;10;0;0;0;1;1;0;1;1;0;1;0;1;
2004 48 5;1022;39044911965;10;0;0;0;0;0;0;0;0;0;0;0;0;
2004 48 5;1023;39044930664;10;0;0;0;0;1;0;0;0;0;0;0;0;
2004 48 5;1024;39044920946;10;0;0;0;0;0;0;0;0;0;0;0;0;
2004 48 5;1025;39044930787;10;0;0;0;1;1;0;0;0;1;0;0;0;
2004 48 5;1026;39044950029;10;0;1;0;0;0;0;0;0;0;0;0;1;
2004 48 5;1027;39044950432;10;0;0;1;0;1;0;0;0;0;1;0;0;
2004 48 5;1028;39044920981;10;0;0;0;0;0;0;0;0;0;0;0;0;
2004 48 5;1029;39044920515;10;0;0;0;0;0;0;0;0;0;0;0;0;
2004 48 5;1030;39044920246;10;0;0;0;0;0;0;0;0;0;0;0;0;
2004 48 5;1031;39044950709;10;0;0;0;0;0;0;0;0;0;0;0;0;
2004 48 5;1032;39044911452;10;0;0;0;1;0;0;0;0;0;0;0;0;
2004 48 5;1033;39044940163;10;0;0;1;0;1;0;0;0;1;1;0;0;
2004 48 5;1034;39044950116;10;0;0;0;0;0;0;0;0;0;0;0;0;
2004 48 5;1035;39044930391;10;0;1;0;0;1;0;1;0;0;0;0;1;
2004 48 5;1036;39044911441;10;0;0;0;1;0;0;0;0;0;0;0;0;
2004 48 5;1037;39044920478;10;0;0;1;0;1;0;0;0;1;0;0;0;
2004 48 5;1038;39044912024;10;0;0;0;0;0;0;0;0;0;0;0;0;
2004 48 5;1039;39044912003;10;0;0;0;0;0;0;0;0;0;0;0;0;
2004 48 5;1040;39044910440;10;0;0;1;1;0;0;0;0;0;0;1;1;
2004 48 5;1041;39044911996;10;0;0;0;0;0;0;0;0;0;0;0;0;
2004 48 5;1042;39044912015;10;0;0;0;0;0;0;0;0;0;0;0;0;
2004 48 5;1043;39044912022;10;0;0;0;0;0;0;0;0;0;0;0;0;
2004 48 5;1044;39044920447;10;0;0;1;1;1;0;0;0;0;1;0;0;
2004 48 5;1045;39044940197;10;0;0;0;0;0;0;0;0;0;0;0;1;
2004 48 5;1046;39044911993;10;0;0;0;0;0;0;0;0;0;0;0;0;
2004 48 5;1047;39044912012;10;0;0;0;0;0;0;0;0;0;0;0;0;
2004 48 5;1048;39044911439;10;0;0;0;1;0;0;0;0;0;0;0;0;
2004 48 5;1049;39044820385;10;0;0;1;0;0;0;0;0;1;0;0;1;
2004 48 5;1050;39044911971;10;0;0;0;0;0;0;0;0;0;0;0;0;
2004 48 5;1051;39044940774;10;0;0;0;0;1;0;0;0;0;0;0;0;
2004 48 5;1052;39044920252;10;0;1;0;0;0;0;0;0;0;0;0;0;
2004 48 5;1053;39044920448;10;0;0;1;1;1;0;0;0;0;1;0;0;
2004 48 5;1054;39044912025;10;0;0;0;0;0;0;0;0;0;0;0;0;
2004 48 5;1055;39044911982;10;0;0;0;0;0;0;0;0;0;0;0;0;
2004 48 5;1056;39044930087;10;0;0;0;0;1;0;0;0;1;0;0;1;
2004 48 5;1057;39044950260;10;0;0;1;0;0;0;0;0;0;0;0;0;
2004 48 5;1058;39044920637;10;0;0;0;1;1;0;1;0;0;0;0;0;
2004 48 5;1059;39044950154;10;0;0;0;0;0;0;0;0;0;0;0;0;
2004 48 5;1060;39044910668;10;0;0;0;0;1;0;0;0;0;1;0;1;
2004 48 5;1061;39045210370;10;0;0;0;0;0;0;0;0;0;0;0;0;
2004 48 5;1062;39044930771;10;0;0;0;1;1;0;0;0;1;0;0;0;
2004 48 5;1063;39045210371;10;0;0;0;0;0;0;0;0;0;0;0;0;
2004 48 5;1064;39045210368;10;0;0;0;0;0;0;0;0;0;0;0;0;
2004 48 5;1065;39044850348;10;0;0;1;0;0;0;0;0;0;0;0;1;
2004 48 5;1066;39044920804;10;0;0;0;0;1;0;0;0;1;0;0;0;
2004 48 5;1067;39045130134;10;0;1;0;0;0;0;0;0;0;0;0;0;
2004 48 5;1068;39044912029;10;0;0;0;0;0;0;0;0;0;0;0;0;
2004 48 5;1069;39044920842;10;0;0;0;1;1;0;0;0;1;1;0;1;
2004 48 5;1070;39044912028;10;0;0;0;0;0;0;0;0;0;0;0;0;
2004 48 5;1071;39044930731;10;0;0;0;0;1;0;1;1;0;0;0;0;
2004 48 5;1072;39044840276;10;0;0;1;0;0;0;0;0;0;0;0;0;
2004 48 5;1073;39044950121;10;0;1;0;0;0;0;0;0;0;0;0;1;
2004 48 5;1074;39044940147;10;0;0;0;0;1;0;0;0;0;0;0;0;
2004 48 5;1075;39044930748;10;0;0;0;1;1;0;0;0;1;1;0;1;
2004 48 5;1076;39044912040;10;0;0;0;0;0;0;0;0;0;0;0;0;
2004 48 5;1077;39044911599;10;0;0;0;0;0;0;0;0;0;0;0;0;
2004 48 5;1078;39044950559;10;0;0;0;0;1;0;0;0;0;0;0;0;
2004 48 5;1079;39044840284;10;0;0;1;1;0;0;0;0;1;0;0;1;
2004 48 5;1080;39044912093;10;0;0;0;0;0;0;0;1;0;0;0;0;
2004 48 5;1081;39045120114;10;0;0;0;0;0;0;0;0;0;0;0;1;
2004 48 5;1082;39044851065;10;0;0;0;0;0;0;0;0;0;0;0;0;
2004 48 5;1083;39044920656;10;0;1;0;1;1;0;0;0;1;0;0;0;
2004 48 5;1084;39044920988;10;0;0;0;0;0;0;0;0;0;0;0;0;
2004 48 5;1085;39044950122;10;0;1;0;0;0;0;0;0;0;0;0;1;
2004 48 5;1086;39044920477;10;0;0;1;0;1;0;0;0;1;0;0;1;
2004 48 5;1087;39044950125;10;0;0;0;0;0;0;0;0;0;0;0;0;
2004 48 5;1088;39045110059;10;0;0;0;0;0;0;0;0;0;0;0;0;
2004 48 5;1089;39044930779;10;0;0;0;1;1;0;1;1;0;0;0;1;
2004 48 5;1090;39044910424;10;0;0;1;1;0;0;0;0;0;0;1;0;
2004 48 5;1091;39044930670;10;0;0;0;0;1;0;0;0;0;1;0;0;
2004 48 5;1092;39044920194;10;0;0;0;0;1;0;0;0;1;0;0;1;
2004 48 5;1093;39045210110;10;0;0;0;0;0;0;0;0;0;0;0;0;
2004 48 5;1094;39044940234;10;0;0;0;0;1;0;0;0;0;0;0;0;
2004 48 5;1095;39044930769;10;0;0;0;0;1;0;0;0;0;1;0;0;
2004 48 5;1096;39044910707;10;0;0;0;1;1;0;0;0;1;0;0;1;
2004 48 5;1097;39045210794;10;0;0;0;0;0;0;0;0;0;0;0;0;
2004 48 5;1098;39045210006;10;0;0;0;0;0;0;0;0;0;0;0;0;
2004 48 5;1099;39044830266;10;0;0;1;0;0;0;0;1;0;0;0;1;
2004 48 5;1100;39044930657;10;0;0;0;1;1;0;0;0;0;1;0;0;
2004 48 5;1101;39045220033;10;0;0;0;0;0;0;0;0;0;0;0;0;
2004 48 5;1102;39044930710;10;0;0;0;0;1;0;0;0;1;0;0;1;
2004 48 5;1103;39044940818;10;0;1;0;0;1;0;0;0;0;0;0;0;
2004 48 5;1104;39044850639;10;0;0;0;1;1;0;1;1;0;1;0;1;
2004 48 5;1105;39044910426;10;0;0;1;1;0;0;0;0;0;0;1;0;
2004 48 5;1106;39044930061;10;0;0;0;0;1;1;0;0;1;0;0;1;
2004 48 5;1107;39044950722;10;0;0;0;0;0;0;0;0;0;0;0;0;
2004 48 5;1108;39044940836;10;0;0;0;0;1;0;0;0;0;0;0;0;
2004 48 5;1109;39044910708;10;0;0;0;1;1;0;0;0;1;0;0;1;
2004 48 5;1110;39045150083;10;0;0;0;0;0;0;0;0;0;0;0;0;
2004 48 5;1111;39044920787;10;0;0;0;0;1;0;0;0;0;1;0;0;
2004 48 5;1112;39044850959;10;0;0;0;0;0;0;0;0;0;0;0;1;
2004 48 5;1113;39044950795;10;0;0;0;0;1;0;0;0;0;0;0;0;
2004 48 5;1114;39044921132;10;0;1;0;0;0;0;0;0;0;0;0;0;
2004 48 5;1115;39045210394;10;0;0;0;0;0;0;0;0;0;0;0;0;
2004 48 5;1116;39044830208;10;0;0;1;0;0;0;0;0;1;0;0;1;
2004 48 5;1117;39044910556;10;0;0;0;0;1;0;1;1;0;0;0;0;
2004 48 5;1118;39044911440;10;0;0;0;1;0;0;0;0;0;0;0;0;
2004 48 5;1119;39044911486;10;0;0;0;1;0;0;0;0;0;0;0;0;
2004 48 5;1120;39044930740;10;0;0;0;0;1;0;0;0;1;0;0;0;
2004 48 5;1121;39044950257;10;0;0;1;0;0;0;0;0;0;0;0;0;
2004 48 5;1122;39044921119;10;0;0;0;0;0;0;0;0;0;0;0;0;
2004 48 5;1123;39044912004;10;0;0;0;0;0;0;0;0;0;0;0;0;
2004 48 5;1124;39044911981;10;0;0;0;0;0;0;0;0;0;0;0;0;
2004 48 5;1125;39044920060;10;0;0;0;1;1;0;0;0;1;0;0;1;
2004 48 5;1126;39044950254;10;0;0;1;0;0;0;0;0;0;0;0;0;
2004 48 5;1127;39044920788;10;0;0;0;0;1;0;0;0;0;1;0;0;
2004 48 5;1128;39045150050;10;0;1;0;0;0;0;0;0;0;0;0;0;
2004 48 5;1129;39044911487;10;0;0;0;1;0;0;0;0;0;0;0;0;
2004 48 5;1130;39044912021;10;0;0;0;0;0;0;0;0;0;0;0;0;
2004 48 5;1131;39044911967;10;0;0;0;0;0;0;0;0;0;0;0;0;
2004 48 5;1132;39044950164;10;0;0;0;0;0;0;0;0;1;0;0;0;
2004 48 5;1133;39044851023;10;0;0;0;0;0;0;0;0;0;0;0;0;
2004 48 5;1134;39044911438;10;0;0;0;1;0;0;0;0;0;0;0;0;
2004 48 5;1135;39044850893;10;0;0;0;0;0;0;0;0;0;0;0;0;
2004 48 5;1136;39044940464;10;0;0;1;0;0;0;0;0;0;0;0;0;
2004 48 5;1137;39044950717;10;0;0;0;0;1;0;0;0;0;0;0;0;
2004 48 5;1138;39045220005;10;0;0;0;0;0;0;0;0;0;0;0;0;
2004 48 5;1139;39044950561;10;0;0;0;0;1;0;0;0;1;0;0;0;
2004 48 5;1140;39044910410;10;0;1;1;1;0;0;0;0;0;0;1;1;
2004 48 5;1141;39044920759;10;0;0;0;0;1;0;1;1;0;1;0;0;
2004 48 5;1142;39045210583;10;0;0;0;0;0;0;0;0;0;0;0;0;
2004 48 5;1143;39044920372;10;0;0;1;0;0;0;0;0;0;0;0;0;
2004 48 5;1144;39044930774;10;0;0;0;1;1;0;0;0;1;1;0;0;
2004 48 5;1145;39044750303;10;0;0;1;0;1;0;0;0;1;0;0;1;
2004 48 5;1146;39044920783;10;0;0;0;1;1;0;0;0;0;0;0;0;
2004 48 5;1147;39045210147;10;0;0;0;0;0;0;0;0;0;0;0;0;
2004 48 5;1148;39044940357;10;0;0;1;0;1;0;0;0;1;0;0;1;
2004 48 5;1149;39045210818;10;0;0;0;0;0;0;0;0;0;0;0;0;
2004 48 5;1150;39044920688;10;0;0;0;0;1;0;1;1;0;0;0;1;
2004 48 5;1151;39044910409;10;0;1;1;1;0;0;0;0;0;0;1;0;
2004 48 5;1152;39044940802;10;0;0;0;1;1;0;0;0;1;1;0;0;
2004 48 5;1153;39044851694;10;0;0;0;1;1;0;0;0;0;0;0;1;
2004 48 5;1154;39044920205;10;0;0;0;0;1;0;0;0;0;0;0;0;
2004 48 5;1155;39044920289;10;0;0;1;0;0;0;0;0;1;0;0;0;
2004 48 5;1156;39044920426;10;0;0;1;1;1;0;0;0;0;1;0;1;
2004 48 5;1157;39044940956;10;0;1;0;0;0;0;0;0;1;0;0;0;
2004 48 5;1158;39044920662;10;0;0;0;0;1;0;0;0;0;0;0;0;
2004 48 5;1159;39044930361;10;0;0;1;0;0;0;0;0;1;0;0;0;
2004 48 5;1160;39044911087;10;0;0;0;1;1;0;0;1;0;0;0;1;
2004 48 5;1161;39044920183;10;0;0;0;0;1;0;0;0;1;1;0;0;
2004 48 5;1162;39044921146;10;0;0;0;0;1;0;1;0;0;0;0;0;
2004 48 5;1163;39044851237;10;0;0;0;0;0;0;0;0;0;0;0;1;
2004 48 5;1164;39044910425;10;0;0;1;1;0;0;0;0;0;0;1;0;
2004 48 5;1165;39044910727;10;0;0;0;0;1;0;0;0;1;0;0;0;
2004 48 5;1166;39044950483;10;0;1;0;0;0;0;0;0;0;0;0;0;
2004 48 5;1167;39044930237;10;0;0;0;0;1;0;0;0;0;0;0;1;
2004 48 5;1168;39044930627;10;0;0;0;1;1;0;0;1;0;1;0;0;
2004 48 5;1169;39044851317;10;0;0;0;0;0;0;1;0;0;0;0;1;
2004 48 5;1170;39044920723;10;0;0;0;0;1;0;0;0;1;0;0;0;
2004 48 5;1171;39044930073;10;0;0;0;0;1;0;0;0;1;0;0;1;
2004 48 5;1172;39044840214;10;0;0;1;0;0;0;0;0;0;0;0;0;
2004 48 5;1173;39044930177;10;0;0;0;0;1;0;0;0;0;0;0;1;
2004 48 5;1174;39044930698;10;0;0;0;0;1;0;0;0;0;1;0;0;
2004 48 5;1175;39044920719;10;0;0;0;0;1;0;0;0;1;0;0;0;
2004 48 5;1176;39044910398;10;0;1;1;1;0;0;0;0;0;0;1;0;
2004 48 5;1177;39044940958;10;0;0;0;0;0;0;0;0;1;0;0;1;
2004 48 5;1178;39044950732;10;0;0;0;0;1;0;0;0;0;1;0;0;
2004 48 5;1179;39044920112;10;0;0;0;0;1;0;1;1;0;0;0;0;
2004 48 5;1180;39044910151;10;0;0;0;0;0;0;0;0;0;0;1;0;
2004 48 5;1181;39044920843;10;0;0;0;1;1;0;0;0;1;0;0;1;
2004 48 5;1182;39044940343;10;0;0;1;0;0;0;0;0;0;0;0;0;
2004 48 5;1183;39044921217;10;0;0;0;0;0;0;0;0;0;0;0;1;
2004 48 5;1184;39044950707;10;0;0;0;0;1;0;0;0;0;0;0;0;
2004 48 5;1185;39044930417;10;0;0;1;0;1;0;0;0;1;1;0;0;
2004 48 5;1186;39044911250;10;0;0;0;0;0;0;0;0;0;0;0;1;
2004 48 5;1187;39044910045;10;0;0;0;0;1;0;0;1;0;0;0;0;
2004 48 5;1188;39044911654;10;0;0;0;1;0;0;0;0;0;0;0;0;
2004 48 5;1189;39044930501;10;0;0;1;0;1;0;0;0;1;0;0;0;
2004 48 5;1190;39044940125;10;0;0;0;0;0;0;0;0;0;0;0;1;
2004 48 5;1191;39044950749;10;0;0;0;0;1;0;0;0;0;0;0;0;
2004 48 5;1192;39044930681;10;0;0;0;1;1;0;0;0;1;0;0;1;
2004 48 5;1193;39044910402;10;0;1;1;1;0;0;0;0;0;0;1;0;
2004 48 5;1194;39050130308;10;0;0;0;0;1;0;0;0;1;0;0;0;
2004 48 5;1195;39045220030;10;0;0;0;0;0;0;0;0;0;0;0;0;
2004 48 5;1196;39044920180;10;0;0;0;0;1;0;0;1;0;0;0;1;
2004 48 5;1197;39044850443;10;0;0;1;1;1;0;0;0;1;1;0;0;
2004 48 5;1198;39044910150;10;0;0;0;0;0;0;0;0;0;0;1;0;
2004 48 5;1199;39044930071;10;0;0;0;0;1;0;0;0;1;0;0;1;
2004 48 5;1200;39045110168;10;0;0;0;0;0;0;0;0;0;0;0;0;
2004 48 5;1201;39045210302;10;0;0;0;0;0;0;0;0;0;0;0;0;
2004 48 5;1202;39045210369;10;0;0;0;0;0;0;0;0;0;0;0;0;
2004 48 5;1203;39045210815;10;0;0;0;0;0;0;0;0;0;0;0;0;
2004 48 5;1204;39045210665;10;0;0;0;0;0;0;0;0;0;0;0;0;
2004 48 5;1205;39045210694;10;0;0;0;0;0;0;0;0;0;0;0;0;
2004 48 5;1206;39044950252;10;0;0;1;0;0;0;0;0;0;0;0;0;
2004 48 5;1207;39044911163;10;0;0;0;1;0;0;0;0;0;0;0;0;
2004 48 5;1208;39044920955;10;0;0;0;0;0;0;0;0;0;0;0;0;
2004 48 5;1209;39044950222;10;0;1;0;0;0;0;1;1;0;0;0;1;
2004 48 5;1210;39044930741;10;0;0;0;0;1;0;0;0;1;0;0;0;
2004 48 5;1211;39044950253;10;0;0;1;0;0;0;0;0;0;0;0;0;
2004 48 5;1212;39044910121;10;0;0;0;1;1;0;0;0;0;0;0;0;
2004 48 5;1213;39044920080;10;0;0;0;0;0;0;0;0;0;0;0;0;
2004 48 5;1214;39045210035;10;0;0;0;0;0;0;0;0;0;0;0;0;
2004 48 5;1215;39045210377;10;0;0;0;0;0;0;0;0;0;0;0;0;
2004 48 5;1216;39044930459;10;0;0;1;1;0;0;0;0;1;0;0;1;
2004 48 5;1217;39044912323;10;0;0;0;0;0;0;0;0;0;0;0;0;
2004 48 5;1218;39044921415;10;0;0;0;0;0;0;0;0;0;0;0;0;
2004 48 5;1219;39044740590;10;0;0;0;0;1;0;0;0;0;1;0;0;
2004 48 5;1220;39045020128;10;0;1;0;0;0;0;0;0;0;0;0;1;
2004 48 5;1221;39044912464;10;0;0;0;0;0;0;0;0;0;0;0;0;
2004 48 5;1222;39044912255;10;0;0;0;0;0;0;0;0;0;0;0;0;
2004 48 5;1223;39044912240;10;0;0;0;0;1;0;0;0;0;0;0;0;
2004 48 5;1224;39045030825;10;0;0;0;0;0;0;0;0;0;0;0;0;
2004 48 5;1225;39044850705;10;0;0;0;1;1;0;0;0;1;1;0;1;
2004 48 5;1226;39045130438;10;0;0;0;0;0;0;0;0;0;0;0;0;
2004 48 5;1227;39044912254;10;0;1;0;0;0;0;0;0;0;0;0;0;
2004 48 5;1228;39044912370;10;0;0;0;0;0;0;0;0;0;0;0;0;
2004 48 5;1229;39044850325;10;0;0;1;0;0;0;0;0;0;0;0;1;
2004 48 5;1230;39044741006;10;0;0;0;0;1;0;0;0;0;0;0;0;
2004 48 5;1231;39044930936;10;0;0;0;0;0;0;0;0;0;0;0;0;
2004 48 5;1232;39050420011;10;0;0;0;0;0;0;0;0;0;0;1;1;
2004 48 5;1233;39044912449;10;0;0;0;0;0;0;0;0;0;0;0;0;
2004 48 5;1234;39044850464;10;0;1;1;0;1;0;0;0;0;1;0;0;
2004 48 5;1235;39044930062;10;0;0;0;0;0;0;0;0;1;0;0;0;
2004 48 5;1236;39044741079;10;0;0;0;0;1;0;0;0;0;0;0;0;
2004 48 5;1237;39045020862;10;0;0;0;0;0;0;0;0;0;0;0;0;
2004 48 5;1238;39044921259;10;0;0;0;0;0;0;0;0;0;0;0;0;
2004 48 5;1239;39044921269;10;0;0;0;0;0;0;0;0;0;0;0;0;
2004 48 5;1240;39044750909;10;0;0;0;0;1;0;0;0;0;1;0;0;
2004 48 5;1241;39044921260;10;0;0;0;0;0;0;0;0;0;0;0;0;
2004 48 5;1242;39044840598;10;0;0;0;0;1;0;0;0;0;0;0;1;
2004 48 5;1243;39045020505;10;0;0;0;1;0;0;0;0;0;0;0;0;
2004 48 5;1244;39044921266;10;0;0;0;0;0;0;0;0;0;0;0;0;
2004 48 5;1245;39044921263;10;0;0;0;0;0;0;0;0;0;0;0;0;
2004 48 5;1246;39044921265;10;0;0;0;0;0;0;0;0;0;0;0;0;
2004 48 5;1247;39044850457;10;0;0;1;0;1;0;0;0;1;1;0;1;
2004 48 5;1248;39044921268;10;0;0;0;0;0;0;0;0;0;0;0;0;
2004 48 5;1249;39044741015;10;0;0;0;0;1;0;0;0;0;0;0;0;
2004 48 5;1250;39044921285;9;0;0;0;0;0;0;0;0;0;0;0;0;
2004 49 1;1;39044830597;14;0;0;0;0;1;0;0;0;0;0;0;1;
2004 49 1;2;39045020498;14;0;1;0;0;0;0;0;0;0;0;0;0;
2004 49 1;3;39050140112;14;0;0;0;1;0;0;1;1;0;0;0;0;
2004 49 1;4;39044810037;14;0;0;1;0;0;0;0;0;0;0;0;0;
2004 49 1;5;39044840489;14;0;0;0;0;1;0;0;0;0;0;0;1;
2004 49 1;6;39044741198;14;0;0;0;0;1;0;0;0;0;1;0;0;
2004 49 1;7;39044850439;14;0;0;1;0;1;0;0;0;1;0;0;0;
2004 49 1;8;39044830596;14;0;0;0;0;1;0;0;0;0;0;0;0;
2004 49 1;9;39044912282;14;0;1;0;0;0;0;0;0;0;0;0;1;
2004 49 1;10;39044840541;14;0;0;0;0;1;0;0;0;0;0;0;0;
2004 49 1;11;39044811416;14;0;0;0;0;0;0;0;0;0;0;0;0;
2004 49 1;12;39044910259;14;0;0;1;0;1;0;0;0;0;1;0;0;
2004 49 1;13;39045030492;14;0;1;0;0;0;0;0;0;0;0;0;1;
2004 49 1;14;39044840562;14;0;0;0;0;1;0;0;0;0;0;0;0;
2004 49 1;15;39044930011;12;0;0;0;0;0;0;0;0;1;0;0;0;
2004 49 1;16;39044741067;12;0;0;0;0;1;0;0;0;0;0;0;0;
2004 49 1;17;39044912283;12;0;0;0;1;0;0;0;0;0;0;0;0;
2004 49 1;18;39044850463;12;0;1;1;0;1;0;0;0;0;1;0;1;
2004 49 1;19;39044921466;12;0;0;0;0;0;0;0;0;0;0;0;0;
2004 49 1;20;39044921449;12;0;0;0;0;0;0;0;0;0;0;0;0;
2004 49 1;21;39044741028;12;0;0;0;0;1;0;0;0;0;0;0;0;
2004 49 1;22;39044921554;1;0;0;0;0;0;0;0;0;0;0;0;0;
2004 49 1;23;39044840409;1;0;0;0;0;1;0;1;1;0;1;0;1;
2004 49 1;24;39045030141;1;0;0;0;0;0;0;0;0;1;0;0;0;
2004 49 1;25;39044912423;1;0;0;0;0;0;0;0;0;0;0;0;0;
2004 49 1;26;39045210748;1;0;0;0;1;0;0;0;0;0;0;0;0;
2004 49 1;27;39044921502;6;0;0;0;0;0;0;0;0;0;0;0;0;
2004 49 1;28;39044741063;6;0;0;0;0;1;0;0;0;0;0;0;1;
2004 49 1;29;39044810421;10;0;0;0;0;1;0;0;0;0;1;0;0;
2004 49 1;30;39044840229;10;0;1;1;0;0;0;0;0;0;0;0;0;
2004 49 1;31;39044820367;10;0;0;1;0;0;0;0;0;0;0;0;0;
2004 49 1;32;39044820287;10;0;1;1;0;0;0;0;0;0;0;0;1;
2004 49 1;33;39044921465;12;0;0;0;0;0;0;0;0;0;0;0;0;
2004 49 1;34;39044840468;12;0;0;0;1;1;0;0;0;1;1;0;0;
2004 49 1;35;39044921532;12;0;0;0;0;0;0;0;0;0;0;0;0;
2004 49 1;36;39044921486;12;0;0;0;0;0;0;0;0;0;0;0;0;
2004 49 1;37;39044741033;12;0;0;0;0;1;0;0;0;0;0;0;1;
2004 49 1;38;39044921553;11;0;0;0;0;0;0;0;0;0;0;0;0;
2004 49 1;39;39044820349;11;0;1;1;0;0;0;0;0;0;0;0;0;
2004 49 1;40;39044912441;11;0;0;0;0;0;0;0;0;0;0;0;0;
2004 49 1;41;39044740964;11;0;0;0;0;1;0;0;0;0;1;0;0;
2004 49 1;42;39045030667;11;0;0;0;0;0;0;0;0;0;0;0;0;
2004 49 1;43;39045020524;11;0;0;0;0;0;0;0;0;1;0;0;1;
2004 49 1;44;39044710276;11;0;0;1;0;0;0;0;0;0;0;0;0;
2004 49 1;45;39044810734;11;0;0;0;0;1;0;0;0;0;0;0;0;
2004 49 1;46;39044921433;11;0;0;0;1;0;0;1;1;0;0;0;1;
2004 49 1;47;39044810659;11;0;0;0;0;1;0;0;0;0;0;0;0;
2004 49 1;48;39044940975;11;0;0;0;0;0;0;0;0;0;0;0;0;
2004 49 1;49;39044820267;11;0;1;1;0;0;0;0;0;0;0;0;0;
2004 49 1;50;39044820807;11;0;0;0;0;1;0;0;0;0;0;0;0;
2004 49 1;51;39044930916;11;0;0;0;0;0;0;0;0;0;0;0;0;
2004 49 1;52;39044850575;11;0;0;0;0;1;0;0;0;1;1;0;1;
2004 49 1;53;39044820373;11;0;0;1;0;0;0;0;0;0;0;0;0;
2004 49 1;54;39044912392;11;0;0;0;0;0;0;0;0;0;0;0;0;
2004 49 1;55;39044921127;11;0;0;0;0;0;0;0;0;0;0;0;0;
2004 49 1;56;39044930908;11;0;0;0;0;0;0;0;0;0;0;0;1;
2004 49 1;57;39044820113;11;0;1;1;0;0;0;0;0;0;0;0;0;
2004 49 1;58;39044741150;1;0;0;0;0;1;0;0;0;0;1;0;0;
2004 49 1;59;39044941005;1;0;0;0;0;0;0;0;0;0;0;0;0;
2004 49 1;60;39044840547;1;0;0;0;0;1;0;0;0;1;0;0;0;
2004 49 1;61;39044912237;1;0;0;0;0;0;0;0;0;0;0;0;0;
2004 49 1;62;39044741009;1;0;0;0;0;1;0;0;0;0;0;0;0;
2004 49 1;63;39044930793;1;0;0;0;0;0;0;0;0;0;0;0;1;
2004 49 1;64;39044840346;1;0;0;1;1;1;0;0;0;0;1;0;0;
2004 49 1;65;39044912413;1;0;0;0;0;0;0;0;0;0;0;0;0;
2004 49 1;66;39044741124;1;0;0;0;0;1;0;0;0;0;0;0;0;
2004 49 1;67;39044912256;1;0;0;0;0;0;0;0;0;0;0;0;0;
2004 49 1;68;39044912463;1;0;0;0;0;0;0;0;0;0;0;0;0;
2004 49 1;69;39044830036;11;0;1;1;0;0;0;0;0;0;0;0;0;
2004 49 1;70;39045030513;11;0;0;0;0;0;0;0;0;0;0;1;1;
2004 49 1;71;39044740987;11;0;0;0;0;1;0;0;0;0;1;0;0;
2004 49 1;72;39044921593;11;0;0;0;0;0;0;1;1;0;0;0;0;
2004 49 1;73;39044820805;11;0;0;0;0;1;0;0;0;0;0;0;0;
2004 49 1;74;39045040092;11;0;1;0;0;0;0;0;0;0;0;0;1;
2004 49 1;75;39044830237;11;0;0;1;0;0;0;0;0;0;0;0;0;
2004 49 1;76;39044850547;11;0;0;0;0;1;0;0;0;1;0;0;0;
2004 49 1;77;39045040065;11;0;0;0;1;0;0;0;0;0;0;0;1;
2004 49 1;78;39044750698;11;0;0;0;0;1;0;0;0;0;1;0;0;
2004 49 1;79;39044921253;11;0;0;0;0;0;0;0;0;0;0;0;0;
2004 49 1;80;39044840186;11;0;0;1;0;0;0;0;0;0;0;0;0;
2004 49 1;81;39045040091;11;0;1;0;0;0;0;0;0;0;0;0;1;
2004 49 1;82;39044921245;11;0;0;0;0;0;0;0;0;0;0;0;0;
2004 49 1;83;39044921243;11;0;0;0;0;0;0;0;0;0;0;0;0;
2004 49 1;84;39044921251;11;0;0;0;0;0;0;0;0;0;0;0;0;
2004 49 1;85;39044840600;11;0;0;0;1;1;0;0;0;1;1;0;1;
2004 49 1;86;39044850305;11;0;0;1;0;0;0;0;0;0;0;0;0;
2004 49 1;87;39044921240;11;0;0;0;0;0;0;0;0;0;0;0;0;
2004 49 1;88;39044920850;11;0;0;0;0;0;0;0;0;0;0;0;1;
2004 49 1;89;39044820643;7;0;0;0;0;1;0;0;0;0;1;0;0;
2004 49 1;90;39044840184;11;0;1;1;0;0;0;0;0;0;0;0;0;
2004 49 1;91;39044921247;11;0;0;0;0;0;0;0;0;0;0;0;0;
2004 49 1;92;39044921241;11;0;0;0;0;0;0;0;0;0;0;0;0;
2004 49 1;93;39044810454;11;0;0;0;0;1;0;0;0;1;0;0;1;
2004 49 1;94;39044921252;11;0;0;0;0;0;0;0;0;0;0;0;0;
2004 49 1;95;39044840367;11;0;0;1;1;1;0;0;0;0;1;0;0;
2004 49 1;96;39044921124;11;0;0;0;0;0;0;0;0;0;0;0;0;
2004 49 1;97;39044820336;11;0;0;0;0;1;0;0;0;0;0;0;0;
2004 49 1;98;39045040093;11;0;1;0;0;0;0;0;0;0;0;0;1;
2004 49 1;99;39044830480;11;0;0;0;0;1;0;0;0;0;0;0;0;
2004 49 1;100;39045020167;11;0;0;0;0;0;0;1;1;0;0;0;0;
2004 49 1;101;39044850309;11;0;0;1;0;0;0;0;0;0;0;0;0;
2004 49 1;102;39044810655;11;0;0;0;0;1;0;0;0;0;1;0;1;
2004 49 1;103;39045040008;11;0;0;0;1;0;0;0;0;1;0;0;0;
2004 49 1;104;39044830476;11;0;0;0;0;1;0;0;0;0;0;0;0;
2004 49 1;105;39044921246;11;0;0;0;0;0;0;0;0;0;0;0;0;
2004 49 1;106;39044830176;11;0;1;1;0;0;0;0;0;0;0;0;1;
2004 49 1;107;39044830387;11;0;0;0;0;1;0;0;0;0;0;0;0;
2004 49 1;108;39045030652;11;0;0;0;0;0;0;0;0;1;0;0;1;
2004 49 1;109;39044921254;11;0;0;0;0;0;0;0;0;0;0;0;0;
2004 49 1;110;39044741128;6;0;0;0;0;1;0;0;0;0;0;0;0;
2004 49 1;111;39044921451;6;0;0;0;1;0;0;0;0;0;0;0;0;
2004 49 1;112;39044912281;6;0;0;0;0;1;0;0;0;0;1;0;0;
2004 49 1;113;39044921426;6;0;1;0;0;0;0;0;0;0;0;0;0;
2004 49 1;114;39044850357;6;0;0;1;0;0;0;0;0;0;0;0;1;
2004 49 1;115;39044741228;6;0;0;0;0;1;0;0;0;0;0;0;0;
2004 49 1;116;39044921533;6;0;0;0;0;0;0;0;0;0;0;0;0;
2004 49 1;117;39044740992;6;0;0;0;0;1;0;0;0;0;0;0;0;
2004 49 1;118;39044921596;6;0;0;0;0;0;0;0;0;1;0;0;0;
2004 49 1;119;39044741021;6;0;0;0;0;1;0;0;0;0;1;0;1;
2004 49 1;120;39044820284;6;0;1;1;0;0;0;0;0;0;0;0;0;
2004 49 1;121;39044921585;6;0;0;0;0;0;0;0;0;0;0;0;0;
2004 49 1;122;39045020866;6;0;0;0;0;0;0;0;0;0;0;0;0;
2004 49 1;123;39044912244;6;0;0;0;1;1;0;1;1;0;0;0;1;
2004 49 1;124;39044912451;6;0;0;0;0;0;0;0;0;0;0;0;0;
2004 49 1;125;39044741005;6;0;0;0;0;1;0;0;0;0;1;0;0;
2004 49 1;126;39044930923;6;0;0;0;0;0;0;0;0;1;0;0;1;
2004 49 1;127;39044912472;6;0;0;0;0;0;0;0;0;0;0;0;0;
2004 49 1;128;39044930913;6;0;1;0;0;0;0;0;0;0;0;0;0;
2004 49 1;129;39044912249;6;0;0;0;0;0;0;0;0;0;0;0;0;
2004 49 1;130;39044820225;8;0;0;1;0;0;0;0;0;0;0;0;1;
2004 49 1;131;39044840360;8;0;0;1;1;1;0;0;0;0;1;0;0;
2004 49 1;132;39044912438;8;0;0;0;0;0;0;0;0;0;0;0;0;
2004 49 1;133;39044912245;8;0;0;0;0;1;0;0;0;0;0;0;0;
2004 49 1;134;39044921413;8;0;0;0;0;0;0;0;0;0;0;0;1;
2004 49 1;135;39044810161;8;0;0;1;0;0;0;0;0;0;0;0;0;
2004 49 1;136;39044930889;8;0;1;0;0;0;0;0;0;0;0;0;0;
2004 49 1;137;39044740929;8;0;0;0;0;1;0;0;0;0;1;0;0;
2004 49 1;138;39045030516;8;0;0;0;0;0;0;0;0;0;0;1;0;
2004 49 1;139;39044810263;8;0;0;1;0;0;0;0;0;0;0;0;0;
2004 49 1;140;39044912242;8;0;0;0;0;0;0;0;0;1;0;0;1;
2004 49 1;141;39044940200;8;0;0;0;1;0;0;0;0;0;0;0;0;
2004 49 1;142;39044810805;8;0;0;0;0;1;0;0;0;0;1;0;0;
2004 49 1;143;39044830236;8;0;0;1;0;0;0;0;0;0;0;0;0;
2004 49 1;144;39045130181;2;0;0;0;0;0;0;0;1;0;0;0;0;
2004 49 1;145;39044950480;2;0;1;0;0;0;0;0;0;0;0;0;1;
2004 49 1;146;39044912277;2;0;0;0;1;0;0;0;0;0;0;0;1;
2004 49 1;147;39044730366;2;0;0;1;0;1;0;0;0;0;0;0;0;
2004 49 1;148;39044930920;2;0;0;0;0;0;0;0;0;0;0;0;0;
2004 49 1;149;39045030819;2;0;0;0;0;0;0;0;0;1;0;0;1;
2004 49 1;150;39044741238;2;0;0;0;0;1;0;0;0;0;1;0;0;
2004 49 1;151;39044830224;2;0;1;1;0;0;0;0;0;0;0;0;0;
2004 49 1;152;39044921130;2;0;0;0;0;0;0;0;0;0;0;0;0;
2004 49 1;153;39044850156;2;0;0;0;0;1;0;0;0;1;0;0;1;
2004 49 1;154;39044921403;2;0;0;0;1;0;0;1;1;0;0;0;1;
2004 49 1;155;39044830180;2;0;0;1;0;0;0;0;0;0;0;0;0;
2004 49 1;156;39044750989;2;0;0;0;0;1;0;0;0;0;1;0;0;
2004 49 1;157;39045030109;14;0;1;0;0;0;0;0;0;0;0;0;1;
2004 49 1;158;39044912459;14;0;0;0;0;0;0;0;0;0;0;0;0;
2004 49 1;159;39045030110;14;0;1;0;0;0;0;0;0;0;0;0;1;
2004 49 1;160;39044830181;14;0;0;1;0;0;0;0;0;0;0;0;0;
2004 49 1;161;39044921272;9;0;0;0;0;0;0;0;0;0;0;0;0;
2004 49 1;162;39044741239;9;0;0;0;0;1;0;0;0;0;0;0;0;
2004 49 1;163;39045030071;9;0;0;0;1;0;0;0;0;1;0;0;0;
2004 49 1;164;39044921275;9;0;0;0;0;0;0;0;0;0;0;0;0;
2004 49 1;165;39044741223;9;0;0;0;0;1;0;0;0;0;0;0;0;
2004 49 1;166;39044921270;9;0;0;0;0;0;0;0;0;0;0;0;0;
2004 49 1;167;39044741197;9;0;0;0;0;1;0;0;0;0;0;0;0;
2004 49 1;168;39044921277;9;0;0;0;0;0;0;0;0;0;0;0;0;
2004 49 1;169;39044840366;9;0;0;1;1;1;0;0;0;0;1;0;0;
2004 49 1;170;39044921273;9;0;0;0;0;0;0;0;0;0;0;0;0;
2004 49 1;171;39044921261;9;0;0;0;0;0;0;0;0;0;0;0;0;
2004 49 1;172;39044921264;9;0;0;0;0;0;0;0;0;0;0;0;0;
2004 49 1;173;39044921267;9;0;0;0;0;0;0;0;0;0;0;0;0;
2004 49 1;174;39044740976;9;0;0;0;0;1;0;0;0;0;0;0;0;
2004 49 1;175;39044850369;9;0;0;1;0;0;0;0;0;0;0;0;1;
2004 49 1;176;39044840401;9;0;0;0;0;1;0;0;1;0;1;0;0;
2004 49 1;177;39044921258;9;0;0;0;0;0;0;0;0;0;0;0;0;
2004 49 1;178;39044921276;9;0;0;0;0;0;0;0;0;0;0;0;0;
2004 49 1;179;39044910954;9;0;0;0;1;1;0;0;0;0;0;0;0;
2004 49 1;180;39044921271;9;0;0;0;0;0;0;0;0;0;0;0;0;
2004 49 1;181;39044850454;11;0;0;1;0;1;0;0;0;1;0;0;1;
2004 49 1;182;39045040090;11;0;1;0;0;0;0;0;0;0;0;0;1;
2004 49 1;183;39044921239;11;0;0;0;0;0;0;0;0;0;0;0;0;
2004 49 1;184;39044921257;11;0;0;0;0;0;0;0;0;0;0;0;0;
2004 49 1;185;39044810381;11;0;0;0;0;1;0;0;0;0;1;0;0;
2004 49 1;186;39044921238;11;0;0;0;0;0;0;0;0;0;0;0;0;
2004 49 1;187;39045040122;11;0;1;0;0;0;0;0;0;0;0;0;1;
2004 49 1;188;39044830396;11;0;0;0;0;1;0;0;0;0;0;0;0;
2004 49 1;189;39044810273;11;0;0;1;0;0;0;0;0;1;0;0;1;
2004 49 1;190;39044830440;11;0;0;0;0;1;0;1;0;0;0;0;0;
2004 49 1;191;39044921450;12;0;0;0;0;0;0;0;0;0;0;0;0;
2004 49 1;192;39044741201;12;0;0;0;0;1;0;0;0;0;1;0;0;
2004 49 1;193;39044850338;12;0;0;1;0;0;0;0;0;0;0;0;1;
2004 49 1;194;39044921315;12;0;0;0;0;0;0;0;0;0;0;0;0;
2004 49 1;195;39044921216;12;0;0;0;0;0;0;0;0;0;0;0;0;
2004 49 1;196;39044921454;12;0;1;0;0;0;0;0;0;0;0;0;0;
2004 49 1;197;39044850331;12;0;0;1;0;0;0;0;0;0;0;0;1;
2004 49 1;198;39044850610;12;0;0;0;1;1;0;0;0;1;1;0;0;
2004 49 1;199;39044921308;12;0;0;0;0;0;0;0;0;0;0;0;0;
2004 49 1;200;39044741043;12;0;0;0;0;1;0;0;0;0;0;0;0;
2004 49 1;201;39044912466;12;0;1;0;0;0;0;0;0;0;0;0;0;
2004 49 1;202;39044810084;12;0;0;1;0;0;0;0;0;0;0;0;0;
2004 49 1;203;39044912241;12;0;0;0;0;0;0;0;1;0;0;0;1;
2004 49 1;204;39044921067;12;0;0;0;0;0;0;0;0;0;0;0;0;
2004 49 1;205;39044921249;11;0;0;0;0;0;0;0;0;0;0;0;0;
2004 49 1;206;39044840368;11;0;0;1;1;1;0;0;0;0;1;0;0;
2004 49 1;207;39045040126;11;0;1;0;0;0;0;0;0;0;0;0;1;
2004 49 1;208;39045030096;11;0;0;0;0;0;0;0;0;1;0;0;0;
2004 49 1;209;39044930093;11;0;0;0;0;0;0;0;0;0;0;0;1;
2004 49 1;210;39044921255;11;0;0;0;0;0;0;0;0;0;0;0;0;
2004 49 1;211;39044921244;11;0;0;0;0;0;0;0;0;0;0;0;0;
2004 49 1;212;39044820740;11;0;0;0;0;1;0;0;0;0;1;0;0;
2004 49 1;213;39044850310;11;0;0;1;0;0;0;0;0;0;0;0;0;
2004 49 1;214;39045030515;11;0;0;0;0;0;0;0;0;0;0;1;1;
2004 49 1;215;39044921248;11;0;0;0;0;0;0;0;0;0;0;0;0;
2004 49 1;216;39050140107;11;0;0;0;1;0;0;0;0;1;0;0;0;
2004 49 1;217;39044820418;11;0;0;1;0;1;0;0;0;0;0;0;0;
2004 49 1;218;39045040124;11;0;1;0;0;0;0;0;0;0;0;0;1;
2004 49 1;219;39044921242;11;0;0;0;0;0;0;0;0;0;0;0;0;
2004 49 1;220;39044830114;11;0;0;0;0;1;0;1;0;0;0;0;0;
2004 49 1;221;39044850306;11;0;0;1;0;0;0;0;0;0;0;0;0;
2004 49 1;222;39044840615;11;0;0;0;0;1;0;0;0;0;0;0;0;
2004 49 1;223;39044921021;11;0;0;0;0;0;0;0;0;0;0;0;0;
2004 49 1;224;39044921256;11;0;0;0;0;0;0;0;0;0;0;0;0;
2004 49 1;225;39044830309;10;0;0;1;1;1;0;0;0;1;1;0;1;
2004 49 1;226;39044840527;10;0;0;0;0;1;0;0;0;0;0;0;0;
2004 49 1;227;39044840215;10;0;1;1;0;0;0;0;0;0;0;0;0;
2004 49 1;228;39044740024;10;0;0;1;0;1;0;0;0;0;1;0;0;
2004 49 1;229;39044921314;12;0;0;0;0;0;0;0;0;0;0;0;0;
2004 49 1;230;39044740985;12;0;0;0;0;1;0;0;0;0;0;0;0;
2004 49 1;231;39044921313;12;0;0;0;0;0;0;0;0;0;0;0;0;
2004 49 1;232;39044740956;12;0;0;0;0;1;0;0;0;0;0;0;0;
2004 49 1;233;39044850332;12;0;0;1;0;0;0;0;0;0;0;0;1;
2004 49 1;234;39044820658;12;0;0;0;0;1;0;0;1;0;1;0;0;
2004 49 1;235;39044921201;12;0;0;0;0;0;0;0;0;0;0;0;0;
2004 49 1;236;39045020221;12;0;1;0;1;0;0;0;0;1;0;0;0;
2004 49 1;237;39044921205;12;0;0;0;0;0;0;0;0;0;0;0;0;
2004 49 1;238;39044740005;12;0;0;0;0;1;0;0;0;0;0;0;0;
2004 49 1;239;39044912417;12;0;0;0;0;0;0;0;0;0;0;0;1;
2004 49 1;240;39044731274;12;0;0;0;0;1;0;0;0;0;1;0;0;
2004 49 1;241;39044921318;12;0;0;0;0;0;0;0;0;0;0;0;0;
2004 49 1;242;39044740695;12;0;0;0;0;1;0;0;0;0;0;0;0;
2004 49 1;243;39044921213;12;0;0;0;0;0;0;0;0;0;0;0;0;
2004 49 1;244;39044850328;12;0;0;1;0;0;0;0;0;0;0;0;1;
2004 49 1;245;39044840453;12;0;0;0;0;1;0;1;0;0;1;0;0;
2004 49 1;246;39044921575;12;0;1;0;0;0;0;0;0;1;0;0;0;
2004 49 1;247;39044930925;12;0;0;0;1;0;0;0;0;0;0;0;0;
2004 49 1;248;39044850339;12;0;0;1;0;0;0;0;0;0;0;0;1;
2004 49 1;249;39044740959;9;0;0;0;0;1;0;0;0;0;0;0;0;
2004 49 1;250;39044921274;9;0;0;0;0;0;0;0;0;0;0;0;0;
2004 49 1;251;39044741030;9;0;0;0;0;1;0;0;0;0;0;0;0;
2004 49 1;252;39044921262;9;0;0;0;0;0;0;0;0;0;0;0;0;
2004 49 1;253;39044850364;9;0;0;1;0;0;0;0;0;0;0;0;1;
2004 49 1;254;39044840594;9;0;0;0;0;1;0;0;0;0;1;0;0;
2004 49 1;255;39045040407;9;0;0;0;1;0;0;0;0;0;0;0;0;
2004 49 1;256;39044940981;9;0;0;0;0;0;0;0;0;1;0;0;0;
2004 49 1;257;39044930866;9;0;0;0;0;0;0;0;0;0;0;0;0;
2004 49 1;258;39044810700;9;0;0;0;0;1;0;0;0;0;0;0;1;
2004 49 1;259;39044830267;9;0;0;1;0;0;0;0;0;0;0;0;0;
2004 49 1;260;39044930873;9;0;0;0;0;0;0;0;0;0;0;0;0;
2004 49 1;261;39044740104;9;0;0;0;0;1;0;0;0;0;0;0;0;
2004 49 1;262;39044930878;9;0;0;0;0;0;0;0;0;0;0;0;0;
2004 49 1;263;39045210871;9;0;0;0;1;0;0;0;0;0;0;0;0;
2004 49 1;264;39044840365;9;0;0;1;1;1;0;0;0;0;1;0;0;
2004 49 1;265;39044930864;9;0;0;0;0;0;0;0;0;0;0;0;0;
2004 49 1;266;39044930877;9;0;0;0;0;0;0;0;0;0;0;0;0;
2004 49 1;267;39044810564;9;0;0;0;0;1;0;0;0;0;0;0;0;
2004 49 1;268;39044850363;9;0;0;1;0;0;0;0;0;0;0;0;1;
2004 49 1;269;39044741068;3;0;0;0;0;1;0;1;0;0;0;0;0;
2004 49 1;270;39044912406;3;0;0;0;0;0;0;0;0;0;0;0;0;
2004 49 1;271;39044912266;3;0;0;0;0;0;0;0;0;0;0;0;0;
2004 49 1;272;39044740925;1;0;0;0;0;1;0;0;0;0;1;0;0;
2004 49 1;273;39044850318;1;0;0;1;0;0;0;0;0;0;0;0;1;
2004 49 1;274;39044741143;1;0;0;0;0;1;0;0;0;0;0;0;0;
2004 49 1;275;39044921116;1;0;0;0;0;0;0;0;0;0;0;0;0;
2004 49 1;276;39044741099;1;0;0;0;0;1;0;0;0;0;0;0;0;
2004 49 1;277;39045150068;1;0;0;0;0;0;0;0;0;1;0;0;1;
2004 49 1;278;39044820589;1;0;0;0;0;1;0;0;0;0;1;0;0;
2004 49 1;279;39044921123;1;0;0;0;0;0;0;0;0;0;0;0;0;
2004 49 1;280;39044912246;1;0;1;0;0;0;0;0;0;0;0;0;0;
2004 49 1;281;39044921195;1;0;0;0;0;0;0;0;0;0;0;0;0;
2004 49 1;282;39045030019;1;0;0;0;1;0;0;0;1;0;0;0;1;
2004 49 1;283;39044820321;1;0;0;1;0;0;0;0;0;0;0;0;0;
2004 49 1;284;39044741159;1;0;0;0;0;1;0;0;0;0;0;0;0;
2004 49 1;285;39044921187;1;0;0;0;0;0;0;0;0;0;0;0;0;
2004 49 1;286;39045030508;1;0;0;0;0;0;0;0;0;0;0;1;1;
2004 49 1;287;39044741170;1;0;0;0;0;1;0;0;0;0;0;0;0;
2004 49 1;288;39044921192;1;0;0;0;0;0;0;0;0;0;0;0;0;
2004 49 1;289;39044921189;1;0;0;0;0;0;0;0;0;0;0;0;0;
2004 49 1;290;39044741110;1;0;0;0;1;1;0;0;0;0;0;0;0;
2004 49 1;291;39044950025;7;0;1;0;0;0;0;0;0;1;0;0;1;
2004 49 1;292;39044741073;7;0;0;0;0;1;0;0;0;0;0;0;0;
2004 49 1;293;39044921482;7;0;0;0;0;0;0;0;0;0;0;0;0;
2004 49 1;294;39044820790;7;0;0;0;0;1;0;0;0;0;1;0;0;
2004 49 1;295;39044921584;7;0;0;0;0;0;0;0;0;0;0;0;0;
2004 49 1;296;39044741208;7;0;0;0;0;1;0;0;0;0;0;0;0;
2004 49 1;297;39044912234;7;0;0;0;0;0;0;0;0;0;0;0;0;
2004 49 1;298;39044741200;7;0;0;0;0;1;0;0;0;0;0;0;0;
2004 49 1;299;39044921432;7;0;0;0;0;0;0;0;0;1;0;0;0;
2004 49 1;300;39044830663;7;0;0;0;0;1;0;0;0;0;1;0;0;
2004 49 1;301;39044912393;7;0;0;0;0;0;0;0;0;0;0;0;1;
2004 49 1;302;39044740662;7;0;0;0;0;1;0;0;0;0;0;0;0;
2004 49 1;303;39044912462;7;0;0;0;0;0;0;0;0;0;0;0;0;
2004 49 1;304;39044950460;7;0;0;0;0;0;0;1;0;0;0;0;0;
2004 49 1;305;39044740912;7;0;0;0;0;1;0;0;0;0;0;0;1;
2004 49 1;306;39045030666;7;0;0;0;0;0;0;0;1;0;0;0;0;
2004 49 1;307;39045030222;7;0;0;0;1;0;0;0;0;1;0;0;0;
2004 49 1;308;39044740155;7;0;0;0;0;1;0;0;0;0;0;0;0;
2004 49 1;309;39045030661;7;0;1;0;0;0;0;0;0;0;0;0;1;
2004 49 1;310;39044750019;7;0;0;0;0;1;0;0;0;0;0;0;0;
2004 49 1;311;39044930870;9;0;0;0;0;0;0;0;0;0;0;0;0;
2004 49 1;312;39044840364;9;0;0;1;1;1;0;0;0;0;1;0;0;
2004 49 1;313;39044930872;9;0;0;0;0;0;0;0;0;0;0;0;0;
2004 49 1;314;39044810483;9;0;0;0;0;1;0;0;0;0;0;0;0;
2004 49 1;315;39044930861;9;0;0;0;0;0;0;0;0;0;0;0;0;
2004 49 1;316;39044930869;9;0;0;0;0;0;0;0;0;0;0;0;0;
2004 49 1;317;39044930246;9;0;1;0;0;0;0;0;0;0;0;0;0;
2004 49 1;318;39044940360;9;0;0;0;0;0;0;0;0;0;0;0;1;
2004 49 1;319;39044810482;9;0;0;0;0;1;0;0;0;0;0;0;0;
2004 49 1;320;39044930859;9;0;0;0;0;0;0;0;0;0;0;0;0;
2004 49 1;321;39044840349;2;0;0;1;1;1;0;0;0;0;1;0;0;
2004 49 1;322;39044740039;2;0;0;0;0;1;0;0;0;0;0;0;1;
2004 49 1;323;39044921043;2;0;0;0;0;0;0;0;0;0;0;0;0;
2004 49 1;324;39044741011;2;0;0;0;0;1;0;0;0;0;0;0;0;
2004 49 1;325;39044921485;2;0;0;0;0;0;0;1;1;0;0;0;1;
2004 49 1;326;39044840428;2;0;0;0;0;1;0;0;0;1;0;0;0;
2004 49 1;327;39044930898;2;0;1;0;0;0;0;0;0;0;0;0;0;
2004 49 1;328;39044840351;2;0;0;1;1;1;0;0;0;0;1;0;0;
2004 49 1;329;39045210128;2;0;0;0;1;0;0;0;0;0;0;0;1;
2004 49 1;330;39044741026;2;0;0;0;0;1;0;0;0;0;0;0;0;
2004 49 1;331;39044830247;2;0;0;1;0;0;0;0;0;0;0;0;0;
2004 49 1;332;39044741044;2;0;0;0;0;1;0;0;0;0;0;0;0;
2004 49 1;333;39044912471;2;0;0;0;0;0;0;0;0;0;0;0;1;
2004 49 1;334;39044750947;2;0;0;0;0;1;0;0;0;0;1;0;0;
2004 49 1;335;39044830098;2;0;0;1;0;0;0;0;0;0;0;0;0;
2004 49 1;336;39044921026;2;0;0;0;0;0;0;0;0;0;0;0;0;
2004 49 1;337;39044920963;2;0;0;0;0;0;0;0;0;0;0;0;1;
2004 49 1;338;39045030520;2;0;0;0;0;0;0;0;0;1;0;0;1;
2004 49 1;339;39044912235;2;0;0;0;1;0;0;1;1;0;0;0;0;
2004 49 1;340;39044850282;2;0;0;1;0;0;0;0;0;0;0;0;0;
2004 49 1;341;39044940986;6;0;0;0;0;0;0;0;0;0;0;0;1;
2004 49 1;342;39044850468;6;0;1;1;0;1;0;0;0;0;1;0;0;
2004 49 1;343;39044921039;6;0;0;0;0;0;0;0;0;0;0;0;0;
2004 49 1;344;39044740007;6;0;0;0;0;1;0;0;0;0;0;0;0;
2004 49 1;345;39045210158;6;0;0;0;0;0;0;0;0;0;0;1;0;
2004 49 1;346;39044921231;6;0;0;0;0;0;0;0;0;0;0;0;0;
2004 49 1;347;39044921234;6;0;0;0;0;0;0;0;0;0;0;0;0;
2004 49 1;348;39044750305;6;0;0;1;0;1;0;0;0;1;1;0;1;
2004 49 1;349;39044912252;6;0;1;0;0;0;0;0;0;0;0;0;0;
2004 49 1;350;39044740008;6;0;0;0;0;1;0;0;0;0;0;0;0;
2004 49 1;351;39044921220;6;0;0;0;0;0;0;0;0;0;0;0;0;
2004 49 1;352;39044921218;6;0;0;0;0;0;0;0;0;0;0;0;0;
2004 49 1;353;39044850352;6;0;0;1;0;0;0;0;0;0;0;0;1;
2004 49 1;354;39044921223;6;0;0;0;0;0;0;0;0;0;0;0;0;
2004 49 1;355;39044840470;6;0;0;0;1;1;0;0;0;1;1;0;0;
2004 49 1;356;39044921041;6;0;0;0;0;0;0;0;0;0;0;0;0;
2004 49 1;357;39044912427;6;0;1;0;0;0;0;0;0;0;0;0;0;
2004 49 1;358;39044740363;6;0;0;0;0;1;0;0;1;0;0;0;1;
2004 49 1;359;39044830089;6;0;0;1;0;0;0;0;0;0;0;0;0;
2004 49 1;360;39044750958;6;0;0;0;0;1;0;0;0;0;0;0;0;
2004 49 1;361;39044912268;7;0;0;0;0;0;0;0;0;0;0;0;0;
2004 49 1;362;39044840581;7;0;0;0;0;1;0;0;0;0;1;0;1;
2004 49 1;363;39044921431;7;0;0;0;0;0;0;0;0;1;0;0;0;
2004 49 1;364;39044810800;7;0;0;0;0;1;0;0;0;0;0;0;0;
2004 49 1;365;39044921228;6;0;0;0;0;0;0;0;0;0;0;0;0;
2004 49 1;366;39044840259;6;0;1;1;0;0;0;0;0;0;0;0;0;
2004 49 1;367;39044810479;6;0;0;0;0;1;0;0;0;0;0;0;0;
2004 49 1;368;39044930907;6;0;0;0;1;0;0;0;0;0;0;0;1;
2004 49 1;369;39044741207;6;0;0;0;0;1;0;0;0;0;1;0;0;
2004 49 1;370;39044921236;6;0;0;0;0;0;0;0;0;0;0;0;0;
2004 49 1;371;39044810365;6;0;0;1;0;1;0;0;0;0;0;0;1;
2004 49 1;372;39044921222;6;0;0;0;0;0;0;0;0;0;0;0;0;
2004 49 1;373;39044911613;6;0;0;0;0;1;1;0;0;1;0;0;0;
2004 49 1;374;39045040129;6;0;1;0;0;0;0;0;0;0;0;0;1;
2004 49 1;375;39044921233;6;0;0;0;0;0;0;0;0;0;0;0;0;
2004 49 1;376;39044840353;6;0;0;1;1;1;0;0;0;0;1;0;0;
2004 49 1;377;39044921210;12;0;0;0;0;0;0;0;0;0;0;0;0;
2004 49 1;378;39045020126;12;0;1;0;0;0;0;0;0;0;0;0;1;
2004 49 1;379;39044740006;12;0;0;0;0;1;0;0;0;0;0;0;0;
2004 49 1;380;39044921202;12;0;0;0;0;0;0;0;0;0;0;0;0;
2004 49 1;381;39044850329;12;0;0;1;0;0;0;0;0;0;0;0;1;
2004 49 1;382;39044750118;12;0;0;0;0;1;0;0;0;0;0;0;0;
2004 49 1;383;39044921323;12;0;0;0;0;0;0;0;0;0;0;0;0;
2004 49 1;384;39044840487;12;0;0;0;0;1;0;0;1;0;1;0;0;
2004 49 1;385;39045020125;12;0;1;0;0;0;0;0;0;0;0;0;1;
2004 49 1;386;39044810560;12;0;0;0;0;1;0;0;0;0;0;0;0;
2004 49 1;387;39044921326;12;0;0;0;0;0;0;0;0;0;0;0;0;
2004 49 1;388;39044921198;12;0;0;0;0;0;0;0;0;0;0;0;0;
2004 49 1;389;39044850335;12;0;0;1;0;0;0;0;0;0;0;0;1;
2004 49 1;390;39044921200;12;0;0;0;0;0;0;0;0;0;0;0;0;
2004 49 1;391;39044820585;12;0;0;0;0;1;0;0;0;0;1;0;0;
2004 49 1;392;39045020124;12;0;1;0;0;0;0;0;0;0;0;0;1;
2004 49 1;393;39044810486;12;0;0;0;0;1;0;0;0;0;0;0;0;
2004 49 1;394;39044921310;12;0;0;0;0;0;0;0;0;0;0;0;0;
2004 49 1;395;39044840315;12;0;0;1;1;1;0;0;0;0;0;0;1;
2004 49 1;396;39044921207;12;0;0;0;0;0;0;0;0;0;0;0;0;
2004 49 1;397;39044741018;7;0;0;0;0;1;0;1;0;0;0;0;0;
2004 49 1;398;39044921595;7;0;0;0;0;0;0;0;0;1;0;0;1;
2004 49 1;399;39044850465;12;0;1;1;0;1;0;0;0;0;1;0;0;
2004 49 1;400;39044921312;12;0;0;0;0;0;0;0;0;0;0;0;0;
2004 49 1;401;39044921204;12;0;0;0;0;0;0;0;0;0;0;0;0;
2004 49 1;402;39044810487;12;0;0;0;0;1;0;0;0;0;0;0;0;
2004 49 1;403;39045030608;12;0;0;0;1;0;0;0;0;0;0;0;0;
2004 49 1;404;39044850412;12;0;0;1;0;1;0;0;0;0;1;0;0;
2004 49 1;405;39050420010;12;0;0;0;0;0;0;0;0;0;0;1;1;
2004 49 1;406;39045020798;12;0;1;0;0;0;0;0;0;1;0;0;0;
2004 49 1;407;39044921296;12;0;0;0;0;0;0;0;0;0;0;0;0;
2004 49 1;408;39044810488;12;0;0;0;0;1;0;0;0;0;0;0;0;
2004 49 1;409;39044921287;12;0;0;0;0;0;0;0;0;0;0;0;0;
2004 49 1;410;39044830586;12;0;0;0;0;1;0;0;0;0;1;0;0;
2004 49 1;411;39044810077;12;0;0;1;0;0;0;0;0;0;0;0;0;
2004 49 1;412;39044810485;12;0;0;0;0;1;0;0;0;0;0;0;0;
2004 49 1;413;39045020122;12;0;1;0;0;0;0;0;0;0;0;0;1;
2004 49 1;414;39044840534;12;0;0;0;0;1;0;0;0;1;0;0;0;
2004 49 1;415;39044912468;12;0;0;0;1;0;0;0;1;0;0;0;0;
2004 49 1;416;39044921309;12;0;0;0;0;0;0;0;0;0;0;0;0;
2004 49 1;417;39044810484;12;0;0;0;0;1;0;0;0;0;0;0;0;
2004 49 1;418;39045020127;12;0;1;0;0;0;0;0;0;0;0;0;1;
2004 49 1;419;39044741087;7;0;0;0;0;1;0;1;0;0;1;0;0;
2004 49 1;420;39044921061;7;0;0;0;0;0;0;0;0;0;0;0;0;
2004 49 1;421;39044820680;7;0;0;0;0;1;0;0;0;0;0;0;1;
2004 49 1;422;39044921284;7;0;0;0;0;0;0;0;0;0;0;0;0;
2004 49 1;423;39044810591;7;0;0;0;0;1;0;0;0;0;0;0;0;
2004 49 1;424;39044921281;7;0;0;0;0;0;0;0;0;0;0;0;0;
2004 49 1;425;39045020216;7;0;1;0;0;0;0;0;0;1;0;0;1;
2004 49 1;426;39044830402;7;0;0;0;0;1;0;0;0;0;1;0;0;
2004 49 1;427;39044921278;7;0;0;0;0;0;0;0;0;0;0;0;0;
2004 49 1;428;39044810657;7;0;0;0;0;1;0;0;0;0;0;0;0;
2004 49 1;429;39045030664;7;0;0;0;0;0;0;0;0;0;0;0;1;
2004 49 1;430;39044810569;7;0;0;0;0;1;0;0;0;0;0;0;0;
2004 49 1;431;39044921022;7;0;0;0;0;0;0;0;0;0;0;0;0;
2004 49 1;432;39044921030;7;0;0;0;0;0;0;0;0;0;0;0;0;
2004 49 1;433;39044820094;7;0;0;0;0;1;0;0;0;0;0;0;1;
2004 49 1;434;39044921430;7;0;0;0;0;0;0;0;0;1;0;0;0;
2004 49 1;435;39044840597;7;0;0;0;0;1;0;0;0;0;1;0;0;
2004 49 1;436;39044930176;7;0;0;0;0;0;0;0;0;0;0;0;0;
2004 49 1;437;39044740053;7;0;0;0;0;1;0;1;0;0;0;0;1;
2004 49 1;438;39044810573;7;0;0;0;0;1;0;0;0;0;0;0;0;
2004 49 1;439;39045030820;13;0;1;0;0;0;0;0;1;0;0;0;1;
2004 49 1;440;39044741216;13;0;0;0;0;1;0;0;0;0;0;0;0;
2004 49 1;441;39044820382;13;0;0;1;0;0;0;0;0;0;0;0;0;
2004 49 1;442;39045040373;13;0;0;0;1;0;0;0;0;1;0;0;0;
2004 49 1;443;39044741142;13;0;0;0;0;1;0;0;0;0;0;0;1;
2004 49 1;444;39044741096;13;0;0;0;0;1;0;0;0;0;1;0;0;
2004 49 1;445;39044912452;13;0;0;0;0;0;0;0;0;0;0;0;0;
2004 49 1;446;39044810476;13;0;0;0;0;1;0;0;0;0;0;0;0;
2004 49 1;447;39044820270;13;0;0;1;0;0;0;0;0;0;0;0;0;
2004 49 1;448;39045040099;13;0;1;0;0;0;0;0;0;0;0;0;1;
2004 49 1;449;39044921438;13;0;0;0;0;0;0;0;0;0;0;0;0;
2004 49 1;450;39045110126;13;0;0;0;1;0;0;0;0;1;0;0;0;
2004 49 1;451;39044820293;13;0;0;1;0;0;0;0;0;0;0;0;0;
2004 49 1;452;39044810769;13;0;0;0;0;1;0;0;0;0;1;0;0;
2004 49 1;453;39044921032;13;0;0;0;1;0;0;0;0;0;0;0;0;
2004 49 1;454;39044830574;13;0;0;0;0;1;0;0;0;0;0;0;0;
2004 49 1;455;39045040097;13;0;1;0;0;0;0;0;0;0;0;0;1;
2004 49 1;456;39044950127;13;0;0;0;0;0;0;0;0;1;0;0;0;
2004 49 1;457;39045020538;13;0;0;0;0;0;0;1;1;0;0;0;0;
2004 49 1;458;39044810481;6;0;0;0;0;1;0;0;0;0;0;0;0;
2004 49 1;459;39044850351;6;0;0;1;0;0;0;0;0;0;0;0;1;
2004 49 1;460;39044921225;6;0;0;0;0;0;0;0;0;0;0;0;0;
2004 49 1;461;39044740078;6;0;0;0;0;1;0;0;0;0;1;0;0;
2004 49 1;462;39045030512;6;0;1;0;0;0;0;0;0;0;0;1;1;
2004 49 1;463;39044750336;6;0;0;1;0;1;0;0;0;0;0;0;0;
2004 49 1;464;39044921434;6;0;0;0;0;0;0;0;0;1;0;0;0;
2004 49 1;465;39044810478;6;0;0;0;0;1;0;0;0;0;0;0;0;
2004 49 1;466;39044921118;6;0;0;0;0;0;0;0;0;0;0;0;0;
2004 49 1;467;39044850469;6;0;1;1;0;1;0;0;0;0;1;0;0;
2004 49 1;468;39044921219;6;0;0;0;0;0;0;0;0;0;0;0;0;
2004 49 1;469;39050140109;6;0;0;0;1;0;0;0;0;1;0;0;0;
2004 49 1;470;39044750861;6;0;0;0;0;1;0;0;0;0;0;0;1;
2004 49 1;471;39044840062;6;0;0;1;0;0;0;0;0;0;0;0;0;
2004 49 1;472;39044921221;6;0;0;0;0;0;0;0;0;0;0;0;0;
2004 49 1;473;39044810480;6;0;0;0;0;1;0;0;0;0;0;0;0;
2004 49 1;474;39045040130;6;0;1;0;0;0;0;0;0;0;0;0;1;
2004 49 1;475;39044750801;6;0;0;0;0;1;0;0;0;0;1;0;0;
2004 49 1;476;39044921232;6;0;0;0;0;0;0;0;0;0;0;0;0;
2004 49 1;477;39044810477;6;0;0;0;0;1;0;0;0;0;0;0;0;
2004 49 1;478;39044912233;2;0;0;0;1;0;0;1;1;0;0;0;1;
2004 49 1;479;39044840603;2;0;0;0;0;1;0;0;0;1;0;0;0;
2004 49 1;480;39044921121;2;0;0;0;0;0;0;0;0;0;0;0;0;
2004 49 1;481;39044840347;2;0;0;1;1;1;0;0;0;0;1;0;0;
2004 49 1;482;39045210127;2;0;1;0;0;0;0;0;0;0;0;0;1;
2004 49 1;483;39044740991;2;0;0;0;0;1;0;0;0;0;0;0;0;
2004 49 1;484;39044740963;2;0;0;0;0;1;0;0;0;0;0;0;0;
2004 49 1;485;39044850281;2;0;0;1;0;0;0;0;0;0;0;0;0;
2004 49 1;486;39045210093;2;0;0;0;0;0;0;0;0;1;0;0;1;
2004 49 1;487;39044930341;2;0;0;0;0;0;0;0;0;0;0;0;0;
2004 49 1;488;39044820655;2;0;0;0;0;1;0;0;0;0;1;0;0;
2004 49 1;489;39044750412;2;0;0;0;0;1;0;0;0;0;0;0;0;
2004 49 1;490;39044850343;2;0;0;1;0;0;0;0;0;0;0;0;1;
2004 49 1;491;39044940567;2;0;0;0;0;0;0;0;0;0;0;0;0;
2004 49 1;492;39044840155;2;0;0;1;0;1;0;0;0;0;1;0;0;
2004 49 1;493;39045020834;2;0;0;0;0;0;0;0;0;0;0;0;1;
2004 49 1;494;39045120125;2;0;0;0;1;0;0;0;0;1;0;0;0;
2004 49 1;495;39044850280;2;0;0;1;0;0;0;0;0;0;0;0;0;
2004 49 1;496;39044921435;2;0;0;0;1;0;0;0;1;0;0;0;1;
2004 49 1;497;39044820736;6;0;0;0;0;1;0;0;0;0;0;0;0;
2004 49 1;498;39045040101;6;0;1;0;0;0;0;0;0;0;0;0;1;
2004 49 1;499;39044840443;6;0;0;0;0;1;0;1;0;0;1;0;0;
2004 49 1;500;39044850285;6;0;0;1;0;0;0;0;0;0;0;0;0;
2004 49 1;501;39044921227;6;0;0;0;0;0;0;0;0;0;0;0;0;
2004 49 1;502;39044820364;6;0;0;0;0;1;0;0;0;0;0;0;0;
2004 49 1;503;39044921280;6;0;0;0;0;0;0;0;0;0;0;0;0;
2004 49 1;504;39044830311;6;0;0;1;0;1;0;0;0;1;1;0;1;
2004 49 1;505;39044921224;6;0;0;0;0;0;0;0;0;0;0;0;0;
2004 49 1;506;39045050582;6;0;1;0;0;0;0;0;0;0;0;0;0;
2004 49 1;507;39044940484;6;0;0;0;1;0;0;0;0;0;0;0;0;
2004 49 1;508;39044830571;6;0;0;0;0;1;0;0;0;0;0;0;0;
2004 49 1;509;39045130176;6;0;0;0;0;0;0;0;0;0;0;0;1;
2004 49 1;510;39044750744;6;0;0;0;0;1;0;0;0;0;1;0;0;
2004 49 1;511;39044921237;6;0;0;0;0;0;0;0;0;0;0;0;0;
2004 49 1;512;39044850292;6;0;0;1;0;0;0;0;0;0;0;0;0;
2004 49 1;513;39044921229;6;0;0;0;0;0;0;0;0;0;0;0;0;
2004 49 1;514;39044930069;6;0;0;0;0;0;0;0;0;1;0;0;0;
2004 49 1;515;39050210023;6;0;1;0;0;0;0;0;0;0;0;1;1;
2004 49 1;516;39044840352;6;0;0;1;1;1;0;0;0;0;1;0;0;
2004 49 1;517;39045040180;2;0;0;0;0;0;0;0;0;0;0;0;1;
2004 49 1;518;39044840548;2;0;0;0;0;1;0;1;1;0;0;0;0;
2004 49 1;519;39044950225;2;0;0;0;0;0;0;0;0;0;0;0;0;
2004 49 1;520;39044850025;2;0;0;1;0;0;0;0;0;0;0;0;0;
2004 49 1;521;39044830506;2;0;0;0;0;1;0;0;0;0;0;0;1;
2004 49 1;522;39044840348;2;0;0;1;1;1;0;0;0;0;1;0;0;
2004 49 1;523;39044912274;2;0;1;0;0;0;0;0;0;0;0;0;0;
2004 49 1;524;39044830285;2;0;0;1;0;0;0;0;0;1;0;0;1;
2004 49 1;525;39045020534;2;0;0;0;0;0;0;0;0;0;0;0;0;
2004 49 1;526;39044830580;2;0;0;0;0;1;0;0;0;0;1;0;0;
2004 49 1;527;39045210077;2;0;0;0;0;0;0;0;0;0;0;0;1;
2004 49 1;528;39044850284;2;0;0;1;0;0;0;0;0;0;0;0;0;
2004 49 1;529;39045030582;2;0;0;0;0;0;0;0;0;0;0;0;0;
2004 49 1;530;39050230061;2;0;0;0;0;0;0;0;0;0;0;0;0;
2004 49 1;531;39044840350;2;0;0;1;1;1;0;0;0;0;1;0;0;
2004 49 1;532;39044921407;2;0;0;0;0;0;0;1;1;0;0;0;1;
2004 49 1;533;39044750411;2;0;0;0;0;1;0;0;0;0;0;0;0;
2004 49 1;534;39045150034;2;0;0;0;1;0;0;0;0;1;0;0;0;
2004 49 1;535;39044850347;2;0;0;1;0;0;0;0;0;0;0;0;1;
2004 49 1;536;39044921193;1;0;0;0;0;0;0;0;0;0;0;0;0;
2004 49 1;537;39044830379;1;0;0;0;0;1;0;0;0;0;1;0;0;
2004 49 1;538;39045050576;1;0;1;0;0;0;0;0;0;0;0;0;0;
2004 49 1;539;39044740694;1;0;0;0;0;1;0;0;0;0;0;0;0;
2004 49 1;540;39044921186;1;0;0;0;0;0;0;0;0;0;0;0;0;
2004 49 1;541;39044921191;1;0;0;0;0;0;0;0;0;0;0;0;0;
2004 49 1;542;39044820027;1;0;0;1;0;0;0;0;0;1;0;0;1;
2004 49 1;543;39044840402;1;0;0;0;0;1;0;0;0;0;1;0;0;
2004 49 1;544;39044921194;1;0;0;0;0;0;0;0;0;0;0;0;0;
2004 49 1;545;39044940566;1;0;0;0;0;0;0;0;0;0;0;0;0;
2004 49 1;546;39044940352;1;0;0;0;0;0;0;0;0;0;0;0;0;
2004 49 1;547;39044912279;3;0;0;0;0;0;0;0;0;0;0;0;0;
2004 49 1;548;39044912315;3;0;0;0;0;0;0;0;0;0;0;0;0;
2004 49 1;549;39044830609;3;0;0;0;1;1;0;0;0;0;1;0;0;
2004 49 1;550;39045030581;3;0;0;0;0;0;0;0;0;1;0;0;0;
2004 49 1;551;39044710273;3;0;0;1;0;0;0;0;0;0;0;0;0;
2004 49 1;552;39044830473;3;0;0;0;0;1;0;1;0;0;0;0;0;
2004 49 1;553;39044912267;3;0;0;0;0;0;0;0;0;0;0;0;0;
2004 49 1;554;39044741076;3;0;0;0;0;1;0;0;0;0;0;0;0;
2004 49 1;555;39044820729;3;0;0;0;0;1;0;0;0;0;0;0;0;
2004 49 1;556;39044921042;3;0;0;0;0;0;0;0;0;0;0;0;0;
2004 49 1;557;39044850466;3;0;1;1;0;1;0;0;0;0;1;0;0;
2004 49 1;558;39044940604;3;0;0;0;0;0;0;0;0;0;0;0;0;
2004 49 1;559;39044940115;3;0;0;0;0;0;0;0;0;0;0;0;0;
2004 49 1;560;39044850611;3;0;0;0;0;1;0;0;0;1;0;0;0;
2004 49 1;561;39045030360;3;0;0;0;0;0;0;0;0;0;0;0;1;
2004 49 1;562;39045030326;3;0;0;0;0;0;0;0;0;0;0;0;0;
2004 49 1;563;39044830556;3;0;0;0;0;1;0;0;0;0;1;0;0;
2004 49 1;564;39045030082;3;0;0;0;0;0;0;0;0;0;0;0;0;
2004 49 1;565;39045040078;3;0;0;0;0;0;0;0;0;0;0;0;0;
2004 49 1;566;39044820570;3;0;0;0;1;1;0;0;1;0;0;0;0;
2004 49 1;567;39045030108;14;0;1;0;0;0;0;0;0;0;0;0;1;
2004 49 1;568;39044710169;14;0;0;1;0;0;0;0;0;0;0;0;0;
2004 49 1;569;39044740358;14;0;0;0;0;1;0;0;0;0;1;0;0;
2004 49 1;570;39045030111;14;0;1;0;0;0;0;0;0;0;0;0;1;
2004 49 1;571;39044912458;14;0;0;0;0;0;0;0;0;0;0;0;0;
2004 49 1;572;39044850317;14;0;0;1;0;0;0;0;0;0;0;0;0;
2004 49 1;573;39044921401;14;0;0;0;0;0;0;0;0;0;0;0;0;
2004 49 1;574;39045030112;14;0;1;0;0;0;0;0;0;0;0;0;1;
2004 49 1;575;39044921491;14;0;0;0;1;0;0;0;0;0;0;0;0;
2004 49 1;576;39044840478;14;0;0;0;0;1;0;1;0;0;0;0;1;
2004 49 1;577;39044840031;14;0;1;1;0;0;0;0;0;0;0;0;0;
2004 49 1;578;39044840596;14;0;0;0;0;1;0;0;0;0;1;0;0;
2004 49 1;579;39044850316;14;0;0;1;0;0;0;0;0;0;0;0;0;
2004 49 1;580;39044750899;14;0;0;0;0;1;0;0;0;0;0;0;0;
2004 49 1;581;39045040114;14;0;1;0;0;0;0;0;0;0;0;0;1;
2004 49 1;582;39044850315;14;0;0;1;0;0;0;0;0;0;0;0;0;
2004 49 1;583;39044950499;14;0;0;0;0;0;0;0;0;0;0;0;0;
2004 49 1;584;39044840554;14;0;0;0;0;1;0;0;0;0;1;0;0;
2004 49 1;585;39045040116;14;0;1;0;0;0;0;0;0;0;0;0;1;
2004 49 1;586;39045030490;14;0;0;0;0;0;0;0;0;0;0;0;0;
2004 49 1;587;39044810475;8;0;0;0;0;1;0;0;0;0;0;0;0;
2004 49 1;588;39044820338;8;0;0;1;0;0;0;0;0;0;0;0;0;
2004 49 1;589;39044920957;8;0;0;0;0;0;0;0;0;0;0;0;1;
2004 49 1;590;39044810658;8;0;0;0;0;1;0;0;0;0;0;0;0;
2004 49 1;591;39044940979;8;0;0;0;0;0;0;0;0;0;0;0;0;
2004 49 1;592;39044840358;8;0;0;1;1;1;0;0;0;0;1;0;0;
2004 49 1;593;39044930893;8;0;1;0;0;0;0;0;0;1;0;0;1;
2004 49 1;594;39045130174;8;0;0;0;1;0;0;0;0;0;0;0;0;
2004 49 1;595;39044840583;8;0;0;0;0;1;0;1;0;0;1;0;1;
2004 49 1;596;39044830280;8;0;0;1;0;0;0;0;0;0;0;0;0;
2004 49 1;597;39044830526;8;0;0;0;0;1;0;0;0;0;0;0;0;
2004 49 1;598;39044830193;8;0;0;1;0;0;0;0;0;0;0;0;0;
2004 49 1;599;39044741041;8;0;0;0;0;1;0;0;0;0;0;0;1;
2004 49 1;600;39044940006;8;0;0;0;0;0;0;0;1;0;0;0;0;
2004 49 1;601;39044940982;8;0;0;0;0;0;0;0;0;1;0;0;0;
2004 49 1;602;39044840357;8;0;0;1;1;1;0;0;0;0;1;0;0;
2004 49 1;603;39044921250;11;0;0;0;0;0;0;0;0;0;0;0;0;
2004 49 1;604;39044920239;11;0;0;0;0;0;0;0;0;0;0;0;0;
2004 49 1;605;39044921033;11;0;1;0;0;0;0;0;0;0;0;0;0;
2004 49 1;606;39044741206;11;0;0;0;0;1;0;0;0;0;0;0;1;
2004 49 1;607;39044850307;11;0;0;1;0;0;0;0;0;0;0;0;0;
2004 49 1;608;39044830658;11;0;0;0;0;1;0;0;0;0;1;0;0;
2004 49 1;609;39050140106;11;0;0;0;1;0;0;0;0;1;0;0;1;
2004 49 1;610;39044850637;11;0;0;0;0;1;0;0;0;0;0;0;0;
2004 49 1;611;39044930857;11;0;0;0;0;0;0;0;0;0;0;0;0;
2004 49 1;612;39044850308;11;0;0;1;0;0;0;0;0;0;0;0;0;
2004 49 1;613;39045040094;11;0;1;0;0;0;0;0;0;0;0;0;1;
2004 49 1;614;39044910713;11;0;0;0;0;1;0;0;0;0;1;0;0;
2004 49 1;615;39044930852;11;0;0;0;0;0;0;0;0;0;0;0;0;
2004 49 1;616;39044850314;11;0;0;1;0;0;0;0;0;0;0;0;0;
2004 49 1;617;39044810574;11;0;0;0;1;1;0;0;0;0;0;0;1;
2004 49 1;618;39044930003;11;0;1;0;0;0;0;0;0;0;0;0;0;
2004 49 1;619;39044850311;11;0;0;1;0;0;0;0;0;0;0;0;0;
2004 49 1;620;39044930848;11;0;0;0;0;0;0;0;0;0;0;0;0;
2004 49 1;621;39044810566;11;0;0;0;0;1;0;1;0;0;0;0;1;
2004 49 1;622;39044930851;11;0;0;0;0;0;0;0;0;0;0;0;0;
2004 49 1;623;39044910253;6;0;0;1;0;1;0;0;0;0;1;0;0;
2004 49 1;624;39044950146;6;0;0;0;0;0;0;0;0;1;0;0;0;
2004 49 1;625;39045040128;6;0;1;0;0;0;0;0;0;0;0;0;1;
2004 49 1;626;39044830356;6;0;0;0;0;1;0;0;0;0;0;0;0;
2004 49 1;627;39044850293;6;0;0;1;0;0;0;0;0;0;0;0;0;
2004 49 1;628;39044830650;6;0;0;0;0;1;0;0;0;0;1;0;0;
2004 49 1;629;39044921226;6;0;0;0;0;0;0;0;0;0;0;0;0;
2004 49 1;630;39044912269;6;0;0;0;1;1;0;0;0;0;0;0;0;
2004 49 1;631;39044921235;6;0;0;0;0;0;0;0;0;0;0;0;0;
2004 49 1;632;39044750218;6;0;0;0;0;1;0;0;0;0;0;0;1;
2004 49 1;633;39045040013;6;0;1;0;0;0;0;0;0;0;0;0;0;
2004 49 1;634;39044910254;6;0;0;1;0;1;0;0;0;0;1;0;0;
2004 49 1;635;39045210157;6;0;0;0;0;0;0;0;0;0;0;1;0;
2004 49 1;636;39044912250;6;0;0;0;0;1;0;0;0;1;0;0;1;
2004 49 1;637;39044921279;6;0;0;0;0;0;0;0;0;0;0;0;0;
2004 49 1;638;39044840642;6;0;0;0;0;1;0;0;0;0;0;0;0;
2004 49 1;639;39044921230;6;0;0;0;0;0;0;0;0;0;0;0;0;
2004 49 1;640;39045040100;6;0;1;0;0;0;0;0;0;0;0;0;1;
2004 49 1;641;39044840355;6;0;0;1;1;1;0;0;0;0;1;0;0;
2004 49 1;642;39044920959;6;0;0;0;0;0;0;0;0;0;0;0;0;
2004 49 1;643;39044750119;1;0;0;0;0;1;0;0;0;0;0;0;0;
2004 49 1;644;39044940349;1;0;0;0;0;0;0;0;0;0;0;0;0;
2004 49 1;645;39044940351;1;0;0;0;0;0;0;0;0;0;0;0;0;
2004 49 1;646;39044940350;1;0;0;0;0;0;0;0;0;0;0;0;0;
2004 49 1;647;39044740927;5;0;0;0;0;1;0;0;1;0;1;0;0;
2004 49 1;648;39044820356;5;0;0;1;0;0;0;0;0;0;0;0;0;
2004 49 1;649;39044940063;5;0;0;0;0;0;0;0;0;0;0;0;0;
2004 49 1;650;39044930948;5;0;1;0;0;0;0;0;0;0;0;0;0;
2004 49 1;651;39044820008;5;0;0;1;0;0;0;0;0;0;0;0;0;
2004 49 1;652;39044840239;5;0;0;1;0;0;0;0;0;1;0;0;1;
2004 49 1;653;39044830378;5;0;0;0;0;1;0;0;0;0;0;0;0;
2004 49 1;654;39044921113;5;0;0;0;0;0;0;0;0;0;0;0;1;
2004 49 1;655;39044830281;5;0;0;1;0;0;0;0;0;0;0;0;0;
2004 49 1;656;39045040336;5;0;0;0;0;0;0;0;0;0;0;0;0;
2004 49 1;657;39044830248;5;0;0;1;0;0;0;0;0;0;0;0;0;
2004 49 1;658;39044820660;5;0;0;0;0;1;0;0;1;0;0;0;1;
2004 49 1;659;39044820299;5;0;1;1;0;0;0;0;0;0;0;0;0;
2004 49 1;660;39044920666;12;0;0;0;0;1;0;0;0;0;1;0;0;
2004 49 1;661;39045030151;12;0;0;0;1;0;0;0;0;0;0;0;0;
2004 49 1;662;39044710252;12;0;0;1;0;0;0;0;0;1;0;0;1;
2004 49 1;663;39044921289;12;0;0;0;0;0;0;0;0;0;0;0;0;
2004 49 1;664;39044820829;12;0;0;0;0;1;0;0;0;0;0;0;0;
2004 49 1;665;39045020123;12;0;1;0;0;0;0;0;0;0;0;0;1;
2004 49 1;666;39044921203;12;0;0;0;0;0;0;0;0;0;0;0;0;
2004 49 1;667;39044921322;12;0;0;0;0;0;0;0;0;0;0;0;0;
2004 49 1;668;39044910245;12;0;0;1;0;1;0;0;0;0;1;0;0;
2004 49 1;669;39044921199;12;0;0;0;0;0;0;0;0;0;0;0;0;
2004 49 1;670;39044820621;12;0;0;0;0;1;0;0;0;0;0;0;0;
2004 49 1;671;39044940485;12;0;1;0;0;0;0;0;0;0;0;0;0;
2004 49 1;672;39044830282;12;0;0;1;0;0;0;0;0;1;0;0;1;
2004 49 1;673;39044820617;12;0;0;0;0;1;0;0;0;0;0;0;0;
2004 49 1;674;39044920942;12;0;0;0;1;0;0;1;0;0;0;0;0;
2004 49 1;675;39044830385;12;0;0;0;0;1;0;0;0;0;1;0;0;
2004 49 1;676;39044921316;12;0;0;0;0;0;0;0;0;0;0;0;0;
2004 49 1;677;39044820400;12;0;0;0;0;1;0;0;0;0;0;0;0;
2004 49 1;678;39044921304;12;0;0;0;0;0;0;0;0;0;0;0;0;
2004 49 1;679;39044820237;12;0;1;1;0;0;0;0;0;0;0;0;1;
2004 49 1;680;39044810609;13;0;0;0;0;1;0;0;0;0;1;0;0;
2004 49 1;681;39044920956;13;0;0;0;0;0;0;0;0;0;0;0;0;
2004 49 1;682;39045120106;13;0;0;0;1;0;0;0;0;1;0;0;0;
2004 49 1;683;39045030093;13;0;0;0;0;0;0;0;1;0;0;0;1;
2004 49 1;684;39044820803;13;0;0;0;0;1;0;0;0;0;0;0;1;
2004 49 1;685;39044910248;13;0;0;1;0;1;0;0;0;0;1;0;0;
2004 49 1;686;39044920885;13;0;0;0;0;0;0;0;0;0;0;0;0;
2004 49 1;687;39044830600;13;0;0;0;0;1;0;0;0;0;0;0;1;
2004 49 1;688;39044912337;13;0;1;0;0;0;0;0;0;0;0;0;0;
2004 49 1;689;39044820590;13;0;0;0;0;1;0;0;0;0;1;0;0;
2004 49 1;690;39044940919;13;0;0;0;0;0;0;0;0;0;0;0;0;
2004 49 1;691;39044830560;13;0;0;0;0;1;0;0;0;0;0;0;0;
2004 49 1;692;39044820308;13;0;0;1;0;0;0;0;0;0;0;0;0;
2004 49 1;693;39044830410;13;0;0;0;0;1;0;0;0;0;0;0;0;
2004 49 1;694;39045210129;13;0;1;0;1;0;0;0;0;1;0;0;0;
2004 49 1;695;39045030085;13;0;0;0;0;0;0;0;0;0;0;0;1;
2004 49 1;696;39044830632;13;0;0;0;0;1;0;0;0;0;1;0;0;
2004 49 1;697;39044830217;13;0;0;1;0;0;0;0;0;0;0;0;0;
2004 49 1;698;39044912280;13;0;0;0;1;0;0;0;1;0;0;0;0;
2004 49 1;699;39044820112;11;0;0;0;0;1;0;0;0;0;0;0;1;
2004 49 1;700;39044930854;11;0;0;0;0;0;0;0;0;0;0;0;0;
2004 49 1;701;39044850055;11;0;1;1;0;0;0;0;0;0;0;0;0;
2004 49 1;702;39044930855;11;0;0;0;0;0;0;0;0;0;0;0;0;
2004 49 1;703;39044930849;11;0;0;0;0;0;0;0;0;0;0;0;0;
2004 49 1;704;39044840631;11;0;0;0;0;1;0;0;0;0;0;0;1;
2004 49 1;705;39044930850;11;0;0;0;0;0;0;0;0;0;0;0;0;
2004 49 1;706;39044840369;11;0;0;1;1;1;0;0;0;0;1;0;0;
2004 49 1;707;39044930853;11;0;0;0;0;0;0;0;0;0;0;0;0;
2004 49 1;708;39045040123;11;0;1;0;0;0;0;0;0;0;0;0;1;
2004 49 1;709;39044930856;11;0;0;0;0;0;0;0;0;0;0;0;0;
2004 49 1;710;39044840537;8;0;0;0;0;1;0;0;0;0;0;0;0;
2004 49 1;711;39044840221;8;0;0;1;0;0;0;0;0;0;0;0;0;
2004 49 1;712;39044740942;8;0;0;0;0;1;0;0;0;0;0;0;1;
2004 49 1;713;39044912442;8;0;0;0;0;0;0;0;0;0;0;0;0;
2004 49 1;714;39044810749;8;0;0;0;0;1;0;0;0;0;1;0;0;
2004 49 1;715;39044850299;8;0;0;1;0;0;0;0;0;0;0;0;0;
2004 49 1;716;39044940483;8;0;0;0;1;0;0;0;0;1;0;0;1;
2004 49 1;717;39044912247;8;0;0;0;0;0;0;0;0;0;0;0;0;
2004 49 1;718;39045030005;8;0;0;0;0;0;0;1;0;0;0;0;0;
2004 49 1;719;39044820078;8;0;1;1;0;0;0;0;0;0;0;0;0;
2004 49 1;720;39044840604;8;0;0;0;0;1;0;0;0;0;0;0;1;
2004 49 1;721;39044820694;8;0;0;0;0;1;0;0;0;0;1;0;0;
2004 49 1;722;39044921037;8;0;0;0;0;0;0;0;0;0;0;0;0;
2004 49 1;723;39044850303;8;0;0;1;0;0;0;0;0;0;0;0;0;
2004 49 1;724;39044810415;8;0;0;1;0;1;0;0;0;1;0;0;1;
2004 49 1;725;39044921025;8;0;0;0;0;0;0;0;0;0;0;0;0;
2004 49 1;726;39044921023;8;0;0;0;0;0;0;0;0;0;0;0;0;
2004 49 1;727;39044840359;8;0;0;1;1;1;0;0;0;0;1;0;0;
2004 49 1;728;39045040127;6;0;1;0;0;0;0;0;0;0;0;0;1;
2004 49 1;729;39044940959;6;0;0;0;0;0;0;0;0;0;0;0;0;
2004 49 1;730;39044830394;6;0;0;0;0;1;0;0;0;0;1;0;0;
2004 49 1;731;39044940354;6;0;0;0;0;0;0;0;0;0;0;0;0;
2004 49 1;732;39045030218;6;0;0;0;0;0;0;0;0;1;0;0;0;
2004 49 1;733;39044850353;6;0;0;1;0;0;0;0;0;0;0;0;1;
2004 49 1;734;39045040102;6;0;1;0;0;0;0;0;0;0;0;0;1;
2004 49 1;735;39044940353;6;0;0;0;0;0;0;0;0;0;0;0;0;
2004 49 1;736;39044921404;6;0;0;0;0;0;0;0;1;0;0;0;0;
2004 49 1;737;39044910251;6;0;0;1;0;1;0;0;0;0;1;0;0;
2004 49 1;738;39045030509;6;0;0;0;0;0;0;0;0;0;0;1;1;
2004 49 1;739;39044840542;6;0;0;0;0;1;0;0;0;1;0;0;0;
2004 49 1;740;39044840104;6;0;0;0;1;1;0;0;0;0;0;0;1;
2004 49 1;741;39044840211;6;0;1;1;0;0;0;0;0;0;0;0;0;
2004 49 1;742;39044820793;9;0;0;0;0;1;0;0;0;0;0;0;0;
2004 49 1;743;39044930860;9;0;0;0;0;0;0;0;0;0;0;0;0;
2004 49 1;744;39044930876;9;0;0;0;0;0;0;0;0;0;0;0;0;
2004 49 1;745;39044820753;9;0;0;0;0;1;0;0;0;0;0;0;0;
2004 49 1;746;39044930874;9;0;0;0;0;0;0;0;0;0;0;0;0;
2004 49 1;747;39044820572;9;0;0;0;0;1;0;0;0;0;0;0;0;
2004 49 1;748;39044930863;9;0;0;0;0;0;0;0;0;0;0;0;0;
2004 49 1;749;39044940491;9;0;0;0;0;0;0;1;0;0;0;0;0;
2004 49 1;750;39044930865;9;0;0;0;0;0;0;0;0;0;0;0;0;
2004 49 1;751;39044840363;9;0;0;1;1;1;0;0;0;0;1;0;0;
2004 49 1;752;39044930868;9;0;0;0;0;0;0;0;0;0;0;0;0;
2004 49 1;753;39044930875;9;0;0;0;0;0;0;0;0;0;0;0;0;
2004 49 1;754;39044930871;9;0;0;0;0;0;0;0;0;0;0;0;0;
2004 49 1;755;39044830544;9;0;0;0;0;1;0;0;0;0;0;0;0;
2004 49 1;756;39044930862;9;0;0;0;0;0;0;0;0;0;0;0;0;
2004 49 1;757;39044940046;9;0;0;0;0;0;0;0;0;0;0;0;1;
2004 49 1;758;39044830404;9;0;0;0;0;1;0;0;0;0;0;0;0;
2004 49 1;759;39044830551;9;0;0;0;0;1;0;0;0;0;0;0;0;
2004 49 1;760;39050140114;9;0;0;0;1;0;0;0;0;1;0;0;0;
2004 49 1;761;39044930867;9;0;0;0;0;0;0;0;0;0;0;0;0;
2004 49 1;762;39044910244;12;0;0;1;0;1;0;0;0;0;1;0;0;
2004 49 1;763;39045030114;12;0;1;0;0;0;0;0;0;0;0;0;1;
2004 49 1;764;39044910529;12;0;0;0;0;1;0;0;1;0;0;0;0;
2004 49 1;765;39044921197;12;0;0;0;0;0;0;0;0;0;0;0;0;
2004 49 1;766;39044921292;12;0;0;0;0;0;0;0;0;0;0;0;0;
2004 49 1;767;39044850300;8;0;0;1;0;0;0;0;0;0;0;0;0;
2004 49 1;768;39044830525;8;0;0;0;0;1;0;0;0;0;1;0;0;
2004 49 1;769;39044850362;8;0;0;1;0;0;0;0;0;0;0;0;1;
2004 49 1;770;39044930911;1;0;1;0;0;0;0;0;0;0;0;0;0;
2004 49 1;771;39044810782;1;0;0;0;0;1;0;0;0;0;0;0;0;
2004 49 1;772;39050140113;1;0;0;0;1;0;0;0;0;1;0;0;0;
2004 49 1;773;39044840004;1;0;0;0;0;1;0;0;0;0;1;0;0;
2004 49 1;774;39044950001;1;0;0;0;0;0;0;0;0;0;0;0;0;
2004 49 1;775;39044820797;1;0;0;0;0;1;0;0;0;0;0;0;0;
2004 49 1;776;39044950098;1;0;0;0;0;0;0;0;0;0;0;0;0;
2004 49 1;777;39045030473;1;0;0;0;0;0;0;0;0;0;0;0;0;
2004 49 1;778;39044820123;1;0;0;0;0;1;0;0;0;0;0;0;0;
2004 49 1;779;39044820296;1;0;0;1;0;0;0;0;0;0;0;0;0;
2004 49 1;780;39044840469;1;0;0;0;1;1;0;0;0;1;1;0;0;
2004 49 1;781;39044940312;1;0;0;0;0;0;0;0;0;0;0;0;1;
2004 49 1;782;39045030475;1;0;0;0;0;0;0;0;0;0;0;0;0;
2004 49 1;783;39044830630;1;0;0;0;0;1;0;0;0;0;0;0;0;
2004 49 1;784;39044820241;1;0;1;1;0;0;0;0;0;0;0;0;0;
2004 49 1;785;39045030474;1;0;0;0;0;0;0;0;0;0;0;0;0;
2004 49 1;786;39044840100;1;0;0;0;0;1;0;0;0;0;1;0;0;
2004 49 1;787;39044940928;7;0;0;0;0;0;0;0;0;0;0;0;0;
2004 49 1;788;39044740930;7;0;0;0;0;1;0;1;0;0;0;0;0;
2004 49 1;789;39045210004;7;0;0;0;0;0;0;0;0;1;0;0;1;
2004 49 1;790;39044810606;7;0;0;0;0;1;0;0;0;0;0;0;0;
2004 49 1;791;39044940020;7;0;0;0;0;0;0;0;0;0;0;0;0;
2004 49 1;792;39044820334;7;0;0;1;0;0;0;0;0;0;0;0;0;
2004 49 1;793;39044820827;7;0;0;0;0;1;0;0;0;0;0;0;0;
2004 49 1;794;39044950791;7;0;0;0;0;0;0;0;0;0;0;0;0;
2004 49 1;795;39044840668;7;0;0;0;1;1;0;0;1;0;1;0;1;
2004 49 1;796;39045030470;7;0;0;0;0;0;0;0;0;0;0;0;0;
2004 49 1;797;39044830550;7;0;0;0;0;1;0;0;0;0;0;0;0;
2004 49 1;798;39044921429;7;0;0;0;0;0;0;0;0;1;0;0;0;
2004 49 1;799;39044830219;7;0;0;0;0;1;0;0;0;0;0;0;0;
2004 49 1;800;39045040339;7;0;0;0;0;0;0;0;0;0;0;0;1;
2004 49 1;801;39044840520;7;0;0;0;0;1;0;0;0;0;0;0;0;
2004 49 1;802;39045030471;7;0;0;0;0;0;0;0;0;0;0;0;0;
2004 49 1;803;39044850690;7;0;0;0;0;1;0;0;0;0;1;0;0;
2004 49 1;804;39044820325;7;0;0;1;0;0;0;0;0;0;0;0;0;
2004 49 1;805;39044850691;7;0;0;0;0;1;0;0;0;1;0;0;0;
2004 49 1;806;39045050041;7;0;0;0;1;0;0;0;0;0;0;0;1;
2004 49 1;807;39044840491;8;0;0;0;0;1;0;0;0;0;0;0;0;
2004 49 1;808;39044850295;8;0;0;1;0;0;0;0;0;0;0;0;0;
2004 49 1;809;39044750981;8;0;0;0;0;1;0;0;0;0;1;0;1;
2004 49 1;810;39044930890;8;0;1;0;0;0;0;0;0;0;0;0;0;
2004 49 1;811;39044850302;8;0;0;1;0;0;0;0;0;0;0;0;0;
2004 49 1;812;39045007667;8;0;0;0;0;0;1;0;0;1;0;0;0;
2004 49 1;813;39044850361;8;0;0;1;0;0;0;0;0;0;0;0;1;
2004 49 1;814;39044911584;8;0;0;0;1;1;0;1;0;0;1;0;0;
2004 49 1;815;39044940961;8;0;0;0;0;0;0;0;0;0;0;0;0;
2004 49 1;816;39044850304;8;0;0;1;0;0;0;0;0;0;0;0;0;
2004 49 1;817;39044940195;8;0;0;0;0;0;0;0;0;0;0;0;0;
2004 49 1;818;39044830485;8;0;0;0;0;1;0;0;0;0;1;0;1;
2004 49 1;819;39044850301;8;0;0;1;0;0;0;0;0;0;0;0;0;
2004 49 1;820;39044950097;8;0;0;0;0;0;0;0;0;1;0;0;0;
2004 49 1;821;39044840003;8;0;0;0;0;1;0;0;0;0;0;0;0;
2004 49 1;822;39044930922;8;0;0;0;1;0;0;0;0;0;0;0;1;
2004 49 1;823;39044830263;8;0;1;1;0;0;0;0;0;0;0;0;0;
2004 49 1;824;39044830474;8;0;0;0;0;1;0;0;0;0;1;0;0;
2004 49 1;825;39045030514;8;0;0;0;0;0;0;0;0;0;0;1;0;
2004 49 1;826;39044850358;8;0;0;1;0;0;0;0;0;0;0;0;1;
2004 49 1;827;39044921530;4;0;0;0;0;0;0;0;0;0;0;0;0;
2004 49 1;828;39044840506;8;0;0;0;0;1;0;0;0;1;0;0;0;
2004 49 1;829;39044850296;8;0;0;1;0;0;0;0;0;0;0;0;0;
2004 49 1;830;39044840245;8;0;0;0;0;1;0;0;0;0;0;0;1;
2004 49 1;831;39044850664;8;0;0;0;0;1;0;0;0;0;1;0;0;
2004 49 1;832;39044850359;8;0;0;1;0;0;0;0;0;0;0;0;1;
2004 49 1;833;39044850626;8;0;0;0;1;1;0;0;0;0;0;0;0;
2004 49 1;834;39050140111;8;0;0;0;1;0;0;0;0;1;0;0;0;
2004 49 1;835;39044850297;8;0;0;1;0;0;0;0;0;0;0;0;0;
2004 49 1;836;39044850633;8;0;0;0;0;1;0;0;0;0;0;0;0;
2004 49 1;837;39044940904;8;0;0;0;0;0;0;0;0;0;0;0;1;
2004 49 1;838;39044840582;8;0;0;0;0;1;0;0;0;0;1;0;0;
2004 49 1;839;39044840112;8;0;1;1;0;0;0;0;0;0;0;0;0;
2004 49 1;840;39044910533;8;0;0;0;0;1;0;1;1;0;0;0;0;
2004 49 1;841;39044950802;8;0;0;0;0;0;0;0;0;0;0;0;0;
2004 49 1;842;39044850298;8;0;0;1;0;0;0;0;0;0;0;0;0;
2004 49 1;843;39045050134;8;0;0;0;0;0;0;0;0;1;0;0;0;
2004 49 1;844;39044840361;8;0;0;1;1;1;0;0;0;0;1;0;0;
2004 49 1;845;39044940057;8;0;0;0;0;0;0;0;0;0;0;0;1;
2004 49 1;846;39044850615;8;0;0;0;0;1;0;0;0;0;0;0;0;
2004 49 1;847;39045040314;8;0;0;0;0;0;0;0;0;0;0;0;0;
2004 49 1;848;39044912243;4;0;1;0;0;1;0;0;0;0;0;0;0;
2004 49 1;849;39044912457;4;0;0;0;0;0;0;0;0;0;0;0;0;
2004 49 1;850;39044810009;4;0;0;0;0;1;0;0;0;0;0;0;0;
2004 49 1;851;39044740310;4;0;0;1;0;0;0;0;0;0;0;0;1;
2004 49 1;852;39044912456;4;0;0;0;0;0;0;0;0;0;0;0;0;
2004 49 1;853;39044820558;4;0;0;0;0;1;0;0;0;0;1;0;0;
2004 49 1;854;39044912271;4;0;0;0;0;0;0;0;0;0;0;0;0;
2004 49 1;855;39044740300;4;0;0;1;0;0;0;0;0;0;0;0;0;
2004 49 1;856;39044820602;4;0;0;0;0;1;0;0;0;0;0;0;0;
2004 49 1;857;39044921015;4;0;0;0;0;0;0;0;0;0;0;0;1;
2004 49 1;858;39044820019;4;0;0;0;0;1;0;0;0;0;0;0;0;
2004 49 1;859;39044930020;4;0;0;0;0;0;0;0;0;0;0;0;0;
2004 49 1;860;39044840658;4;0;1;0;0;1;0;1;0;0;0;0;0;
2004 49 1;861;39044940062;4;0;0;0;0;0;0;0;0;0;0;0;0;
2004 49 1;862;39044830373;4;0;0;0;0;1;0;0;0;0;0;0;0;
2004 49 1;863;39044930614;4;0;0;0;1;0;0;0;0;0;0;0;0;
2004 49 1;864;39044840497;4;0;0;0;0;1;0;0;0;0;0;0;0;
2004 49 1;865;39044710240;4;0;0;1;0;0;0;0;0;1;0;0;0;
2004 49 1;866;39044940064;4;0;0;0;0;0;0;0;0;0;0;0;0;
2004 49 1;867;39044750913;4;0;0;0;0;1;0;0;0;0;0;0;0;
2004 49 1;868;39045220026;14;0;0;0;0;0;0;0;0;0;0;0;1;
2004 49 1;869;39044910260;14;0;0;1;0;1;0;0;0;0;1;0;0;
2004 49 1;870;39045040115;14;0;1;0;0;0;0;0;0;0;0;0;1;
2004 49 1;871;39045030489;14;0;0;0;0;0;0;0;0;0;0;0;0;
2004 49 1;872;39044830648;12;0;0;0;0;1;0;0;0;0;0;0;0;
2004 49 1;873;39045007666;12;0;1;0;0;0;0;0;0;1;0;0;0;
2004 49 1;874;39044840370;12;0;0;1;1;1;0;0;0;0;1;0;0;
2004 49 1;875;39044921135;12;0;0;0;0;0;0;0;0;0;0;0;0;
2004 49 1;876;39044921214;12;0;0;0;0;0;0;0;0;0;0;0;0;
2004 49 1;877;39044921405;12;0;0;0;0;0;0;0;0;0;0;0;1;
2004 49 1;878;39044830287;12;0;0;0;0;1;0;0;0;0;0;0;0;
2004 49 1;879;39044921206;12;0;0;0;0;0;0;0;0;0;0;0;0;
2004 49 1;880;39045020795;12;0;1;0;0;0;0;0;0;0;0;0;0;
2004 49 1;881;39044830677;12;0;0;0;0;1;0;0;0;0;0;0;0;
2004 49 1;882;39044820031;12;0;0;1;0;0;0;0;0;0;0;0;0;
2004 49 1;883;39044830510;12;0;0;0;1;1;0;0;1;0;1;0;0;
2004 49 1;884;39045030605;12;0;0;0;0;0;0;0;0;1;0;0;0;
2004 49 1;885;39045030113;12;0;1;0;0;0;0;0;0;0;0;0;1;
2004 49 1;886;39044921327;12;0;0;0;0;0;0;0;0;0;0;0;0;
2004 49 1;887;39044921294;12;0;0;0;0;0;0;0;0;0;0;0;0;
2004 49 1;888;39044830434;12;0;0;0;0;1;0;0;0;0;0;0;0;
2004 49 1;889;39044921208;12;0;0;0;0;0;0;0;0;0;0;0;0;
2004 49 1;890;39044830563;12;0;0;0;0;1;0;0;0;0;0;0;0;
2004 49 1;891;39050240023;12;0;1;0;1;0;0;1;0;0;0;0;1;
2004 49 1;892;39044850289;6;0;0;1;0;0;0;0;0;0;0;0;0;
2004 49 1;893;39044840593;6;0;0;0;0;1;0;0;0;0;1;0;0;
2004 49 1;894;39045040103;6;0;1;0;0;0;0;0;0;0;0;0;1;
2004 49 1;895;39044850290;6;0;0;1;0;0;0;0;0;0;0;0;0;
2004 49 1;896;39044940355;6;0;0;0;0;0;0;0;0;0;0;0;0;
2004 49 1;897;39045020769;6;0;0;0;0;0;0;0;0;1;0;0;1;
2004 49 1;898;39044840577;6;0;0;0;0;1;0;0;0;0;1;0;0;
2004 49 1;899;39044850291;6;0;0;1;0;0;0;0;0;0;0;0;0;
2004 49 1;900;39044840434;6;0;0;0;0;1;0;0;0;0;0;0;0;
2004 49 1;901;39045040104;6;0;1;0;0;0;0;0;0;0;0;0;1;
2004 49 1;902;39044830528;6;0;0;0;1;1;0;0;0;0;0;0;0;
2004 49 1;903;39044850294;6;0;0;1;0;0;0;0;0;0;0;0;0;
2004 49 1;904;39044840586;6;0;0;0;0;1;0;0;0;0;1;0;0;
2004 49 1;905;39044940356;6;0;0;0;0;0;0;0;0;0;0;0;0;
2004 49 1;906;39044940134;6;0;0;0;0;0;0;0;0;0;0;0;0;
2004 49 1;907;39044820407;6;0;0;1;0;1;0;0;0;1;0;0;1;
2004 49 1;908;39045210595;6;0;1;0;0;0;0;0;0;0;0;0;0;
2004 49 1;909;39044840536;6;0;0;0;0;1;0;0;0;0;1;0;0;
2004 49 1;910;39045210159;6;0;0;0;0;0;0;0;0;0;0;1;0;
2004 49 1;911;39044850349;6;0;0;1;0;0;0;0;0;0;0;0;1;
2004 49 1;912;39044810661;2;0;0;0;0;1;0;0;0;0;0;0;0;
2004 49 1;913;39050230060;2;0;0;0;0;0;0;0;0;0;0;0;0;
2004 49 1;914;39044850283;2;0;0;1;0;0;0;0;0;0;0;0;0;
2004 49 1;915;39045040426;2;0;0;0;1;0;0;1;1;0;0;0;1;
2004 49 1;916;39044750320;2;0;0;1;0;1;0;0;0;1;1;0;1;
2004 49 1;917;39044921305;12;0;0;0;0;0;0;0;0;0;0;0;0;
2004 49 1;918;39044921317;12;0;0;0;0;0;0;0;0;0;0;0;0;
2004 49 1;919;39044921321;12;0;0;0;0;0;0;0;0;0;0;0;0;
2004 49 1;920;39045030117;12;0;1;0;0;0;0;0;0;0;0;0;1;
2004 49 1;921;39044830435;12;0;0;0;0;1;0;0;0;0;0;0;0;
2004 49 1;922;39044921290;12;0;0;0;0;0;0;0;0;0;0;0;0;
2004 49 1;923;39044921325;12;0;0;0;0;0;0;0;0;0;0;0;0;
2004 49 1;924;39044910246;12;0;0;1;0;1;0;0;0;0;1;0;0;
2004 49 1;925;39044921212;12;0;0;0;0;0;0;0;0;0;0;0;0;
2004 49 1;926;39044830501;12;0;0;0;0;1;0;0;0;0;0;0;0;
2004 49 1;927;39045030116;12;0;1;0;0;0;0;0;0;0;0;0;1;
2004 49 1;928;39044850275;2;0;0;1;0;0;0;0;0;0;0;0;0;
2004 49 1;929;39044910103;2;0;0;0;0;1;0;0;0;1;0;0;0;
2004 49 1;930;39045030146;2;0;0;0;1;0;0;0;1;0;0;0;1;
2004 49 1;931;39044850277;2;0;0;1;0;0;0;0;0;0;0;0;0;
2004 49 1;932;39044840637;2;0;0;0;0;1;0;0;0;0;1;0;0;
2004 49 1;933;39044840509;2;0;0;0;0;1;0;0;0;0;0;0;0;
2004 49 1;934;39045040143;2;0;0;0;0;0;0;1;0;0;0;0;0;
2004 49 1;935;39044840606;2;0;0;0;0;1;0;0;0;0;0;0;1;
2004 49 1;936;39044840262;2;0;1;1;0;0;0;0;0;0;0;0;0;
2004 49 1;937;39050230062;2;0;0;0;0;0;0;0;0;0;0;0;0;
2004 49 1;938;39044840471;2;0;0;0;1;1;0;0;0;1;1;0;1;
2004 49 1;939;39045140309;2;0;0;0;1;0;0;0;0;0;0;0;0;
2004 49 1;940;39044850278;2;0;0;1;0;0;0;0;0;0;0;0;0;
2004 49 1;941;39044850677;2;0;0;0;0;1;0;0;0;0;0;0;0;
2004 49 1;942;39045220100;2;0;0;0;0;0;0;0;0;0;0;0;1;
2004 49 1;943;39044850519;2;0;0;0;0;1;0;0;0;0;0;0;0;
2004 49 1;944;39044850345;2;0;0;1;0;0;0;0;0;0;0;0;1;
2004 49 1;945;39044840661;2;0;0;0;0;1;0;0;0;0;1;0;0;
2004 49 1;946;39045030655;2;0;0;0;0;0;0;0;0;1;0;0;0;
2004 49 1;947;39045110302;2;0;0;0;1;0;0;0;1;0;0;0;1;
2004 49 1;948;39044820393;15;0;1;1;0;0;0;0;0;0;0;0;0;
2004 49 1;949;39044820350;15;0;0;1;0;0;0;0;0;0;0;0;0;
2004 49 1;950;39044741233;15;0;0;0;0;1;0;0;0;0;1;0;0;
2004 49 1;951;39044850368;15;0;0;1;0;0;0;0;0;0;0;0;1;
2004 49 1;952;39044730408;15;0;0;1;0;1;0;0;0;0;0;0;0;
2004 49 1;953;39044740968;15;0;0;0;0;1;0;0;0;0;1;0;0;
2004 49 1;954;39044912253;15;0;0;0;0;1;0;0;0;1;0;0;0;
2004 49 1;955;39044830262;15;0;0;1;0;0;0;0;0;0;0;0;0;
2004 49 1;956;39044830225;15;0;0;1;0;0;0;0;0;0;0;0;0;
2004 49 1;957;39044921436;15;0;1;0;0;0;0;0;0;0;0;0;1;
2004 49 1;958;39044830014;15;0;0;1;0;0;0;0;0;0;0;0;0;
2004 49 1;959;39044820664;15;0;0;0;0;1;0;0;0;0;1;0;0;
2004 49 1;960;39044830178;15;0;0;1;0;0;0;0;0;0;0;0;0;
2004 49 1;961;39044830229;15;0;0;1;0;0;0;0;0;0;0;0;0;
2004 49 1;962;39044840607;15;0;0;0;1;1;0;0;0;1;0;0;0;
2004 49 1;963;39044830583;15;0;0;0;0;1;0;0;0;0;1;0;0;
2004 49 1;964;39044840021;15;0;1;1;0;0;0;0;0;0;0;0;0;
2004 49 1;965;39044840343;15;0;0;1;1;1;0;0;0;0;0;0;1;
2004 49 1;966;39044950441;4;0;0;0;0;0;0;0;0;0;0;0;0;
2004 49 1;967;39044850606;4;0;0;0;0;1;0;0;0;0;0;0;0;
2004 49 1;968;39045030545;4;0;0;0;0;0;0;0;0;0;0;0;0;
2004 49 1;969;39044750324;4;0;0;1;0;1;0;0;0;0;0;0;0;
2004 49 1;970;39045030195;4;0;0;0;0;0;0;0;0;0;0;0;0;
2004 49 1;971;39045040165;4;0;0;0;0;0;0;0;0;0;0;0;0;
2004 49 1;972;39045210245;4;0;0;0;0;0;0;0;0;0;0;0;0;
2004 49 1;973;39044810461;4;0;0;0;1;1;0;0;0;0;0;0;0;
2004 49 1;974;39045210021;4;0;1;0;0;0;0;0;0;0;0;0;0;
2004 49 1;975;39044850605;4;0;0;0;0;1;0;0;0;0;0;0;0;
2004 49 1;976;39044830249;4;0;0;1;0;0;0;0;0;0;0;0;0;
2004 49 1;977;39044740696;4;0;0;0;0;1;0;1;0;0;1;0;0;
2004 49 1;978;39044940913;9;0;0;0;0;0;0;0;0;0;0;0;0;
2004 49 1;979;39044940375;9;0;0;0;0;0;0;0;0;0;0;0;0;
2004 49 1;980;39044830595;9;0;0;0;0;1;0;0;0;0;0;0;0;
2004 49 1;981;39045020083;9;0;0;0;0;0;0;0;0;0;0;0;0;
2004 49 1;982;39045030483;9;0;0;0;0;0;0;0;0;0;0;0;0;
2004 49 1;983;39044840362;9;0;0;1;1;1;0;0;0;0;1;0;0;
2004 49 1;984;39045030484;9;0;0;0;0;0;0;0;0;0;0;0;0;
2004 49 1;985;39044830505;9;0;0;0;0;1;0;0;0;0;0;0;0;
2004 49 1;986;39045030482;9;0;0;0;0;0;0;0;0;0;0;0;0;
2004 49 1;987;39044840645;9;0;0;0;0;1;0;0;0;0;0;0;0;
2004 49 1;988;39045020003;9;0;0;0;0;0;0;0;0;0;0;0;1;
2004 49 1;989;39045030387;9;0;0;0;0;0;0;0;0;1;0;0;0;
2004 49 1;990;39044840574;9;0;0;0;0;1;0;0;0;0;0;0;0;
2004 49 1;991;39045210267;9;0;0;0;0;0;0;0;0;0;0;0;0;
2004 49 1;992;39044810610;9;0;0;0;1;1;0;0;0;0;0;0;1;
2004 49 1;993;39044820295;9;0;1;1;0;0;0;0;0;0;0;0;0;
2004 49 1;994;39045220107;9;0;0;0;0;0;0;0;0;0;0;0;0;
2004 49 1;995;39050230050;9;0;0;0;0;0;0;0;0;0;0;0;0;
2004 49 1;996;39044940996;9;0;0;0;0;0;0;0;0;0;0;0;0;
2004 49 1;997;39044830562;9;0;0;0;0;1;0;0;0;0;0;0;0;
2004 49 1;998;39045030523;15;0;0;0;0;0;0;0;0;1;0;0;0;
2004 49 1;999;39044840340;15;0;0;1;1;1;0;0;0;0;0;0;1;
2004 49 1;1000;39044830584;15;0;0;0;0;1;0;0;0;0;1;0;0;
2004 49 1;1001;39044850367;15;0;0;1;0;0;0;0;0;0;0;0;1;
2004 49 1;1002;39044921209;12;0;0;0;0;0;0;0;0;0;0;0;0;
2004 49 1;1003;39044830012;12;0;0;0;0;1;0;0;0;0;0;0;0;
2004 49 1;1004;39044921300;12;0;0;0;0;0;0;0;0;0;0;0;0;
2004 49 1;1005;39045030115;12;0;1;0;0;0;0;0;0;0;0;0;1;
2004 49 1;1006;39044910242;12;0;0;1;0;1;0;0;0;0;1;0;0;
2004 49 1;1007;39045140249;12;0;0;0;1;0;0;1;0;0;0;0;0;
2004 49 1;1008;39044830565;12;0;0;0;0;1;0;0;0;0;0;0;0;
2004 49 1;1009;39044921311;12;0;0;0;0;0;0;0;0;0;0;0;0;
2004 49 1;1010;39044850327;12;0;0;1;0;0;0;0;0;0;0;0;1;
2004 49 1;1011;39044921211;12;0;0;0;0;0;0;0;0;0;0;0;0;
2004 49 1;1012;39044921324;12;0;0;0;0;0;0;0;0;0;0;0;0;
2004 49 1;1013;39045040069;12;0;1;0;0;0;0;0;0;1;0;0;0;
2004 49 1;1014;39044840580;12;0;0;0;0;1;0;0;0;0;1;0;0;
2004 49 1;1015;39044921320;12;0;0;0;0;0;0;0;0;0;0;0;0;
2004 49 1;1016;39044921409;12;0;0;0;1;0;0;0;1;0;0;0;1;
2004 49 1;1017;39044850456;12;0;0;1;0;1;0;0;0;0;0;0;0;
2004 49 1;1018;39044921319;12;0;0;0;0;0;0;0;0;0;0;0;0;
2004 49 1;1019;39044830371;12;0;0;0;0;1;0;0;0;0;0;0;0;
2004 49 1;1020;39045040117;12;0;1;0;0;0;0;0;0;0;0;0;1;
2004 49 1;1021;39044840609;12;0;0;0;0;1;0;0;0;0;1;0;0;
2004 49 1;1022;39044850313;11;0;0;1;0;0;0;0;0;0;0;0;0;
2004 49 1;1023;39044850685;11;0;0;0;0;1;0;0;0;0;0;0;0;
2004 49 1;1024;39044930272;11;0;0;0;0;0;0;0;0;0;0;0;0;
2004 49 1;1025;39050140116;11;0;0;0;1;0;0;0;0;1;0;0;0;
2004 49 1;1026;39044850312;11;0;0;1;0;0;0;0;0;0;0;0;0;
2004 49 1;1027;39045040125;11;0;1;0;0;0;0;0;0;0;0;0;1;
2004 49 1;1028;39044940380;11;0;0;0;0;0;0;0;0;0;0;0;0;
2004 49 1;1029;39044850676;11;0;0;0;0;1;0;0;0;0;1;0;0;
2004 49 1;1030;39045030511;11;0;0;0;0;0;0;0;0;0;0;1;0;
2004 49 1;1031;39044850196;11;0;0;1;0;0;0;0;0;0;0;0;0;
2004 49 1;1032;39045210011;11;0;1;0;0;0;0;0;0;0;0;0;1;
2004 49 1;1033;39044850441;11;0;0;0;0;1;0;0;0;0;0;0;0;
2004 49 1;1034;39044940178;11;0;0;0;0;0;0;0;0;0;0;0;0;
2004 49 1;1035;39044840306;11;0;0;1;1;1;0;0;0;0;0;0;1;
2004 49 1;1036;39044940180;11;0;0;0;0;0;0;0;0;0;0;0;0;
2004 49 1;1037;39045030487;11;0;0;0;0;0;0;0;0;0;0;0;0;
2004 49 1;1038;39044850510;11;0;0;0;0;1;0;0;0;0;1;0;0;
2004 49 1;1039;39044820378;11;0;1;1;0;0;0;0;0;1;0;0;1;
2004 49 1;1040;39045030488;11;0;0;0;0;0;0;0;0;0;0;0;0;
2004 49 1;1041;39045030486;11;0;0;0;0;0;0;0;0;0;0;0;0;
2004 49 1;1042;39045030124;2;0;0;0;0;0;0;1;1;0;0;0;1;
2004 49 1;1043;39044850279;2;0;0;1;0;0;0;0;0;0;0;0;0;
2004 49 1;1044;39044912264;2;0;0;0;1;1;0;0;1;0;1;0;0;
2004 49 1;1045;39044850276;2;0;0;1;0;0;0;0;0;0;0;0;0;
2004 49 1;1046;39045040095;13;0;1;0;0;0;0;0;0;0;0;0;1;
2004 49 1;1047;39044810580;13;0;0;0;0;1;0;0;0;1;0;0;0;
2004 49 1;1048;39044940152;13;0;0;0;0;0;0;0;0;0;0;0;0;
2004 49 1;1049;39045040098;13;0;1;0;0;0;0;0;0;0;0;0;1;
2004 49 1;1050;39044840585;13;0;0;0;0;1;0;0;0;0;1;0;0;
2004 49 1;1051;39044830032;13;0;0;1;0;0;0;0;0;0;0;0;0;
2004 49 1;1052;39045150061;13;0;0;0;1;0;0;0;0;0;0;0;0;
2004 49 1;1053;39044830221;13;0;0;0;0;1;0;0;0;0;0;0;1;
2004 49 1;1054;39045020215;13;0;0;0;0;0;0;0;0;0;0;0;0;
2004 49 1;1055;39050140115;13;0;0;0;1;0;0;0;0;1;0;0;0;
2004 49 1;1056;39044840674;13;0;0;0;0;1;0;0;0;0;0;0;0;
2004 49 1;1057;39044940691;13;0;1;0;0;0;0;0;0;0;0;0;0;
2004 49 1;1058;39044840567;13;0;0;0;0;1;0;0;0;0;1;0;0;
2004 49 1;1059;39045210851;13;0;0;0;0;0;0;0;0;0;0;0;0;
2004 49 1;1060;39045040096;13;0;1;0;0;0;0;0;0;0;0;0;1;
2004 49 1;1061;39050330009;13;0;0;0;0;0;0;0;0;0;0;0;0;
2004 49 1;1062;39044840569;13;0;0;0;0;1;0;0;0;0;0;0;0;
2004 49 1;1063;39044850366;13;0;0;1;0;0;0;0;0;0;0;0;1;
2004 49 1;1064;39044840639;13;0;0;0;1;1;0;0;1;0;0;0;0;
2004 49 1;1065;39045030309;13;0;0;0;0;0;0;0;0;1;0;0;0;
2004 49 1;1066;39044741140;6;0;0;0;0;1;0;0;0;0;1;0;1;
2004 49 1;1067;39045210248;6;0;1;0;0;0;0;0;0;0;0;0;0;
2004 49 1;1068;39044940047;6;0;0;0;0;0;0;0;0;0;0;0;0;
2004 49 1;1069;39044840550;6;0;0;0;0;1;0;0;0;0;0;0;0;
2004 49 1;1070;39044850287;6;0;0;1;0;0;0;0;0;0;0;0;0;
2004 49 1;1071;39044940400;6;0;0;0;0;0;0;0;0;0;0;0;0;
2004 49 1;1072;39044840633;6;0;0;0;1;1;0;0;0;0;0;0;1;
2004 49 1;1073;39045040075;6;0;0;0;0;0;0;0;0;1;0;0;0;
2004 49 1;1074;39044840085;6;0;0;0;0;1;0;0;0;0;1;0;0;
2004 49 1;1075;39045130217;6;0;1;0;0;0;0;0;0;0;0;0;1;
2004 49 1;1076;39044850286;6;0;0;1;0;0;0;0;0;0;0;0;0;
2004 49 1;1077;39044950134;6;0;0;0;0;0;0;0;0;0;0;0;0;
2004 49 1;1078;39044840653;6;0;0;0;0;1;0;0;0;0;0;0;0;
2004 49 1;1079;39045030481;6;0;0;0;0;0;0;0;0;0;0;0;0;
2004 49 1;1080;39044850442;6;0;0;1;0;1;0;0;0;1;1;0;1;
2004 49 1;1081;39045030480;6;0;0;0;0;0;0;0;0;0;0;0;0;
2004 49 1;1082;39044840530;6;0;0;0;0;1;0;0;0;0;0;0;0;
2004 49 1;1083;39045210165;6;0;0;0;0;0;0;0;0;0;0;1;0;
2004 49 1;1084;39050240002;6;0;1;0;0;0;0;0;0;0;0;0;1;
2004 49 1;1085;39044840590;6;0;0;0;0;1;0;0;0;0;1;0;0;
2004 49 1;1086;39044840043;1;0;0;1;0;0;0;0;0;0;0;0;0;
2004 49 1;1087;39044830374;1;0;0;0;0;1;0;0;0;0;0;0;0;
2004 49 1;1088;39050140105;1;0;0;0;1;0;0;0;0;1;0;0;1;
2004 49 1;1089;39044830668;1;0;0;0;0;1;0;0;0;0;0;0;0;
2004 49 1;1090;39045030200;1;0;0;0;0;0;0;0;0;0;0;0;0;
2004 49 1;1091;39044910255;1;0;0;1;0;1;0;0;0;0;1;0;0;
2004 49 1;1092;39045040004;1;0;0;0;0;0;0;0;0;0;0;0;0;
2004 49 1;1093;39045040173;1;0;0;0;0;0;0;0;0;0;0;0;0;
2004 49 1;1094;39044830564;1;0;0;0;0;1;0;0;0;0;0;0;0;
2004 49 1;1095;39045040338;1;0;0;0;0;0;0;0;0;0;0;0;0;
2004 49 1;1096;39045030181;7;0;1;0;1;0;0;0;0;1;0;0;1;
2004 49 1;1097;39045030472;7;0;0;0;0;0;0;0;0;0;0;0;0;
2004 49 1;1098;39044840440;7;0;0;0;0;1;0;1;1;0;1;0;0;
2004 49 1;1099;39045030201;7;0;0;0;0;0;0;0;0;0;0;0;0;
2004 49 1;1100;39045210420;7;0;0;0;0;0;0;0;0;0;0;0;1;
2004 49 1;1101;39045030098;7;0;0;0;0;0;0;0;0;0;0;0;0;
2004 49 1;1102;39044840672;7;0;0;0;0;1;0;0;0;0;0;0;0;
2004 49 1;1103;39044921020;7;0;0;0;0;0;0;0;0;1;0;0;0;
2004 49 1;1104;39044850427;12;0;1;1;0;1;0;0;0;0;1;0;1;
2004 49 1;1105;39044921122;12;0;0;0;0;0;0;0;0;0;0;0;0;
2004 49 1;1106;39044921028;12;0;0;0;0;0;0;0;0;0;0;0;0;
2004 49 1;1107;39044830403;12;0;0;0;0;1;0;0;0;0;0;0;0;
2004 49 1;1108;39044921215;12;0;0;0;0;0;0;0;0;0;0;0;0;
2004 49 1;1109;39044850324;12;0;0;1;0;0;0;0;0;0;0;0;1;
2004 49 1;1110;39044950812;12;0;1;0;1;0;0;0;0;0;0;0;0;
2004 49 1;1111;39044921024;12;0;0;0;0;0;0;0;0;0;0;0;0;
2004 49 1;1112;39044840592;12;0;0;0;0;1;0;0;0;0;1;0;0;
2004 49 1;1113;39044850333;12;0;0;1;0;0;0;0;0;0;0;0;1;
2004 49 1;1114;39044920989;12;0;0;0;0;0;0;0;0;0;0;0;0;
2004 49 1;1115;39045030170;12;0;0;0;0;0;0;0;0;1;0;0;0;
2004 49 1;1116;39044830097;12;0;0;0;0;1;0;0;0;0;0;0;0;
2004 49 1;1117;39044920977;12;0;0;0;0;0;0;0;0;0;0;0;0;
2004 49 1;1118;39044840166;12;0;0;0;0;0;0;0;0;0;0;0;0;
2004 49 1;1119;39044920251;12;0;0;0;0;0;0;0;0;0;0;0;0;
2004 49 1;1120;39044911598;12;0;1;0;0;1;0;0;0;0;1;0;1;
2004 49 1;1121;39044940917;12;0;0;0;0;0;0;0;0;0;0;0;0;
2004 49 1;1122;39044940346;12;0;0;0;0;0;0;0;0;0;0;0;0;
2004 49 1;1123;39044940345;12;0;0;0;0;0;0;0;0;0;0;0;0;
2004 49 1;1124;39044830598;6;0;0;0;0;1;0;0;0;0;0;0;1;
2004 49 1;1125;39045030479;6;0;0;0;0;0;0;0;0;0;0;0;0;
2004 49 1;1126;39044840354;6;0;0;1;1;1;0;0;0;0;1;0;0;
2004 49 1;1127;39045030199;6;0;1;0;0;0;0;1;1;0;0;0;1;
2004 49 1;1128;39045030159;6;0;0;0;0;0;0;0;0;0;0;0;0;
2004 49 1;1129;39044840664;6;0;0;0;0;1;0;0;0;0;0;0;0;
2004 49 1;1130;39044850288;6;0;0;1;0;0;0;0;0;0;0;0;0;
2004 49 1;1131;39045040343;6;0;0;0;0;0;0;0;0;0;0;0;0;
2004 49 1;1132;39044840610;6;0;0;0;0;1;0;0;0;1;0;0;1;
2004 49 1;1133;39050230056;6;0;1;0;0;0;0;0;0;0;0;0;0;
2004 49 1;1134;39044840356;6;0;0;1;1;1;0;0;0;0;1;0;0;
2004 49 1;1135;39050230027;6;0;0;0;0;0;0;0;0;0;0;0;0;
2004 49 1;1136;39050210027;6;0;0;0;0;0;0;0;0;0;0;0;1;
2004 49 1;1137;39045210164;6;0;0;0;0;0;0;0;0;0;0;1;0;
2004 49 1;1138;39044840233;6;0;1;1;0;0;0;0;0;0;0;0;0;
2004 49 1;1139;39044820587;6;0;0;0;0;1;0;0;0;0;1;0;1;
2004 49 1;1140;39044940348;12;0;0;0;0;0;0;0;0;0;0;0;0;
2004 49 1;1141;39044830013;12;0;0;0;0;1;0;0;0;0;0;0;0;
2004 49 1;1142;39050140108;12;0;0;0;1;0;0;0;0;1;0;0;0;
2004 49 1;1143;39044840431;12;0;0;0;0;1;0;0;0;0;0;0;0;
2004 49 1;1144;39044820380;12;0;0;1;0;0;0;0;0;0;0;0;0;
2004 49 1;1145;39044940347;12;0;0;0;0;0;0;0;0;0;0;0;0;
2004 49 1;1146;39045040121;12;0;1;0;0;0;0;0;0;0;0;0;1;
2004 49 1;1147;39044840403;12;0;0;0;0;1;0;0;0;0;1;0;0;
2004 49 1;1148;39044940041;12;0;0;0;0;0;0;0;0;0;0;0;0;
2004 49 1;1149;39044940061;12;0;0;0;0;0;0;0;0;0;0;0;0;
2004 49 1;1150;39044850326;12;0;0;1;0;0;0;0;0;0;0;0;1;
2004 49 1;1151;39044840017;12;0;0;0;0;1;0;0;0;0;0;0;0;
2004 49 1;1152;39045030219;12;0;1;0;0;0;0;1;1;0;0;0;0;
2004 49 1;1153;39044950112;12;0;0;0;0;0;0;0;0;0;0;0;0;
2004 49 1;1154;39044830019;12;0;0;1;0;0;0;0;0;0;0;0;0;
2004 49 1;1155;39044911642;12;0;0;0;0;1;0;0;0;0;0;0;0;
2004 49 1;1156;39045020508;12;0;0;0;0;0;0;0;0;0;0;0;0;
2004 49 1;1157;39045020089;12;0;0;0;0;0;0;0;0;0;0;0;0;
2004 49 1;1158;39045120190;12;0;0;0;1;0;0;0;0;0;0;0;0;
2004 49 1;1159;39044850433;11;0;0;1;0;1;0;0;0;1;0;0;1;
2004 49 1;1160;39045030477;12;0;0;0;0;0;0;0;0;0;0;0;0;
2004 49 1;1161;39044840595;12;0;0;0;0;1;0;0;0;0;1;0;0;
2004 49 1;1162;39045040120;12;0;1;0;0;0;0;0;0;0;0;0;1;
2004 49 1;1163;39044850707;12;0;0;0;0;1;0;0;0;0;0;0;0;
2004 49 1;1164;39045030478;12;0;0;0;0;0;0;0;0;0;0;0;0;
2004 49 1;1165;39045030593;12;0;0;0;0;0;0;0;0;0;0;0;0;
2004 49 1;1166;39044941000;12;0;0;0;0;0;0;0;0;0;0;0;1;
2004 49 1;1167;39044840106;12;0;0;0;0;1;0;0;0;0;1;0;0;
2004 49 1;1168;39044830027;12;0;0;1;0;0;0;0;0;0;0;0;0;
2004 49 1;1169;39045030592;12;0;0;0;0;0;0;0;0;0;0;0;0;
2004 49 1;1170;39045040118;12;0;1;0;0;0;0;0;0;0;0;0;1;
2004 49 1;1171;39045030476;12;0;0;0;0;0;0;0;0;0;0;0;0;
2004 49 1;1172;39044850616;12;0;0;0;0;1;0;0;0;0;0;0;0;
2004 49 1;1173;39045020844;12;0;0;0;0;0;0;0;0;1;0;0;1;
2004 49 1;1174;39044850537;12;0;0;0;0;1;0;0;0;0;0;0;0;
2004 49 1;1175;39045030334;12;0;0;0;0;0;0;0;0;0;0;0;0;
2004 49 1;1176;39045030607;12;0;1;0;0;0;0;0;0;0;0;0;0;
2004 49 1;1177;39044850336;12;0;0;1;0;0;0;0;0;0;0;0;1;
2004 49 1;1178;39044910773;12;0;0;0;0;1;0;0;0;0;0;0;0;
2004 49 1;1179;39045030165;12;0;0;0;0;0;0;0;0;0;0;0;0;
2004 49 1;1180;39044830490;3;0;0;0;0;1;0;0;0;0;0;0;0;
2004 49 1;1181;39045040341;3;0;0;0;0;0;0;0;1;0;0;0;1;
2004 49 1;1182;39044830554;12;0;0;0;0;1;0;1;0;0;0;0;0;
2004 49 1;1183;39045030171;12;0;1;0;1;0;0;0;0;1;0;0;0;
2004 49 1;1184;39045030147;12;0;0;0;0;0;0;0;0;0;0;0;0;
2004 49 1;1185;39045040598;12;0;0;0;0;0;0;0;0;0;0;0;0;
2004 49 1;1186;39044840565;12;0;0;0;0;1;0;0;0;0;1;0;0;
2004 49 1;1187;39044850337;12;0;0;1;0;0;0;0;0;0;0;0;1;
2004 49 1;1188;39044840016;12;0;0;0;0;1;0;0;0;0;0;0;0;
2004 49 1;1189;39045040396;12;0;0;0;0;0;0;0;0;0;0;0;0;
2004 49 1;1190;39044811348;12;0;0;0;0;1;0;0;0;0;0;0;0;
2004 49 1;1191;39045040119;12;0;1;0;0;0;0;0;0;0;0;0;1;
2004 49 1;1192;39044830305;12;0;0;1;0;1;0;0;0;1;0;0;0;
2004 49 1;1193;39045040084;12;0;0;0;0;0;0;0;0;0;0;0;0;
2004 49 1;1194;39045210690;12;0;0;0;1;0;0;0;0;0;0;0;0;
2004 49 1;1195;39044850503;12;0;0;0;0;1;0;0;0;0;1;0;0;
2004 49 1;1196;39050230057;12;0;0;0;0;0;0;0;0;0;0;0;0;
2004 49 1;1197;39044920983;12;0;0;0;0;0;0;0;0;0;0;0;1;
2004 49 1;1198;39050230059;12;0;0;0;0;0;0;0;0;0;0;0;0;
2004 49 1;1199;39045220058;12;0;1;0;0;0;0;0;0;0;0;0;0;
2004 49 1;1200;39044840546;12;0;0;0;0;1;0;0;0;0;0;0;0;
2004 49 1;1201;39050230058;12;0;0;0;0;0;0;0;0;0;0;0;0;
2004 49 1;1202;39044721140;15;0;0;0;0;1;0;1;0;0;1;0;1;
2004 49 1;1203;39044840337;15;0;0;1;1;1;0;0;0;0;0;0;1;
2004 49 1;1204;39044710019;15;0;0;1;0;0;0;0;0;1;0;0;0;
2004 49 1;1205;39044840507;15;0;0;0;0;1;0;0;0;0;0;0;0;
2004 49 1;1206;39044912432;15;0;0;0;0;0;0;0;0;0;0;0;0;
2004 49 1;1207;39044840041;15;0;0;1;0;0;0;0;0;0;0;0;0;
2004 49 1;1208;39044910241;15;0;0;1;0;1;0;0;0;0;1;0;0;
2004 49 1;1209;39044810788;15;0;0;0;0;1;0;0;0;0;0;0;1;
2004 49 1;1210;39045030090;7;0;0;0;0;0;0;0;0;0;0;0;0;
2004 49 1;1211;39050140110;7;0;0;0;1;0;0;0;0;1;0;0;0;
2004 49 1;1212;39044840572;7;0;0;0;0;1;0;0;0;0;0;0;0;
2004 49 1;1213;39045040020;7;0;0;0;0;0;0;0;0;0;0;0;0;
2004 49 1;1214;39044840404;7;0;0;0;0;1;0;0;0;1;1;0;1;
2004 49 1;1215;39045040134;7;0;0;0;0;0;0;0;0;0;0;0;0;
2004 49 1;1216;39044850709;7;0;0;0;0;1;0;0;0;0;0;0;0;
2004 49 1;1217;39045040007;7;0;1;0;0;0;0;0;0;0;0;0;0;
2004 49 1;1218;39044850056;7;0;0;0;0;1;0;0;0;0;0;0;0;
2004 49 1;1219;39044830228;7;0;0;1;0;0;0;0;0;0;0;0;0;
2004 49 1;1220;39044840528;7;0;0;0;0;1;0;0;0;0;1;0;1;
2004 49 1;1221;39044950145;7;0;0;0;0;0;0;0;0;1;0;0;0;
2004 49 1;1222;39044910204;7;0;0;0;0;1;0;0;0;0;0;0;0;
2004 49 1;1223;39050130400;7;0;0;0;0;0;1;0;0;0;0;0;1;
2004 49 1;1224;39045140218;7;0;0;0;0;0;0;0;0;0;0;0;0;
2004 49 1;1225;39045140241;7;0;0;0;0;0;0;0;0;0;0;0;0;
2004 49 1;1226;39044830643;7;0;0;0;0;1;0;1;0;0;0;0;0;
2004 49 1;1227;39045210241;7;0;1;0;0;0;0;0;0;0;0;0;1;
2004 49 1;1228;39044840543;7;0;0;0;0;1;0;0;0;0;0;0;0;
2004 49 1;1229;39045030217;7;0;0;0;0;0;0;0;0;1;0;0;0;
2004 49 1;1230;39044840345;1;0;0;1;1;1;0;0;0;0;1;0;0;
2004 49 1;1231;39045030510;1;0;0;0;0;0;0;0;0;0;0;1;1;
2004 49 1;1232;39045040219;1;0;0;0;0;0;0;0;0;0;0;0;0;
2004 49 1;1233;39044830407;1;0;0;0;0;1;0;0;0;0;0;0;0;
2004 49 1;1234;39045040072;1;0;0;0;0;0;0;0;0;0;0;0;0;
2004 49 1;1235;39044910258;1;0;0;1;0;1;0;0;0;0;1;0;0;
2004 49 1;1236;39045210881;1;0;0;0;0;0;0;0;0;0;0;0;0;
2004 49 1;1237;39045210065;1;0;0;0;0;0;0;0;0;1;0;0;1;
2004 49 1;1238;39044840490;1;0;0;0;0;1;0;0;0;0;0;0;0;
2004 49 1;1239;39050230065;1;0;0;0;0;0;0;0;0;0;0;0;0;
2004 49 1;1240;39050230063;1;0;0;0;0;0;0;0;0;0;0;0;0;
2004 49 1;1241;39044840588;1;0;0;0;0;1;0;0;0;0;1;0;0;
2004 49 1;1242;39050230049;1;0;0;0;0;0;0;0;0;0;0;0;0;
2004 49 1;1243;39044810356;1;0;0;1;0;1;0;0;0;0;0;0;0;
2004 49 1;1244;39050230064;1;0;0;0;0;0;0;0;0;0;0;0;0;
2004 49 1;1245;39044850561;1;0;0;0;0;1;0;0;0;0;0;0;0;
2004 49 1;1246;39045030145;1;0;0;0;1;0;0;0;1;0;0;0;0;
2004 49 1;1247;39044840174;1;0;0;0;0;1;0;0;0;1;1;0;0;