Date;SeqRank;Ident;Paint Color;HPRC1;HPRC2;HPRC3;HPRC4;HPRC5;HPRC6;HPRC7;LPRC1;LPRC2;LPRC3;LPRC4;LPRC5;LPRC6;LPRC7;LPRC8;LPRC9;LPRC10;LPRC11;
2004 49 1;1302;24045220023;4;1;0;0;0;0;0;1;0;0;0;0;0;0;0;0;0;0;0;
2004 49 1;1303;24044911476;4;0;0;0;1;1;0;0;0;0;0;0;0;1;1;0;1;0;0;
2004 49 1;1304;24044940105;4;1;0;1;0;0;0;0;0;0;0;0;0;0;0;0;0;0;0;
2004 49 1;1305;24045220063;4;1;0;0;1;0;0;0;0;0;0;0;0;0;0;0;0;0;0;
2004 49 1;1306;24044911608;4;0;1;0;1;0;0;0;0;0;0;0;0;0;0;0;1;0;0;
2004 49 1;1307;24044850900;4;0;0;0;0;1;0;0;0;0;0;0;0;0;0;0;0;0;0;
2004 49 1;1308;24044930258;4;1;0;1;1;0;0;0;0;0;0;0;0;0;0;0;0;0;1;
2004 49 1;1309;24045040157;4;0;0;0;1;1;0;0;0;0;0;0;0;0;0;0;1;0;0;
2004 49 1;1310;24045220095;4;1;0;0;1;0;0;0;0;0;0;0;0;0;0;0;0;0;0;
2004 49 1;1311;24045140075;4;0;0;0;1;1;0;0;0;0;0;0;0;0;0;0;0;0;0;
2004 49 1;1312;24044920145;4;1;0;1;0;0;0;1;0;1;0;0;0;0;0;0;0;0;0;
2004 49 1;1313;24044911460;4;0;1;1;0;0;0;0;1;0;0;0;0;0;0;0;0;0;0;
2004 49 1;1314;24044911067;4;1;0;0;0;0;0;0;0;0;0;0;0;0;0;0;0;0;0;
2004 49 1;1315;24044911047;4;1;0;0;0;0;0;0;0;0;0;0;0;0;0;0;0;0;0;
2004 49 1;1316;24044920727;4;0;1;0;1;0;0;0;1;0;0;0;0;0;0;0;1;0;0;
2004 49 1;1317;24044840386;4;0;0;1;1;1;0;0;0;0;0;0;0;0;0;0;0;0;0;
2004 49 1;1318;24044840538;4;0;0;1;1;1;0;0;0;0;0;0;0;0;0;0;0;0;0;
2004 49 1;1319;24044911050;4;1;0;0;0;0;0;0;0;0;0;0;0;0;0;0;0;0;0;
2004 49 1;1320;24044911066;3;1;0;0;0;0;0;0;0;0;0;0;0;0;0;0;0;0;0;
2004 49 2;1;24044920929;11;1;0;0;1;0;0;0;0;0;0;0;0;0;0;0;0;0;0;
2004 49 2;2;24044921360;5;0;0;0;1;0;1;0;0;0;0;0;0;0;0;0;0;0;0;
2004 49 2;3;24044920970;11;1;0;0;1;0;0;0;0;0;0;0;0;0;0;0;0;0;0;
2004 49 2;4;24045040314;11;0;0;1;0;1;0;0;0;0;0;0;0;0;0;0;0;0;0;
2004 49 2;5;24044920842;11;1;0;0;0;0;0;0;0;0;0;0;0;0;0;0;0;0;0;
2004 49 2;6;24044920835;11;1;0;0;0;0;0;0;0;0;0;0;0;0;0;0;0;0;0;
2004 49 2;7;24044921266;11;0;0;0;1;1;0;0;0;0;0;0;0;0;0;0;0;0;0;
2004 49 2;8;24044921172;11;1;0;0;1;0;0;0;0;0;0;0;0;0;0;0;1;0;0;
2004 49 2;9;24044911076;11;0;0;1;0;1;0;0;0;1;0;0;0;0;0;0;0;0;0;
2004 49 2;10;24044921067;11;1;0;0;1;0;0;0;0;0;0;0;0;0;0;0;0;0;0;
2004 49 2;11;24044921341;14;0;0;0;1;1;0;0;0;0;0;0;0;0;0;0;0;0;0;
2004 49 2;12;24044921163;11;1;0;0;1;0;0;0;0;0;0;0;0;0;0;0;1;0;0;
2004 49 2;13;24044850243;11;0;0;1;1;1;0;0;0;0;0;0;0;0;0;0;0;0;0;
2004 49 2;14;24044921080;11;1;0;0;1;0;0;0;0;0;0;0;0;0;0;0;0;0;0;
2004 49 2;15;24044920837;11;1;0;0;0;0;0;0;0;0;0;0;0;0;0;0;0;0;0;
2004 49 2;16;24044920388;4;0;0;0;1;0;1;0;0;0;0;0;0;0;0;0;0;0;0;
2004 49 2;17;24044850239;15;0;0;1;1;1;0;0;0;0;0;0;0;0;0;0;0;0;0;
2004 49 2;18;24044921331;7;1;0;0;0;0;0;0;0;0;0;0;0;0;0;0;0;0;0;
2004 49 2;19;24044921316;7;1;0;0;1;0;0;0;0;0;0;0;0;0;0;0;1;0;0;
2004 49 2;20;24045140097;7;0;1;0;1;0;0;0;0;0;0;0;0;0;0;0;0;0;1;
2004 49 2;21;24044850242;11;0;0;1;1;1;0;0;0;0;0;0;0;0;0;0;0;0;0;
2004 49 2;22;24044921173;11;1;0;0;1;0;0;0;0;0;0;0;0;0;0;0;1;0;0;
2004 49 2;23;24044920952;11;1;0;0;1;0;0;0;0;0;0;0;0;0;0;0;0;0;0;
2004 49 2;24;24044920961;11;1;0;0;1;0;0;0;0;0;0;0;0;0;0;0;0;0;0;
2004 49 2;25;24044911077;11;0;0;1;0;1;0;0;0;1;0;0;0;0;0;0;0;0;0;
2004 49 2;26;24044921168;11;1;0;0;1;0;0;0;0;0;0;0;0;0;0;0;1;0;0;
2004 49 2;27;24044920698;5;0;0;0;0;1;0;0;0;0;0;0;0;0;0;0;0;0;0;
2004 49 2;28;24044921353;5;0;0;0;1;0;1;0;0;0;0;0;0;0;0;0;0;0;0;
2004 49 2;29;24044911343;5;0;0;1;1;1;0;0;0;0;0;0;0;0;0;0;0;0;0;
2004 49 2;30;24044921069;11;1;0;0;1;0;0;0;0;0;0;0;0;0;0;0;0;0;0;
2004 49 2;31;24044921084;11;1;0;0;1;0;0;0;0;0;0;0;0;0;0;0;0;0;0;
2004 49 2;32;24044921245;11;0;0;0;1;1;0;0;0;0;0;0;0;0;0;0;0;0;0;
2004 49 2;33;24044921089;11;1;0;0;1;0;0;0;0;0;0;0;0;0;0;0;0;0;0;
2004 49 2;34;24045050165;11;0;1;1;0;0;0;0;0;0;0;0;0;0;0;0;0;0;0;
2004 49 2;35;24044920928;11;1;0;0;1;0;0;0;0;0;0;0;0;0;0;0;0;0;0;
2004 49 2;36;24044921171;11;1;0;0;1;0;0;0;0;0;0;0;0;0;0;0;1;0;0;
2004 49 2;37;24044921298;14;0;0;0;1;1;0;0;0;0;0;0;0;0;0;0;0;0;0;
2004 49 2;38;24044920740;14;0;1;1;0;0;0;0;0;0;0;0;0;0;0;0;0;0;0;
2004 49 2;39;24044921202;2;1;0;0;1;0;0;0;0;0;0;0;0;0;0;0;1;0;0;
2004 49 2;40;24044920981;2;1;0;0;1;0;0;0;0;0;0;0;0;0;0;0;0;0;0;
2004 49 2;41;24044921397;4;0;0;0;1;0;1;0;0;0;0;0;0;0;0;0;0;0;0;
2004 49 2;42;24044911695;12;0;0;1;0;1;0;0;0;1;0;0;0;0;0;0;0;0;0;
2004 49 2;43;24044921125;2;1;0;0;1;0;0;0;0;0;0;0;0;0;0;0;0;0;0;
2004 49 2;44;24044921159;11;1;0;0;1;0;0;0;0;0;0;0;0;0;0;0;1;0;0;
2004 49 2;45;24044920902;11;1;0;0;1;0;0;0;0;0;0;0;0;0;0;0;0;0;0;
2004 49 2;46;24044911078;11;0;0;1;1;1;0;0;0;0;0;0;0;0;0;0;0;0;0;
2004 49 2;47;24045040308;11;0;1;0;0;0;0;0;0;0;0;0;0;0;0;0;0;0;0;
2004 49 2;48;24044921103;11;1;0;0;1;0;0;0;0;0;0;0;0;0;0;0;0;0;0;
2004 49 2;49;24044920974;11;1;0;0;1;0;0;0;0;0;0;0;0;0;0;0;0;0;0;
2004 49 2;50;24044911079;11;0;0;1;1;1;0;0;0;0;0;0;0;0;0;0;0;0;0;
2004 49 2;51;24044920832;11;1;0;0;0;0;0;0;0;0;0;0;0;0;0;0;0;0;0;
2004 49 2;52;24044921350;11;0;0;0;1;1;0;0;0;0;0;0;0;0;0;0;1;0;0;
2004 49 2;53;24044921106;11;1;0;0;1;0;0;0;0;0;0;0;0;0;0;0;0;0;0;
2004 49 2;54;24044930466;4;0;0;0;1;0;1;0;0;0;0;0;0;0;0;0;0;0;0;
2004 49 2;55;24044920662;11;0;0;1;1;1;0;0;0;0;0;0;0;0;0;0;1;0;0;
2004 49 2;56;24044921066;11;1;0;0;1;0;0;0;0;0;0;0;0;0;0;0;0;0;0;
2004 49 2;57;24044920898;11;1;0;0;1;0;0;0;0;0;0;0;0;0;0;0;0;0;0;
2004 49 2;58;24044920823;11;1;0;0;0;0;0;0;0;0;0;0;0;0;0;0;0;0;0;
2004 49 2;59;24044921402;11;0;1;1;1;0;0;0;0;0;0;0;0;0;0;0;0;0;0;
2004 49 2;60;24044920916;11;1;0;0;1;0;0;0;0;0;0;0;0;0;0;0;0;0;0;
2004 49 2;61;24044921261;11;0;0;0;1;1;0;0;0;0;0;0;0;0;0;0;0;0;0;
2004 49 2;62;24044920899;11;1;0;0;1;0;0;0;0;0;0;0;0;0;0;0;0;0;0;
2004 49 2;63;24044910800;11;0;0;1;1;1;0;0;0;0;0;0;0;0;0;0;0;0;0;
2004 49 2;64;24044920830;11;1;0;0;0;0;0;0;0;0;0;0;0;0;0;0;0;0;0;
2004 49 2;65;24044921003;2;1;0;0;1;0;0;0;0;0;0;0;0;0;0;0;0;0;0;
2004 49 2;66;24044910872;1;0;0;0;1;1;0;0;0;0;0;0;0;0;0;0;1;0;0;
2004 49 2;67;24044921337;15;1;0;1;0;0;0;0;0;0;0;0;0;0;0;0;0;0;0;
2004 49 2;68;24044920713;4;0;0;0;1;0;1;0;0;0;0;0;0;0;0;0;0;0;0;
2004 49 2;69;24044921117;2;1;0;0;1;0;0;0;0;0;0;0;0;0;0;0;0;0;0;
2004 49 2;70;24044921121;2;1;0;0;1;0;0;0;0;0;0;0;0;0;0;0;0;0;0;
2004 49 2;71;24045040163;2;0;0;1;1;1;0;0;0;0;0;0;0;0;0;0;0;0;0;
2004 49 2;72;24044921025;2;1;0;0;1;0;0;0;0;0;0;0;0;0;0;0;0;0;0;
2004 49 2;73;24044921282;2;0;0;0;1;1;0;0;0;0;0;0;0;0;0;0;0;0;0;
2004 49 2;74;24044920858;2;1;0;0;0;0;0;0;0;0;0;0;0;0;0;0;0;0;0;
2004 49 2;75;24044910968;3;1;0;1;1;0;0;0;1;0;1;0;0;1;1;0;1;0;1;
2004 49 2;76;24044920805;3;0;1;0;0;0;0;0;0;0;0;0;0;0;0;0;0;0;0;
2004 49 2;77;24044921376;3;1;0;0;1;0;0;0;0;0;0;0;0;0;0;0;0;0;0;
2004 49 2;78;24044920764;3;0;0;0;1;1;0;0;0;0;0;0;0;0;0;0;1;0;0;
2004 49 2;79;24044940066;15;1;0;1;1;0;0;0;0;0;0;0;0;0;0;0;0;0;0;
2004 49 2;80;24044921320;3;0;1;0;1;0;0;0;0;0;0;0;0;0;0;0;0;0;0;
2004 49 2;81;24044921347;4;0;0;0;1;0;1;0;0;0;0;0;0;0;0;0;0;0;0;
2004 49 2;82;24044920882;8;1;0;0;0;0;0;0;0;0;0;0;0;0;0;0;0;0;0;
2004 49 2;83;24044921236;8;1;0;0;1;0;0;0;0;0;0;0;0;0;0;0;1;0;0;
2004 49 2;84;24044921047;8;1;0;0;1;0;0;0;0;0;0;0;0;0;0;0;0;0;0;
2004 49 2;85;24044920581;9;0;0;1;0;1;0;0;0;0;0;0;0;0;0;0;0;0;0;
2004 49 2;86;24044921307;9;0;1;0;1;0;0;0;0;0;0;0;0;0;0;0;1;0;1;
2004 49 2;87;24044920742;9;0;0;0;1;1;0;0;0;0;0;0;0;0;0;0;0;0;0;
2004 49 2;88;24044920656;9;1;0;0;0;0;0;0;0;0;0;0;0;0;0;0;0;0;0;
2004 49 2;89;24044920738;9;0;0;1;1;1;0;0;0;0;0;0;0;0;0;0;0;0;0;
2004 49 2;90;24044921309;9;1;0;0;1;0;0;0;0;0;0;0;0;0;0;0;1;0;0;
2004 49 2;91;24044930450;9;1;0;0;1;0;0;0;1;0;0;0;0;0;0;0;0;0;0;
2004 49 2;92;24044921325;14;0;1;0;1;0;0;0;0;0;0;0;0;0;0;0;0;0;0;
2004 49 2;93;24044911037;14;0;0;1;0;1;0;0;0;1;0;0;0;0;0;0;0;0;1;
2004 49 2;94;24044921010;2;1;0;0;1;0;0;0;0;0;0;0;0;0;0;0;0;0;0;
2004 49 2;95;24044921118;2;1;0;0;1;0;0;0;0;0;0;0;0;0;0;0;0;0;0;
2004 49 2;96;24044920768;4;0;0;0;1;0;1;0;0;0;0;0;0;0;0;0;0;0;0;
2004 49 2;97;24044850236;15;0;0;1;1;1;0;0;0;0;0;0;0;0;0;0;0;0;0;
2004 49 2;98;24044921203;2;1;0;0;1;0;0;0;0;0;0;0;0;0;0;0;1;0;0;
2004 49 2;99;24044921272;2;0;0;0;1;1;0;0;0;0;0;0;0;0;0;0;0;0;0;
2004 49 2;100;24044920862;2;1;0;0;0;0;0;0;0;0;0;0;0;0;0;0;0;0;0;
2004 49 2;101;24044921161;11;1;0;0;1;0;0;0;0;0;0;0;0;0;0;0;1;0;0;
2004 49 2;102;24044920288;11;0;0;1;0;1;0;0;0;0;0;0;0;0;0;0;0;0;0;
2004 49 2;103;24044920971;11;1;0;0;1;0;0;0;0;0;0;0;0;0;0;0;0;0;0;
2004 49 2;104;24044921248;11;0;0;0;1;1;0;0;0;0;0;0;0;0;0;0;0;0;0;
2004 49 2;105;24044921165;11;1;0;0;1;0;0;0;0;0;0;0;0;0;0;0;1;0;0;
2004 49 2;106;24044920966;11;1;0;0;1;0;0;0;0;0;0;0;0;0;0;0;0;0;0;
2004 49 2;107;24044910085;11;0;0;1;1;1;0;0;0;0;0;0;0;0;0;0;0;0;0;
2004 49 2;108;24044920955;11;1;0;0;1;0;0;0;0;0;0;0;0;0;0;0;0;0;0;
2004 49 2;109;24044920809;8;0;0;0;0;1;0;0;0;1;0;0;0;0;0;0;0;0;0;
2004 49 2;110;24044921046;8;1;0;0;1;0;0;0;0;0;0;0;0;0;0;0;0;0;0;
2004 49 2;111;24044921227;8;1;0;0;1;0;0;0;0;0;0;0;0;0;0;0;1;0;0;
2004 49 2;112;24044920774;5;0;0;0;1;0;1;0;0;0;0;0;0;0;0;0;0;0;0;
2004 49 2;113;24044911036;5;0;0;1;1;1;0;0;0;0;0;0;0;0;0;0;0;0;0;
2004 49 2;114;24044921134;2;1;0;0;1;0;0;0;0;0;0;0;0;0;0;0;0;0;0;
2004 49 2;115;24044921218;2;1;0;0;1;0;0;0;0;0;0;0;0;0;0;0;1;0;0;
2004 49 2;116;24044920849;2;1;0;0;0;0;0;0;0;0;0;0;0;0;0;0;0;0;0;
2004 49 2;117;24044921244;14;0;0;0;1;1;0;0;0;0;0;0;0;0;0;0;0;0;0;
2004 49 2;118;24050250001;14;0;1;0;1;0;0;0;0;0;0;0;0;0;0;0;1;0;0;
2004 49 2;119;24044920951;11;1;0;0;1;0;0;0;0;0;0;0;0;0;0;0;0;0;0;
2004 49 2;120;24044830282;11;0;0;1;0;1;0;0;1;0;1;0;0;0;0;0;0;0;1;
2004 49 2;121;24044920959;11;1;0;0;1;0;0;0;0;0;0;0;0;0;0;0;0;0;0;
2004 49 2;122;24044921197;11;1;0;0;1;0;0;0;0;0;0;0;0;0;0;0;1;0;0;
2004 49 2;123;24044920765;11;0;0;0;1;1;0;0;1;0;0;1;0;0;0;0;0;0;0;
2004 49 2;124;24044921096;11;1;0;0;1;0;0;0;0;0;0;0;0;0;0;0;0;0;0;
2004 49 2;125;24044921379;11;0;0;0;1;0;1;0;0;0;0;0;0;0;0;0;0;0;0;
2004 49 2;126;24044920819;11;1;0;0;0;0;0;0;0;0;0;0;0;0;0;0;0;0;0;
2004 49 2;127;24044930442;9;0;0;1;1;1;0;0;0;0;0;0;0;0;0;0;1;0;0;
2004 49 2;128;24044921339;9;1;0;0;1;0;0;0;0;0;0;0;0;0;0;0;0;0;0;
2004 49 2;129;24044921361;9;0;0;0;1;1;0;0;1;0;0;0;0;0;0;0;1;0;0;
2004 49 2;130;24044921076;11;1;0;0;1;0;0;0;0;0;0;0;0;0;0;0;0;0;0;
2004 49 2;131;24044920911;11;1;0;0;1;0;0;0;0;0;0;0;0;0;0;0;0;0;0;
2004 49 2;132;24044920642;3;0;0;1;1;1;0;0;0;0;0;0;0;0;0;0;1;0;0;
2004 49 2;133;24044920700;3;1;0;0;0;0;0;0;0;1;0;0;0;0;0;0;0;0;0;
2004 49 2;134;24044920784;3;0;0;0;1;1;0;0;0;0;0;0;0;0;0;0;0;0;0;
2004 49 2;135;24044920724;3;1;0;0;1;0;0;0;0;0;0;0;0;0;0;0;0;0;0;
2004 49 2;136;24045040093;3;0;0;1;1;1;0;0;0;0;0;0;0;0;0;0;1;0;1;
2004 49 2;137;24044920710;3;0;1;0;0;0;0;0;1;0;0;0;0;0;0;0;0;1;0;
2004 49 2;138;24044921029;2;1;0;0;1;0;0;0;0;0;0;0;0;0;0;0;0;0;0;
2004 49 2;139;24044921007;2;1;0;0;1;0;0;0;0;0;0;0;0;0;0;0;0;0;0;
2004 49 2;140;24044840132;12;0;0;1;1;1;0;0;0;0;1;0;0;0;0;0;0;0;0;
2004 49 2;141;24044611003;4;0;0;0;1;0;1;0;0;0;0;0;0;0;0;0;0;0;0;
2004 49 2;142;24044921091;11;1;0;0;1;0;0;0;0;0;0;0;0;0;0;0;0;0;0;
2004 49 2;143;24044920821;11;1;0;0;0;0;0;0;0;0;0;0;0;0;0;0;0;0;0;
2004 49 2;144;24044910084;11;0;0;1;1;1;0;0;0;0;0;0;0;0;0;0;0;0;0;
2004 49 2;145;24044921164;11;1;0;0;1;0;0;0;0;0;0;0;0;0;0;0;1;0;0;
2004 49 2;146;24044921268;11;0;0;0;1;1;0;0;0;0;0;0;0;0;0;0;0;0;0;
2004 49 2;147;24044920931;11;1;0;0;1;0;0;0;0;0;0;0;0;0;0;0;0;0;0;
2004 49 2;148;24044920545;11;0;0;1;1;1;0;0;0;0;0;0;0;0;0;0;0;0;0;
2004 49 2;149;24045040311;11;0;1;0;1;0;0;0;0;0;0;0;0;0;0;0;1;0;0;
2004 49 2;150;24044920824;11;1;0;0;0;0;0;0;0;0;0;0;0;0;0;0;0;0;0;
2004 49 2;151;24044920900;11;1;0;0;1;0;0;0;0;0;0;0;0;0;0;0;0;0;0;
2004 49 2;152;24044910737;15;1;0;1;1;0;0;1;0;0;1;0;0;0;0;0;1;0;0;
2004 49 2;153;24044920811;4;0;0;0;1;1;0;0;0;0;0;0;0;0;0;0;0;0;0;
2004 49 2;154;24044920719;4;0;0;0;1;0;1;0;0;0;0;0;0;0;0;0;0;0;0;
2004 49 2;155;24044920958;11;1;0;0;1;0;0;0;0;0;0;0;0;0;0;0;0;0;0;
2004 49 2;156;24044920831;11;1;0;0;0;0;0;0;0;0;0;0;0;0;0;0;0;0;0;
2004 49 2;157;24044920822;11;1;0;0;0;0;0;0;0;0;0;0;0;0;0;0;0;0;0;
2004 49 2;158;24044930440;14;0;0;1;1;1;0;0;0;0;0;0;0;0;0;0;1;0;0;
2004 49 2;159;24044921323;14;0;1;0;1;0;0;0;0;0;0;0;0;0;0;0;0;0;0;
2004 49 2;160;24044921016;2;1;0;0;1;0;0;0;0;0;0;0;0;0;0;0;0;0;0;
2004 49 2;161;24044921135;2;1;0;0;1;0;0;0;0;0;0;0;0;0;0;0;0;0;0;
2004 49 2;162;24044920297;15;0;0;1;0;1;0;0;0;1;0;0;0;0;0;0;0;0;0;
2004 49 2;163;24044921023;2;1;0;0;1;0;0;0;0;0;0;0;0;0;0;0;0;0;0;
2004 49 2;164;24044921278;2;0;0;0;1;1;0;0;0;0;0;0;0;0;0;0;0;0;0;
2004 49 2;165;24044921213;2;1;0;0;1;0;0;0;0;0;0;0;0;0;0;0;1;0;0;
2004 49 2;166;24044920867;2;1;0;0;0;0;0;0;0;0;0;0;0;0;0;0;0;0;0;
2004 49 2;167;24044850237;15;0;0;1;1;1;0;0;0;0;0;0;0;0;0;0;0;0;0;
2004 49 2;168;24044920706;15;1;0;0;1;0;0;0;0;0;0;0;0;0;0;0;0;0;0;
2004 49 2;169;24044920762;15;0;1;0;1;0;0;0;0;0;0;0;0;0;0;0;1;0;0;
2004 49 2;170;24044921302;15;0;0;0;1;0;1;0;0;0;0;0;0;0;0;0;0;0;0;
2004 49 2;171;24044850240;15;0;0;1;1;1;0;0;0;0;0;0;0;0;0;0;0;0;0;
2004 49 2;172;24044920878;8;1;0;0;0;0;0;0;0;0;0;0;0;0;0;0;0;0;0;
2004 49 2;173;24044921060;8;1;0;0;1;0;0;0;0;0;0;0;0;0;0;0;0;0;0;
2004 49 2;174;24044920301;11;0;0;1;0;1;0;0;0;1;0;0;0;0;0;0;0;0;0;
2004 49 2;175;24044921083;11;1;0;0;1;0;0;0;0;0;0;0;0;0;0;0;0;0;0;
2004 49 2;176;24044920799;11;0;0;0;1;1;0;0;0;0;0;0;0;0;0;0;1;0;0;
2004 49 2;177;24044920950;11;1;0;0;1;0;0;0;0;0;0;0;0;0;0;0;0;0;0;
2004 49 2;178;24044920381;11;0;0;1;1;1;0;0;0;0;0;0;0;0;0;0;0;0;0;
2004 49 2;179;24044921166;11;1;0;0;1;0;0;0;0;0;0;0;0;0;0;0;1;0;0;
2004 49 2;180;24044921267;11;0;0;0;1;1;0;0;0;0;0;0;0;0;0;0;0;0;0;
2004 49 2;181;24044920838;11;1;0;0;0;0;0;0;0;0;0;0;0;0;0;0;0;0;0;
2004 49 2;182;24044910730;11;1;0;1;1;0;0;1;0;0;1;0;0;0;0;0;1;0;0;
2004 49 2;183;24044710819;4;0;0;0;1;0;1;0;0;0;0;0;0;0;0;0;0;0;0;
2004 49 2;184;24044910874;1;0;0;0;1;1;0;0;0;0;0;0;0;0;0;0;1;0;0;
2004 49 2;185;24044921081;11;1;0;0;1;0;0;0;0;0;0;0;0;0;0;0;0;0;0;
2004 49 2;186;24044910873;1;0;0;0;1;1;0;0;0;0;0;0;0;0;0;0;1;0;0;
2004 49 2;187;24044920704;11;1;0;1;0;0;0;0;0;0;0;0;0;0;0;0;0;0;0;
2004 49 2;188;24044920780;11;0;0;0;1;1;0;0;0;0;0;0;0;0;0;0;0;0;0;
2004 49 2;189;24044920973;11;1;0;0;1;0;0;0;0;0;0;0;0;0;0;0;0;0;0;
2004 49 2;190;24044921169;11;1;0;0;1;0;0;0;0;0;0;0;0;0;0;0;1;0;0;
2004 49 2;191;24044930364;11;0;0;1;1;1;0;0;0;0;0;0;0;0;0;0;0;0;0;
2004 49 2;192;24044920760;11;0;1;0;1;0;0;0;0;0;0;0;0;0;0;0;0;0;0;
2004 49 2;193;24044920818;11;1;0;0;0;0;0;0;0;0;0;0;0;0;0;0;0;0;0;
2004 49 2;194;24044920827;11;1;0;0;0;0;0;0;0;0;0;0;0;0;0;0;0;0;0;
2004 49 2;195;24044930363;11;0;0;1;1;1;0;0;0;0;0;0;0;0;0;0;0;0;0;
2004 49 2;196;24044921108;11;1;0;0;1;0;0;0;0;0;0;0;0;0;0;0;0;0;0;
2004 49 2;197;24044921330;4;0;0;0;1;0;1;0;0;0;0;0;0;0;0;0;0;0;0;
2004 49 2;198;24044920923;11;1;0;0;1;0;0;0;0;0;0;0;0;0;0;0;0;0;0;
2004 49 2;199;24044920892;11;1;0;0;1;0;0;0;0;0;0;0;0;0;0;0;0;0;0;
2004 49 2;200;24044920304;11;0;0;1;0;1;0;0;0;1;0;0;0;0;0;0;0;0;0;
2004 49 2;201;24044921160;11;1;0;0;1;0;0;0;0;0;0;0;0;0;0;0;1;0;0;
2004 49 2;202;24044921260;11;0;0;0;1;1;0;0;0;0;0;0;0;0;0;0;0;0;0;
2004 49 2;203;24044920771;11;1;0;0;1;0;0;0;0;0;0;0;0;0;0;0;0;0;0;
2004 49 2;204;24044920258;11;0;0;1;1;1;0;0;1;0;0;0;0;0;0;0;1;0;1;
2004 49 2;205;24044920935;11;1;0;0;1;0;0;0;0;0;0;0;0;0;0;0;0;0;0;
2004 49 2;206;24044920886;8;1;0;0;0;0;0;0;0;0;0;0;0;0;0;0;0;0;0;
2004 49 2;207;24044921285;8;0;0;0;1;1;0;0;0;0;0;0;0;0;0;0;0;0;0;
2004 49 2;208;24044921229;8;1;0;0;1;0;0;0;0;0;0;0;0;0;0;0;1;0;0;
2004 49 2;209;24045040108;8;0;0;1;1;1;0;0;1;0;0;0;0;0;0;0;0;0;0;
2004 49 2;210;24044920480;5;0;0;0;1;0;1;0;0;0;0;0;0;0;0;0;0;0;0;
2004 49 2;211;24044921000;2;1;0;0;1;0;0;0;0;0;0;0;0;0;0;0;0;0;0;
2004 49 2;212;24045040161;6;0;0;1;1;1;0;0;0;0;0;0;0;0;0;0;1;0;0;
2004 49 2;213;24044920857;2;1;0;0;0;0;0;0;0;0;0;0;0;0;0;0;0;0;0;
2004 49 2;214;24044921006;2;1;0;0;1;0;0;0;0;0;0;0;0;0;0;0;0;0;0;
2004 49 2;215;24044921276;2;0;0;0;1;1;0;0;0;0;0;0;0;0;0;0;0;0;0;
2004 49 2;216;24044921008;2;1;0;0;1;0;0;0;0;0;0;0;0;0;0;0;0;0;0;
2004 49 2;217;24044921277;2;0;0;0;1;1;0;0;0;0;0;0;0;0;0;0;0;0;0;
2004 49 2;218;24045040315;15;0;1;1;1;0;0;0;0;0;0;0;0;0;0;0;0;0;0;
2004 49 2;219;24044921237;8;1;0;0;1;0;0;0;0;0;0;0;0;0;0;0;1;0;0;
2004 49 2;220;24044920888;8;1;0;0;0;0;0;0;0;0;0;0;0;0;0;0;0;0;0;
2004 49 2;221;24044920734;8;0;0;0;0;1;0;0;0;0;0;0;0;1;1;0;0;0;0;
2004 49 2;222;24044910731;11;1;0;1;1;0;0;1;0;0;1;0;0;0;0;0;1;0;0;
2004 49 2;223;24044920977;11;1;0;0;1;0;0;0;0;0;0;0;0;0;0;0;0;0;0;
2004 49 2;224;24044921380;11;0;0;0;1;0;1;0;0;0;0;0;0;0;0;0;0;0;0;
2004 49 2;225;24044920893;11;1;0;0;1;0;0;0;0;0;0;0;0;0;0;0;0;0;0;
2004 49 2;226;24044920290;11;0;0;1;0;1;0;0;0;0;0;0;0;0;0;0;0;0;0;
2004 49 2;227;24044920932;11;1;0;0;1;0;0;0;0;0;0;0;0;0;0;0;0;0;0;
2004 49 2;228;24044910884;1;0;0;0;1;1;0;0;0;0;0;0;0;0;0;0;1;0;0;
2004 49 2;229;24044920820;11;1;0;0;0;0;0;0;0;0;0;0;0;0;0;0;0;0;0;
2004 49 2;230;24044930330;11;0;0;1;1;1;0;0;0;0;0;0;0;0;0;0;0;0;0;
2004 49 2;231;24044921178;11;1;0;0;1;0;0;0;0;0;0;0;0;0;0;0;1;0;0;
2004 49 2;232;24044920972;11;1;0;0;1;0;0;0;0;0;0;0;0;0;0;0;0;0;0;
2004 49 2;233;24044921354;11;0;0;0;1;1;0;0;1;1;0;0;0;0;0;0;0;0;0;
2004 49 2;234;24044921185;11;1;0;0;1;0;0;0;0;0;0;0;0;0;0;0;1;0;0;
2004 49 2;235;24044930138;11;0;0;1;1;1;0;0;0;0;0;0;0;0;0;0;0;0;1;
2004 49 2;236;24044920829;11;1;0;0;0;0;0;0;0;0;0;0;0;0;0;0;0;0;0;
2004 49 2;237;24044921193;11;1;0;0;1;0;0;0;0;0;0;0;0;0;0;0;1;0;0;
2004 49 2;238;24044920058;5;0;0;0;1;0;1;0;0;0;0;0;0;0;0;0;0;0;0;
2004 49 2;239;24044920779;5;1;0;1;1;0;0;0;0;0;0;0;0;0;0;0;0;0;0;
2004 49 2;240;24044920755;5;0;1;0;1;0;0;0;0;0;0;0;0;0;0;0;1;0;0;
2004 49 2;241;24044921041;8;1;0;0;1;0;0;0;0;0;0;0;0;0;0;0;0;0;0;
2004 49 2;242;24044921031;8;1;0;0;1;0;0;0;0;0;0;0;0;0;0;0;0;0;0;
2004 49 2;243;24044920550;8;0;0;1;0;1;0;0;0;0;0;0;0;0;0;0;0;0;0;
2004 49 2;244;24044921234;8;1;0;0;1;0;0;0;0;0;0;0;0;0;0;0;1;0;0;
2004 49 2;245;24044920715;8;0;0;0;0;1;0;0;0;0;0;0;0;0;0;0;0;0;0;
2004 49 2;246;24044920873;8;1;0;0;0;0;0;0;0;0;0;0;0;0;0;0;0;0;0;
2004 49 2;247;24044921241;8;1;0;0;1;0;0;0;0;0;0;0;0;0;0;0;1;0;0;
2004 49 2;248;24045040087;6;0;0;1;1;1;0;0;0;0;0;0;0;0;0;0;0;0;1;
2004 49 2;249;24044930465;6;0;0;0;1;0;1;0;0;0;0;0;0;0;0;0;0;0;0;
2004 49 2;250;24044921045;8;1;0;0;1;0;0;0;0;0;0;0;0;0;0;0;0;0;0;
2004 49 2;251;24044921054;8;1;0;0;1;0;0;0;0;0;0;0;0;0;0;0;0;0;0;
2004 49 2;252;24045040127;6;0;0;1;1;1;0;0;0;0;0;0;0;0;0;0;1;0;0;
2004 49 2;253;24044920872;8;1;0;0;0;0;0;0;0;0;0;0;0;0;0;0;0;0;0;
2004 49 2;254;24045150010;8;0;1;0;0;0;0;0;0;0;0;0;0;0;0;0;0;1;0;
2004 49 2;255;24044920879;8;1;0;0;0;0;0;0;0;0;0;0;0;0;0;0;0;0;0;
2004 49 2;256;24045050038;8;0;0;1;0;1;0;0;0;1;0;0;0;0;0;0;0;0;0;
2004 49 2;257;24044921058;8;1;0;0;1;0;0;0;0;0;0;0;0;0;0;0;0;0;0;
2004 49 2;258;24044920887;8;1;0;0;0;0;0;0;0;0;0;0;0;0;0;0;0;0;0;
2004 49 2;259;24044920744;8;0;0;0;1;1;0;0;1;0;0;0;0;0;0;0;1;0;0;
2004 49 2;260;24044920876;8;1;0;0;0;0;0;0;0;0;0;0;0;0;0;0;0;0;0;
2004 49 2;261;24044930275;8;0;0;1;1;1;0;0;0;0;0;0;0;0;0;0;0;0;0;
2004 49 2;262;24044921398;4;0;0;0;1;0;1;0;0;0;0;0;0;0;0;0;0;0;0;
2004 49 2;263;24044920844;2;1;0;0;0;0;0;0;0;0;0;0;0;0;0;0;0;0;0;
2004 49 2;264;24044920992;2;1;0;0;1;0;0;0;0;0;0;0;0;0;0;0;0;0;0;
2004 49 2;265;24044830038;3;0;0;1;1;1;0;0;0;0;1;0;0;0;0;0;1;0;1;
2004 49 2;266;24044930460;3;0;1;0;1;0;0;0;0;0;0;0;0;0;0;0;0;0;0;
2004 49 2;267;24044920697;3;1;0;0;0;0;0;0;0;0;0;0;0;0;0;0;0;0;0;
2004 49 2;268;24044921367;3;1;0;0;1;0;0;0;0;0;0;0;0;0;0;0;1;0;0;
2004 49 2;269;24044840546;3;0;0;1;1;1;0;0;0;0;0;0;0;0;0;0;0;0;0;
2004 49 2;270;24044920720;3;1;0;0;1;0;0;0;0;0;0;0;0;0;0;0;1;0;0;
2004 49 2;271;24044921328;3;0;1;0;0;0;0;0;1;0;0;0;0;0;0;0;0;0;0;
2004 49 2;272;24044920743;3;1;0;0;0;0;0;0;0;0;0;0;0;0;0;0;0;0;0;
2004 49 2;273;24044920813;3;1;0;0;1;0;0;0;0;0;0;0;0;0;0;0;1;0;1;
2004 49 2;274;24044840534;3;0;0;1;1;1;0;0;0;0;0;0;0;0;0;0;0;0;0;
2004 49 2;275;24044921308;4;0;0;0;1;0;1;0;0;0;0;0;0;0;0;0;0;0;0;
2004 49 2;276;24044920730;11;1;0;0;0;0;0;0;0;0;0;0;0;0;0;0;0;0;0;
2004 49 2;277;24044921082;11;1;0;0;1;0;0;0;0;0;0;0;0;0;0;0;0;0;0;
2004 49 2;278;24044921257;11;0;0;0;1;1;0;0;0;0;0;0;0;0;0;0;0;0;0;
2004 49 2;279;24044921176;11;1;0;0;1;0;0;0;0;0;0;0;0;0;0;0;1;0;0;
2004 49 2;280;24044920305;11;0;0;1;0;1;0;0;0;1;0;0;0;0;0;0;0;0;0;
2004 49 2;281;24044920941;11;1;0;0;1;0;0;0;0;0;0;0;0;0;0;0;0;0;0;
2004 49 2;282;24044920834;11;1;0;0;0;0;0;0;0;0;0;0;0;0;0;0;0;0;0;
2004 49 2;283;24044920694;3;0;1;0;1;0;0;0;0;0;0;0;0;1;1;0;1;0;0;
2004 49 2;284;24044920826;11;1;0;0;0;0;0;0;0;0;0;0;0;0;0;0;0;0;0;
2004 49 2;285;24044930331;11;0;0;1;1;1;0;0;0;0;0;0;0;0;0;0;0;0;0;
2004 49 2;286;24044921167;11;1;0;0;1;0;0;0;0;0;0;0;0;0;0;0;1;0;0;
2004 49 2;287;24044920685;11;1;0;0;0;0;0;0;0;0;0;0;0;0;0;0;0;0;0;
2004 49 2;288;24044921393;4;0;0;0;1;0;1;0;0;0;0;0;0;0;0;0;0;0;0;
2004 49 2;289;24044921183;11;1;0;0;1;0;0;0;0;0;0;0;0;0;0;0;1;0;0;
2004 49 2;290;24044930333;11;0;0;1;1;1;0;0;0;0;0;0;0;0;0;0;0;0;0;
2004 49 2;291;24044921105;11;1;0;0;1;0;0;0;0;0;0;0;0;0;0;0;0;0;0;
2004 49 2;292;24044920816;11;1;0;0;0;0;0;0;0;0;0;0;0;0;0;0;0;0;0;
2004 49 2;293;24044920292;11;0;0;1;0;1;0;0;0;0;0;0;0;0;0;0;0;0;0;
2004 49 2;294;24044921187;11;1;0;0;1;0;0;0;0;0;0;0;0;0;0;0;1;0;0;
2004 49 2;295;24050120103;11;0;1;0;1;0;0;0;0;0;0;0;0;0;0;0;0;0;0;
2004 49 2;296;24044920891;11;1;0;0;1;0;0;0;0;0;0;0;0;0;0;0;0;0;0;
2004 49 2;297;24044920552;11;0;0;1;1;1;0;0;0;0;0;0;0;0;0;0;1;0;1;
2004 49 2;298;24044921072;11;1;0;0;1;0;0;0;0;0;0;0;0;0;0;0;0;0;0;
2004 49 2;299;24044920884;8;1;0;0;0;0;0;0;0;0;0;0;0;0;0;0;0;0;0;
2004 49 2;300;24044910885;1;0;0;0;1;1;0;0;0;0;0;0;0;0;0;0;1;0;0;
2004 49 2;301;24044940067;15;1;0;1;1;0;0;0;0;0;0;0;0;0;0;0;0;0;0;
2004 49 2;302;24044921365;4;0;0;0;1;1;0;0;0;0;0;0;0;0;0;0;0;0;0;
2004 49 2;303;24044921333;4;0;0;0;1;0;1;0;0;0;0;0;0;0;0;0;0;0;0;
2004 49 2;304;24044921228;8;1;0;0;1;0;0;0;0;0;0;0;0;0;0;0;1;0;0;
2004 49 2;305;24044940038;8;1;0;1;1;0;0;0;0;0;0;0;0;0;0;0;0;0;0;
2004 49 2;306;24044920875;8;1;0;0;0;0;0;0;0;0;0;0;0;0;0;0;0;0;0;
2004 49 2;307;24044920731;12;0;0;0;1;1;0;0;0;0;0;0;0;0;1;0;0;0;0;
2004 49 2;308;24044921395;12;0;1;0;1;0;0;0;0;1;0;0;0;0;0;0;0;0;0;
2004 49 2;309;24044840131;12;0;0;1;1;1;0;0;0;0;1;0;0;0;0;0;1;0;1;
2004 49 2;310;24044920919;11;1;0;0;1;0;0;0;0;0;0;0;0;0;0;0;0;0;0;
2004 49 2;311;24044920910;11;1;0;0;1;0;0;0;0;0;0;0;0;0;0;0;0;0;0;
2004 49 2;312;24044921156;11;1;0;0;1;0;0;0;0;0;0;0;0;0;0;0;1;0;0;
2004 49 2;313;24044920289;11;0;0;1;0;1;0;0;0;0;0;0;0;0;0;0;0;0;0;
2004 49 2;314;24044921311;9;0;1;0;1;0;0;0;0;0;0;0;0;0;0;0;0;0;0;
2004 49 2;315;24045040219;9;1;0;0;1;0;0;0;0;0;0;0;0;0;0;0;1;0;0;
2004 49 2;316;24044921359;9;0;0;0;1;1;0;0;0;0;0;0;0;0;0;0;0;0;0;
2004 49 2;317;24044921348;4;0;0;0;1;0;1;0;0;0;0;0;0;0;0;0;0;0;0;
2004 49 2;318;24044920801;4;0;0;0;1;1;0;0;0;0;0;0;0;0;0;0;1;0;0;
2004 49 2;319;24044920791;4;1;0;0;1;0;0;0;0;0;0;0;0;0;0;0;0;0;0;
2004 49 2;320;24045040316;15;0;0;1;0;1;0;0;0;0;0;0;0;0;0;0;0;0;0;
2004 49 2;321;24044921210;2;1;0;0;1;0;0;0;0;0;0;0;0;0;0;0;1;0;0;
2004 49 2;322;24044921126;2;1;0;0;1;0;0;0;0;0;0;0;0;0;0;0;0;0;0;
2004 49 2;323;24044921280;2;0;0;0;1;1;0;0;0;0;0;0;0;0;0;0;0;0;0;
2004 49 2;324;24044921205;2;1;0;0;1;0;0;0;0;0;0;0;0;0;0;0;1;0;0;
2004 49 2;325;24044920657;15;0;1;1;1;0;0;0;0;0;0;0;0;0;0;0;0;0;0;
2004 49 2;326;24044921287;8;0;0;0;1;1;0;0;0;0;0;0;0;0;0;0;0;0;0;
2004 49 2;327;24044920881;8;1;0;0;0;0;0;0;0;0;0;0;0;0;0;0;0;0;0;
2004 49 2;328;24044921235;8;1;0;0;1;0;0;0;0;0;0;0;0;0;0;0;1;0;0;
2004 49 2;329;24044921152;8;1;0;0;1;0;0;0;0;0;0;0;0;0;0;0;0;0;0;
2004 49 2;330;24044850170;8;0;0;0;1;0;1;0;0;0;0;0;0;0;0;0;0;0;0;
2004 49 2;331;24044911110;8;0;0;1;1;1;0;0;0;0;0;0;0;0;0;0;1;0;0;
2004 49 2;332;24044920880;8;1;0;0;0;0;0;0;0;0;0;0;0;0;0;0;0;0;0;
2004 49 2;333;24044920726;8;1;0;0;0;0;0;0;0;0;0;0;0;0;0;0;0;0;0;
2004 49 2;334;24044920871;8;1;0;0;0;0;0;0;0;0;0;0;0;0;0;0;0;0;0;
2004 49 2;335;24045040011;3;0;0;1;1;1;0;0;0;0;0;0;0;0;0;0;1;0;0;
2004 49 2;336;24044921317;3;0;1;0;1;0;0;0;0;0;0;0;0;0;0;0;0;0;0;
2004 49 2;337;24044920795;3;0;0;0;1;1;0;0;0;0;0;0;0;0;0;0;0;0;0;
2004 49 2;338;24044920703;3;1;0;0;1;0;0;0;0;0;0;0;0;0;0;0;0;0;0;
2004 49 2;339;24044930016;3;0;0;1;0;1;0;0;0;0;0;0;0;0;0;0;0;0;0;
2004 49 2;340;24045040300;3;0;1;0;1;0;0;0;0;1;0;0;0;0;0;0;0;0;1;
2004 49 2;341;24044920948;11;1;0;0;1;0;0;0;0;0;0;0;0;0;0;0;0;0;0;
2004 49 2;342;24044930467;11;1;0;0;0;0;0;0;0;0;0;0;0;0;0;0;0;0;0;
2004 49 2;343;24044921381;11;0;0;0;1;0;1;0;0;0;0;0;0;0;0;0;0;0;0;
2004 49 2;344;24044911348;11;0;0;1;1;1;0;0;0;0;0;0;0;0;0;0;1;0;0;
2004 49 2;345;24044920976;11;1;0;0;1;0;0;0;0;0;0;0;0;0;0;0;0;0;0;
2004 49 2;346;24044920927;11;1;0;0;1;0;0;0;0;0;0;0;0;0;0;0;0;0;0;
2004 49 2;347;24044920870;10;0;0;0;0;1;0;0;1;0;0;0;0;0;0;0;0;0;0;
2004 49 2;348;24050220010;10;0;1;0;1;0;0;0;0;0;0;0;0;0;0;0;0;0;0;
2004 49 2;349;24044910736;10;1;0;1;1;0;0;1;0;0;1;0;0;0;0;0;1;0;0;
2004 49 2;350;24044920781;10;0;0;0;1;1;0;0;0;0;0;0;0;0;0;0;0;0;0;
2004 49 2;351;24044920869;2;1;0;0;0;0;0;0;0;0;0;0;0;0;0;0;0;0;0;
2004 49 2;352;24044921217;2;1;0;0;1;0;0;0;0;0;0;0;0;0;0;0;1;0;0;
2004 49 2;353;24044850159;10;0;0;1;1;1;0;0;0;0;0;0;0;0;0;0;0;0;0;
2004 49 2;354;24044920686;10;1;0;0;0;0;0;0;0;0;0;0;0;0;0;0;0;0;0;
2004 49 2;355;24044921329;14;0;0;0;1;1;0;0;0;0;0;0;0;0;0;0;1;0;0;
2004 49 2;356;24044921394;4;0;0;0;1;0;1;0;0;0;0;0;0;0;0;0;0;0;0;
2004 49 2;357;24044930329;11;0;0;1;1;1;0;0;0;0;0;0;0;0;0;0;0;0;0;
2004 49 2;358;24044920817;11;1;0;0;0;0;0;0;0;0;0;0;0;0;0;0;0;0;0;
2004 49 2;359;24044920947;11;1;0;0;1;0;0;0;0;0;0;0;0;0;0;0;0;0;0;
2004 49 2;360;24044920908;11;1;0;0;1;0;0;0;0;0;0;0;0;0;0;0;0;0;0;
2004 49 2;361;24044910980;3;0;0;1;1;1;0;0;0;0;1;0;0;0;0;0;1;0;1;
2004 49 2;362;24044921319;3;0;1;0;1;0;0;0;0;0;0;0;0;0;0;0;0;0;0;
2004 49 2;363;24044911059;3;1;0;0;0;0;0;0;0;0;0;0;0;0;0;0;0;0;0;
2004 49 2;364;24044920521;3;1;0;0;1;0;0;0;0;0;0;0;0;0;0;0;1;0;0;
2004 49 2;365;24044920718;3;0;0;0;1;1;0;0;0;0;0;0;0;0;0;0;0;0;0;
2004 49 2;366;24044920789;3;0;1;1;1;0;0;0;0;0;0;0;0;0;0;0;0;0;0;
2004 49 2;367;24044920733;3;1;0;0;1;0;0;0;0;0;1;0;0;1;1;0;1;0;1;
2004 49 2;368;24044610856;4;0;0;0;1;0;1;0;0;0;0;0;0;0;0;0;0;0;0;
2004 49 2;369;24044920943;11;1;0;0;1;0;0;0;0;0;0;0;0;0;0;0;0;0;0;
2004 49 2;370;24044920303;11;0;0;1;0;1;0;0;0;1;0;0;0;0;0;0;0;0;0;
2004 49 2;371;24044920957;11;1;0;0;1;0;0;0;0;0;0;0;0;0;0;0;0;0;0;
2004 49 2;372;24044920717;11;0;0;0;1;1;0;0;0;0;0;0;0;0;0;0;0;0;0;
2004 49 2;373;24044921093;11;1;0;0;1;0;0;0;0;0;0;0;0;0;0;0;0;0;0;
2004 49 2;374;24044920924;11;1;0;0;1;0;0;0;0;0;0;0;0;0;0;0;0;0;0;
2004 49 2;375;24045120103;11;0;1;1;0;0;0;0;0;0;0;0;0;0;0;0;0;0;0;
2004 49 2;376;24044920937;11;1;0;0;1;0;0;0;0;0;0;0;0;0;0;0;0;0;0;
2004 49 2;377;24044920782;9;0;0;0;1;1;0;0;0;0;0;0;0;0;0;0;0;0;0;
2004 49 2;378;24044920415;9;1;0;0;1;0;0;0;0;0;0;0;0;0;0;0;1;0;0;
2004 49 2;379;24044910950;9;0;0;1;1;1;0;0;0;0;0;0;0;0;0;0;0;0;0;
2004 49 2;380;24044920492;9;1;0;0;1;0;0;0;0;0;0;0;0;0;0;0;1;0;0;
2004 49 2;381;24044921313;9;0;1;0;1;0;0;0;0;0;0;0;0;0;0;0;0;0;0;
2004 49 2;382;24044921304;9;0;0;0;0;1;0;0;0;0;0;0;0;1;1;0;0;0;1;
2004 49 2;383;24044910738;15;1;0;1;1;0;0;1;0;0;1;0;0;0;0;0;1;0;0;
2004 49 2;384;24044920531;4;0;0;0;1;0;1;0;0;0;0;0;0;0;0;0;0;0;0;
2004 49 2;385;24044910939;7;1;0;0;1;0;0;0;1;0;0;0;0;0;0;0;0;0;0;
2004 49 2;386;24044921324;14;0;1;0;1;0;0;0;0;0;0;0;0;0;0;0;0;0;0;
2004 49 2;387;24044850241;15;0;0;1;1;1;0;0;0;0;0;0;0;0;0;0;0;0;0;
2004 49 2;388;24044921336;7;1;0;0;1;0;0;0;0;0;0;0;0;0;0;0;1;0;0;
2004 49 2;389;24044920635;7;1;0;0;0;0;0;0;0;0;0;0;0;0;0;0;0;0;0;
2004 49 2;390;24044920644;7;1;0;0;1;0;0;0;0;0;0;0;0;0;0;0;1;0;0;
2004 49 2;391;24044920761;3;0;1;0;0;0;0;0;0;0;0;0;0;0;0;0;0;0;0;
2004 49 2;392;24044840532;3;0;0;1;1;1;0;0;0;0;0;0;0;0;0;0;0;0;0;
2004 49 2;393;24044910964;7;1;0;0;1;0;0;0;0;0;0;0;0;0;0;0;1;0;0;
2004 49 2;394;24044920501;7;1;0;0;0;0;0;0;0;0;0;0;0;0;0;0;0;0;0;
2004 49 2;395;24044911014;7;1;0;0;1;0;0;0;0;0;0;0;0;0;0;0;1;0;0;
2004 49 2;396;24044920739;3;0;1;0;1;0;0;0;1;0;0;0;0;0;0;0;0;0;0;
2004 49 2;397;24044840535;3;0;0;1;1;1;0;0;0;0;0;0;0;0;0;0;0;0;0;
2004 49 2;398;24044920883;8;1;0;0;0;0;0;0;0;0;0;0;0;0;0;0;0;0;0;
2004 49 2;399;24044921238;8;1;0;0;1;0;0;0;0;0;0;0;0;0;0;0;1;0;0;
2004 49 2;400;24044920874;8;1;0;0;0;0;0;0;0;0;0;0;0;0;0;0;0;0;0;
2004 49 2;401;24044850238;15;0;0;1;1;1;0;0;0;0;0;0;0;0;0;0;0;0;0;
2004 49 2;402;24044920096;4;0;0;0;1;0;1;0;0;0;0;0;0;0;0;0;0;0;0;
2004 49 2;403;24044921387;9;0;0;0;1;1;0;0;0;0;0;0;0;0;0;0;1;0;0;
2004 49 2;404;24044920877;8;1;0;0;0;0;0;0;0;0;0;0;0;0;0;0;0;0;0;
2004 49 2;405;24044921342;9;1;0;0;1;0;0;0;0;0;0;0;0;0;0;0;1;0;1;
2004 49 2;406;24044920775;9;0;0;0;0;1;0;0;0;0;0;1;0;0;0;0;0;0;0;
2004 49 2;407;24044920477;9;1;0;0;1;0;0;0;0;0;0;0;0;0;0;0;1;0;0;
2004 49 2;408;24045040162;9;0;0;1;0;1;0;0;0;0;0;0;0;0;0;0;0;0;0;
2004 49 2;409;24044920009;9;1;0;0;1;0;0;0;0;1;0;0;0;0;0;0;0;0;0;
2004 49 2;410;24044920497;9;1;0;0;1;0;0;0;0;0;0;0;0;0;0;0;1;0;0;
2004 49 2;411;24044921314;9;0;1;0;1;0;0;0;0;0;0;0;0;0;0;0;0;0;0;
2004 49 2;412;24044920756;9;1;0;0;1;0;0;0;0;0;0;0;0;0;0;0;0;0;0;
2004 49 2;413;24045050152;9;0;0;1;0;1;0;0;0;0;0;0;0;0;0;0;0;0;0;
2004 49 2;414;24044930381;9;1;0;0;1;0;0;0;0;0;0;0;0;0;0;0;1;0;1;
2004 49 2;415;24044920193;4;0;0;0;1;0;1;0;0;0;0;0;0;0;0;0;0;0;0;
2004 49 2;416;24044920885;8;1;0;0;0;0;0;0;0;0;0;0;0;0;0;0;0;0;0;
2004 49 2;417;24044920417;8;1;0;0;0;0;0;0;0;0;0;0;0;0;0;0;0;0;0;
2004 49 2;418;24050240002;15;0;1;1;1;0;0;0;0;0;0;0;0;0;0;0;0;0;0;
2004 49 2;419;24044921364;4;0;0;0;1;1;0;0;0;0;0;0;0;0;0;0;0;0;0;
2004 49 2;420;24044921175;11;1;0;0;1;0;0;0;0;0;0;0;0;0;0;0;1;0;0;
2004 49 2;421;24044921252;11;0;0;0;1;1;0;0;0;0;0;0;0;0;0;0;0;0;0;
2004 49 2;422;24044920905;11;1;0;0;1;0;0;0;0;0;0;0;0;0;0;0;0;0;0;
2004 49 2;423;24044920302;11;0;0;1;0;1;0;0;0;1;0;0;0;0;0;0;0;0;0;
2004 49 2;424;24044920836;11;1;0;0;0;0;0;0;0;0;0;0;0;0;0;0;0;0;0;
2004 49 2;425;24044920786;11;0;0;0;1;0;1;0;0;0;0;0;0;0;0;0;0;0;0;
2004 49 2;426;24044921109;11;1;0;0;1;0;0;0;0;0;0;0;0;0;0;0;0;0;0;
2004 49 2;427;24044930332;11;0;0;1;1;1;0;0;0;0;0;0;0;0;0;0;0;0;0;
2004 49 2;428;24044920912;11;1;0;0;1;0;0;0;0;0;0;0;0;0;0;0;0;0;0;
2004 49 2;429;24044921100;11;1;0;0;1;0;0;0;0;0;0;0;0;0;0;0;0;0;0;
2004 49 2;430;24044920800;3;0;0;0;1;1;0;0;0;0;0;0;0;1;1;0;1;0;0;
2004 49 2;431;24044911703;3;0;1;1;0;0;0;0;0;0;0;0;0;0;0;0;0;0;1;
2004 49 2;432;24044921141;8;1;0;0;1;0;0;0;0;0;0;0;0;0;0;0;0;0;0;
2004 49 2;433;24044921034;8;1;0;0;1;0;0;0;0;0;0;0;0;0;0;0;0;0;0;
2004 49 2;434;24044920414;8;1;0;0;0;0;0;0;0;0;0;0;0;0;0;0;0;0;0;
2004 49 2;435;24044921369;12;0;0;0;0;1;0;0;0;0;0;1;0;0;0;0;0;0;0;
2004 49 2;436;24044920676;15;0;1;1;0;0;0;0;0;0;0;0;0;0;0;0;0;0;0;
2004 49 2;437;24044921232;8;1;0;0;1;0;0;0;0;0;0;0;0;0;0;0;1;0;0;
2004 49 2;438;24044920063;15;0;0;0;1;0;1;0;0;0;0;0;0;0;0;0;0;0;0;
2004 49 2;439;24044920803;15;1;0;0;1;0;0;0;0;0;0;0;0;0;0;0;0;0;0;
2004 49 2;440;24044930336;15;0;0;1;1;1;0;0;0;0;0;0;0;0;0;0;0;0;0;
2004 49 2;441;24044920498;15;1;0;0;1;0;0;0;0;0;0;0;0;0;0;0;1;0;0;
2004 49 2;442;24045210106;15;0;1;0;1;0;0;0;0;0;0;0;0;0;0;0;0;0;0;
2004 49 2;443;24044920787;15;1;0;0;0;0;0;0;0;0;0;0;0;0;0;0;0;0;0;
2004 49 2;444;24044930338;15;0;0;1;1;1;0;0;0;0;0;0;0;0;0;0;0;0;0;
2004 49 2;445;24044921200;2;1;0;0;1;0;0;0;0;0;0;0;0;0;0;0;1;0;0;
2004 49 2;446;24044921281;2;0;0;0;1;1;0;0;0;0;0;0;0;0;0;0;0;0;0;
2004 49 2;447;24044920689;2;1;0;0;1;0;0;0;0;0;0;0;0;0;0;0;0;0;0;
2004 49 2;448;24044920547;15;0;0;1;0;1;0;0;0;0;0;0;0;0;0;0;0;0;0;
2004 49 2;449;24044921022;2;1;0;0;1;0;0;0;0;0;0;0;0;0;0;0;0;0;0;
2004 49 2;450;24044920863;2;1;0;0;0;0;0;0;0;0;0;0;0;0;0;0;0;0;0;
2004 49 2;451;24044920114;4;0;0;0;1;0;1;0;0;0;0;0;0;0;0;0;0;0;0;
2004 49 2;452;24044920503;9;1;0;0;1;0;0;0;0;0;0;0;0;0;0;0;1;0;0;
2004 49 2;453;24045050151;9;0;0;1;0;1;0;0;0;0;0;0;0;0;0;0;0;0;0;
2004 49 2;454;24044920643;9;1;0;0;1;0;0;0;0;0;0;0;0;0;0;0;0;0;0;
2004 49 2;455;24044930445;9;1;0;0;1;0;0;0;0;0;0;0;0;0;0;0;1;0;0;
2004 49 2;456;24045050149;9;0;0;1;0;1;0;0;0;0;0;0;0;0;0;0;0;0;0;
2004 49 2;457;24044930383;9;1;0;0;1;0;0;0;1;0;0;0;0;0;0;0;0;0;0;
2004 49 2;458;24044921357;9;0;0;0;1;1;0;0;0;0;0;1;0;0;0;0;1;0;0;
2004 49 2;459;24044920945;11;1;0;0;1;0;0;0;0;0;0;0;0;0;0;0;0;0;0;
2004 49 2;460;24044930328;11;0;0;1;1;1;0;0;0;0;0;0;0;0;0;0;0;0;0;
2004 49 2;461;24044921180;11;1;0;0;1;0;0;0;0;0;0;0;0;0;0;0;1;0;0;
2004 49 2;462;24044920897;11;1;0;0;1;0;0;0;0;0;0;0;0;0;0;0;0;0;0;
2004 49 2;463;24044920291;11;0;0;1;0;1;0;0;0;0;0;0;0;0;0;0;0;0;0;
2004 49 2;464;24044921155;11;1;0;0;1;0;0;0;0;0;0;0;0;0;0;0;1;0;0;
2004 49 2;465;24044920042;4;0;0;0;1;0;1;0;0;0;0;0;0;0;0;0;0;0;0;
2004 49 2;466;24044920683;4;1;0;0;1;0;0;0;0;0;0;0;0;0;0;0;0;0;0;
2004 49 2;467;24044930191;4;0;0;1;1;1;0;0;0;0;0;0;0;0;0;0;0;0;0;
2004 49 2;468;24044920980;2;1;0;0;1;0;0;0;0;0;0;0;0;0;0;0;0;0;0;
2004 49 2;469;24044921207;2;1;0;0;1;0;0;0;0;0;0;0;0;0;0;0;1;0;0;
2004 49 2;470;24044921400;2;0;1;0;0;0;0;0;0;0;0;0;0;0;0;0;0;0;0;
2004 49 2;471;24044921026;2;1;0;0;1;0;0;0;0;0;0;0;0;0;0;0;0;0;0;
2004 49 2;472;24044930441;12;0;0;1;1;1;0;0;0;0;0;0;0;0;0;0;1;0;0;
2004 49 2;473;24044921099;11;1;0;0;1;0;0;0;0;0;0;0;0;0;0;0;0;0;0;
2004 49 2;474;24044920815;11;1;0;0;0;0;0;0;0;0;0;0;0;0;0;0;0;0;0;
2004 49 2;475;24044921322;14;0;1;0;1;0;0;0;0;0;0;0;0;0;0;0;0;0;0;
2004 49 2;476;24044920785;14;0;0;1;1;1;0;0;0;0;0;0;0;0;0;0;0;0;0;
2004 49 2;477;24044920515;14;1;0;0;1;0;0;0;0;0;0;0;0;0;0;0;1;0;0;
2004 49 2;478;24044920067;4;0;0;0;1;0;1;0;0;0;0;0;0;0;0;0;0;0;0;
2004 49 2;479;24044921044;8;1;0;0;1;0;0;0;0;0;0;0;0;0;0;0;0;0;0;
2004 49 2;480;24044920551;14;0;0;1;0;1;0;0;0;0;0;0;0;0;0;0;0;0;0;
2004 49 2;481;24044920504;8;1;0;0;1;0;0;0;0;0;0;0;0;0;0;0;1;0;1;
2004 49 2;482;24044920487;8;1;0;0;0;0;0;0;0;0;0;0;0;0;0;0;0;0;0;
2004 49 2;483;24050120105;8;0;1;0;1;0;0;0;0;0;0;0;0;0;0;0;0;0;0;
2004 49 2;484;24044921242;8;1;0;0;1;0;0;0;0;0;0;0;0;0;0;0;1;0;0;
2004 49 2;485;24045050132;8;0;0;1;0;1;0;0;0;0;0;0;0;0;0;0;0;0;0;
2004 49 2;486;24044921146;8;1;0;0;1;0;0;0;0;0;0;0;0;0;0;0;0;0;0;
2004 49 2;487;24044921057;8;1;0;0;1;0;0;0;0;0;0;0;0;0;0;0;0;0;0;
2004 49 2;488;24044920776;8;0;0;0;1;1;0;0;0;0;0;0;1;0;0;0;0;0;0;
2004 49 2;489;24044920939;11;1;0;0;1;0;0;0;0;0;0;0;0;0;0;0;0;0;0;
2004 49 2;490;24044920548;11;0;0;1;1;1;0;0;0;0;0;0;0;0;0;0;1;0;0;
2004 49 2;491;24044921390;11;0;0;0;1;0;1;0;0;0;0;0;0;0;0;0;0;0;0;
2004 49 2;492;24044920840;11;1;0;0;0;0;0;0;0;0;0;0;0;0;0;0;0;0;0;
2004 49 2;493;24044920709;11;1;0;0;1;0;0;0;0;1;0;0;0;0;0;0;0;0;0;
2004 49 2;494;24044930012;11;0;0;1;1;1;0;0;0;0;0;0;0;0;0;0;0;0;0;
2004 49 2;495;24044921157;11;1;0;0;1;0;0;0;0;0;0;0;0;0;0;0;1;0;0;
2004 49 2;496;24044920767;11;0;0;0;0;1;0;0;0;0;0;0;0;1;1;0;0;0;0;
2004 49 2;497;24044920630;11;1;0;0;1;0;0;0;0;0;0;0;0;0;0;0;0;0;1;
2004 49 2;498;24044850115;11;1;0;1;1;0;0;0;0;0;1;0;0;0;0;0;0;0;0;
2004 49 2;499;24044921399;14;0;1;0;1;0;0;0;1;0;0;0;0;0;0;0;1;0;0;
2004 49 2;500;24044921385;14;0;0;0;1;1;0;0;0;0;0;0;0;0;0;0;0;0;0;
2004 49 2;501;24044920890;11;1;0;0;1;0;0;0;0;0;0;0;0;0;0;0;0;0;0;
2004 49 2;502;24044921098;11;1;0;0;1;0;0;0;0;0;0;0;0;0;0;0;0;0;0;
2004 49 2;503;24044930323;11;0;0;1;0;1;0;0;0;1;0;0;0;0;0;0;0;0;0;
2004 49 2;504;24044920975;11;1;0;0;1;0;0;0;0;0;0;0;0;0;0;0;0;0;0;
2004 49 2;505;24044920069;4;0;0;0;1;0;1;0;0;0;0;0;0;0;0;0;0;0;0;
2004 49 2;506;24044921186;11;1;0;0;1;0;0;0;0;0;0;0;0;0;0;0;1;0;0;
2004 49 2;507;24045040097;11;0;0;1;0;1;0;0;0;0;0;0;0;0;0;0;0;0;0;
2004 49 2;508;24044921071;11;1;0;0;1;0;0;0;0;0;0;0;0;0;0;0;0;0;0;
2004 49 2;509;24044921258;11;0;0;0;1;1;0;0;0;0;0;0;0;0;0;0;0;0;0;
2004 49 2;510;24044920508;11;1;0;0;1;0;0;0;0;0;0;0;0;0;0;0;1;0;1;
2004 49 2;511;24044920841;11;1;0;0;0;0;0;0;0;0;0;0;0;0;0;0;0;0;0;
2004 49 2;512;24045040160;11;0;0;1;1;1;0;0;0;0;0;0;0;0;0;0;0;0;0;
2004 49 2;513;24045040292;11;0;1;0;1;0;0;0;0;0;0;0;0;0;0;0;1;0;0;
2004 49 2;514;24044920906;11;1;0;0;1;0;0;0;0;0;0;0;0;0;0;0;0;0;0;
2004 49 2;515;24044920839;11;1;0;0;0;0;0;0;0;0;0;0;0;0;0;0;0;0;0;
2004 49 2;516;24044920306;15;0;0;1;1;1;0;0;0;0;0;0;0;0;0;0;1;0;1;
2004 49 2;517;24044920092;4;0;0;0;1;0;1;0;0;0;0;0;0;0;0;0;0;0;0;
2004 49 2;518;24044920990;2;1;0;0;1;0;0;0;0;0;0;0;0;0;0;0;0;0;0;
2004 49 2;519;24044921113;2;1;0;0;1;0;0;0;0;0;0;0;0;0;0;0;0;0;0;
2004 49 2;520;24044930335;15;0;0;1;1;1;0;0;0;0;0;0;0;0;0;0;0;0;0;
2004 49 2;521;24044921233;8;1;0;0;1;0;0;0;0;0;0;0;0;0;0;0;1;0;0;
2004 49 2;522;24045050175;8;0;0;0;0;1;0;0;0;1;0;0;0;0;0;0;0;0;0;
2004 49 2;523;24044921049;8;1;0;0;1;0;0;0;0;0;0;0;0;0;0;0;0;0;0;
2004 49 2;524;24044911674;3;0;1;1;1;0;0;0;0;0;0;0;0;0;0;0;0;0;1;
2004 49 2;525;24044910996;7;1;0;0;1;0;0;0;0;0;0;0;0;0;0;0;1;0;0;
2004 49 2;526;24044911015;7;1;0;0;1;0;0;0;0;0;0;0;0;0;0;0;1;0;0;
2004 49 2;527;24044920751;3;0;0;0;1;1;0;0;0;0;0;0;0;0;0;0;0;0;0;
2004 49 2;528;24044921388;3;0;1;0;1;0;0;0;0;0;0;0;0;0;0;0;1;0;0;
2004 49 2;529;24044920798;3;1;0;1;0;0;0;0;0;0;0;0;0;0;0;0;0;0;0;
2004 49 2;530;24044920478;3;0;0;0;1;0;1;0;0;0;0;0;0;0;0;0;0;0;0;
2004 49 2;531;24044920687;3;0;0;0;1;1;0;0;0;0;1;0;1;0;0;0;0;0;0;
2004 49 2;532;24044911048;3;1;0;0;0;0;0;0;0;0;0;0;0;0;0;0;0;0;0;
2004 49 2;533;24044921403;3;0;1;0;1;0;0;0;1;0;0;0;0;0;0;0;1;0;0;
2004 49 2;534;24045040106;3;0;0;1;0;1;0;0;0;0;0;0;0;0;0;0;0;0;0;
2004 49 2;535;24044920978;2;1;0;0;1;0;0;0;0;0;0;0;0;0;0;0;0;0;0;
2004 49 2;536;24044920997;2;1;0;0;1;0;0;0;0;0;0;0;0;0;0;0;0;0;0;
2004 49 2;537;24044920631;3;1;0;0;1;0;0;0;0;0;0;0;0;0;0;0;1;0;1;
2004 49 2;538;24044921306;3;0;1;0;1;0;0;0;1;0;0;0;0;1;1;0;0;0;0;
2004 49 2;539;24044920295;15;0;0;1;0;1;0;0;0;0;0;0;0;0;0;0;0;0;0;
2004 49 2;540;24044921042;8;1;0;0;1;0;0;0;0;0;0;0;0;0;0;0;0;0;0;
2004 49 2;541;24044920420;8;1;0;0;0;0;0;0;0;0;0;0;0;0;0;0;0;0;0;
2004 49 2;542;24044920197;4;0;0;0;1;0;1;0;0;0;0;0;0;0;0;0;0;0;0;
2004 49 2;543;24044920549;15;0;0;1;1;1;0;0;0;0;0;0;0;0;0;0;1;0;0;
2004 49 2;544;24044920843;11;1;0;0;0;0;0;0;0;0;0;0;0;0;0;0;0;0;0;
2004 49 2;545;24044921256;11;0;0;0;1;1;0;0;0;0;0;0;0;0;0;0;0;0;0;
2004 49 2;546;24044920921;11;1;0;0;1;0;0;0;0;0;0;0;0;0;0;0;0;0;0;
2004 49 2;547;24044920915;11;1;0;0;1;0;0;0;0;0;0;0;0;0;0;0;0;0;0;
2004 49 2;548;24045130109;11;0;1;1;1;0;0;0;0;0;0;0;0;0;0;0;1;0;1;
2004 49 2;549;24044921251;11;0;0;0;1;1;0;0;0;0;0;0;0;0;0;0;0;0;0;
2004 49 2;550;24044920956;11;1;0;0;1;0;0;0;0;0;0;0;0;0;0;0;0;0;0;
2004 49 2;551;24044920833;11;1;0;0;0;0;0;0;0;0;0;0;0;0;0;0;0;0;0;
2004 49 2;552;24045130118;11;0;1;1;0;0;0;0;0;0;0;0;0;0;0;0;0;0;0;
2004 49 2;553;24044921189;11;1;0;0;1;0;0;0;0;0;0;0;0;0;0;0;1;0;0;
2004 49 2;554;24044920047;5;0;0;0;1;0;1;0;0;0;0;0;0;0;0;0;0;0;0;
2004 49 2;555;24044920825;11;1;0;0;0;0;0;0;0;0;0;0;0;0;0;0;0;0;0;
2004 49 2;556;24045040125;11;0;0;1;1;1;0;0;0;0;0;0;0;0;0;0;0;0;0;
2004 49 2;557;24044920969;11;1;0;0;1;0;0;0;0;0;0;0;0;0;0;0;0;0;0;
2004 49 2;558;24044920889;11;0;0;0;1;1;0;0;0;0;0;0;0;0;0;0;0;0;0;
2004 49 2;559;24044921192;11;1;0;0;1;0;0;0;0;0;0;0;0;0;0;0;1;0;0;
2004 49 2;560;24045050078;11;0;0;1;1;1;0;0;0;1;0;0;0;0;0;0;0;0;0;
2004 49 2;561;24044920828;11;1;0;0;0;0;0;0;0;0;0;0;0;0;0;0;0;0;0;
2004 49 2;562;24044920938;11;1;0;0;1;0;0;0;0;0;0;0;0;0;0;0;0;0;0;
2004 49 2;563;24044921382;3;0;0;0;1;1;0;0;0;0;0;0;0;0;0;0;0;0;1;
2004 49 2;564;24044921404;3;1;0;1;1;0;0;0;0;0;0;0;0;0;0;0;1;0;0;
2004 49 2;565;24044921318;3;0;1;0;1;0;0;0;0;0;0;0;0;0;0;0;0;0;0;
2004 49 2;566;24044911052;3;1;0;0;0;0;0;0;0;0;0;0;0;0;0;0;0;0;0;
2004 49 2;567;24044920044;4;0;0;0;1;0;1;0;0;0;0;0;0;0;0;0;0;0;0;
2004 49 2;568;24044910991;7;1;0;0;1;0;0;0;0;0;0;0;0;0;0;0;0;0;0;
2004 49 2;569;24044920520;7;1;0;0;1;0;0;0;0;0;0;0;0;0;0;0;1;0;0;
2004 49 2;570;24044930334;15;0;0;1;1;1;0;0;0;0;0;0;0;0;0;0;0;0;0;
2004 49 2;571;24044920695;2;0;1;0;0;0;0;0;0;0;0;0;0;0;0;0;0;0;0;
2004 49 2;572;24044920985;2;1;0;0;1;0;0;0;0;0;0;0;0;0;0;0;0;0;0;
2004 49 2;573;24044921014;2;1;0;0;1;0;0;0;0;0;0;0;0;0;0;0;0;0;0;
2004 49 2;574;24044940035;15;1;0;0;1;0;0;0;0;0;0;0;0;0;0;0;1;0;1;
2004 49 2;575;24044920298;15;0;0;1;0;1;0;0;0;1;0;0;0;0;0;0;0;0;0;
2004 49 2;576;24044930446;15;0;1;0;1;0;0;0;0;0;0;0;0;0;0;0;1;0;0;
2004 49 2;577;24044921124;2;1;0;0;1;0;0;0;0;0;0;0;0;0;0;0;0;0;0;
2004 49 2;578;24044921012;2;1;0;0;1;0;0;0;0;0;0;0;0;0;0;0;0;0;0;
2004 49 2;579;24045050160;5;0;0;1;1;1;0;0;0;0;0;0;0;0;0;0;1;0;0;
2004 49 2;580;24044930310;5;0;0;0;1;0;1;0;0;0;0;0;0;0;0;0;0;0;0;
2004 49 2;581;24044920773;5;0;0;0;1;1;0;0;0;0;0;1;0;0;0;0;0;0;0;
2004 49 2;582;24044920423;8;1;0;0;0;0;0;0;0;0;0;0;0;0;0;0;0;0;0;
2004 49 2;583;24044920666;8;0;0;1;1;1;0;0;0;0;0;0;0;0;0;0;1;0;1;
2004 49 2;584;24044921033;8;1;0;0;1;0;0;0;0;0;0;0;0;0;0;0;0;0;0;
2004 49 2;585;24044921139;8;1;0;0;1;0;0;0;0;0;0;0;0;0;0;0;0;0;0;
2004 49 2;586;24044840373;10;0;0;1;1;1;0;0;0;0;1;0;1;1;1;0;1;0;0;
2004 49 2;587;24044911057;8;1;0;0;0;0;0;0;0;0;0;0;0;0;0;0;0;0;0;
2004 49 2;588;24050120090;8;0;1;0;1;0;0;0;0;0;0;0;0;0;0;0;0;0;0;
2004 49 2;589;24044921147;8;1;0;0;1;0;0;0;0;0;0;0;0;0;0;0;0;0;0;
2004 49 2;590;24044920434;8;1;0;0;0;0;0;0;0;0;0;0;0;0;0;0;0;0;0;
2004 49 2;591;24044930437;8;0;0;1;1;1;0;0;0;0;0;0;0;0;0;0;1;0;1;
2004 49 2;592;24044921061;8;1;0;0;1;0;0;0;0;0;0;0;0;0;0;0;0;0;0;
2004 49 2;593;24044920195;4;0;0;0;1;0;1;0;0;0;0;0;0;0;0;0;0;0;0;
2004 49 2;594;24044921181;11;1;0;0;1;0;0;0;0;0;0;0;0;0;0;0;1;0;0;
2004 49 2;595;24044930321;11;0;0;1;0;1;0;0;0;1;0;0;0;0;0;0;0;0;0;
2004 49 2;596;24044921075;11;1;0;0;1;0;0;0;0;0;0;0;0;0;0;0;0;0;0;
2004 49 2;597;24044921191;11;1;0;0;1;0;0;0;0;0;0;0;0;0;0;0;1;0;0;
2004 49 2;598;24044921338;14;0;1;0;1;0;0;0;0;0;0;0;0;0;0;0;0;0;0;
2004 49 2;599;24045040090;14;0;0;1;0;1;0;0;0;0;0;0;0;0;0;0;0;0;1;
2004 49 2;600;24044920922;11;1;0;0;1;0;0;0;0;0;0;0;0;0;0;0;0;0;0;
2004 49 2;601;24044920963;11;1;0;0;1;0;0;0;0;0;0;0;0;0;0;0;0;0;0;
2004 49 2;602;24044920962;11;1;0;0;1;0;0;0;0;0;0;0;0;0;0;0;0;0;0;
2004 49 2;603;24044930438;11;0;0;1;1;1;0;0;0;0;0;0;0;0;0;0;1;0;0;
2004 49 2;604;24044930104;4;0;0;0;1;0;1;0;0;0;0;0;0;0;0;0;0;0;0;
2004 49 2;605;24044920855;2;1;0;0;0;0;0;0;0;0;0;0;0;0;0;0;0;0;0;
2004 49 2;606;24044921211;2;1;0;0;1;0;0;0;0;0;0;0;0;0;0;0;1;0;0;
2004 49 2;607;24044921011;2;1;0;0;1;0;0;0;0;0;0;0;0;0;0;0;0;0;0;
2004 49 2;608;24044921270;2;0;0;0;1;1;0;0;0;0;0;0;0;0;0;0;0;0;0;
2004 49 2;609;24044921115;2;1;0;0;1;0;0;0;0;0;0;0;0;0;0;0;0;0;0;
2004 49 2;610;24044920299;15;0;0;1;0;1;0;0;0;1;0;0;0;0;0;0;0;0;0;
2004 49 2;611;24044920984;2;1;0;0;1;0;0;0;0;0;0;0;0;0;0;0;0;0;0;
2004 49 2;612;24044920796;2;0;1;0;1;0;0;0;0;0;0;0;0;0;0;0;0;0;0;
2004 49 2;613;24044920856;2;1;0;0;0;0;0;0;0;0;0;0;0;0;0;0;0;0;0;
2004 49 2;614;24044930337;15;0;0;1;1;1;0;0;0;0;0;0;0;0;0;0;0;0;0;
2004 49 2;615;24044921209;2;1;0;0;1;0;0;0;0;0;0;0;0;0;0;0;1;0;0;
2004 49 2;616;24044920728;2;1;0;0;0;0;0;0;0;0;0;0;0;0;0;0;0;0;0;
2004 49 2;617;24044930103;4;0;0;0;1;0;1;0;0;0;0;0;0;0;0;0;0;0;0;
2004 49 2;618;24045050142;11;0;0;1;0;1;0;0;0;0;0;0;0;0;0;0;0;0;0;
2004 49 2;619;24044921188;11;1;0;0;1;0;0;0;0;0;0;0;0;0;0;0;1;0;0;
2004 49 2;620;24044921085;11;1;0;0;1;0;0;0;0;0;0;0;0;0;0;0;0;0;0;
2004 49 2;621;24044920671;11;0;0;1;0;1;0;0;1;0;1;0;0;0;0;0;0;0;0;
2004 49 2;622;24044921095;11;1;0;0;1;0;0;0;0;0;0;0;0;0;0;0;0;0;0;
2004 49 2;623;24044921253;11;0;0;0;1;1;0;0;0;0;0;0;0;0;0;0;0;0;0;
2004 49 2;624;24044920714;11;1;0;0;1;0;0;0;0;0;0;0;0;0;0;0;0;0;0;
2004 49 2;625;24045040095;11;0;0;1;1;1;0;0;0;0;0;0;0;0;0;0;1;0;0;
2004 49 2;626;24044921101;11;1;0;0;1;0;0;0;0;0;0;0;0;0;0;0;0;0;0;
2004 49 2;627;24044921243;14;0;0;0;1;1;0;0;0;0;0;0;0;0;0;0;0;0;1;
2004 49 2;628;24044920847;2;1;0;0;0;0;0;0;0;0;0;0;0;0;0;0;0;0;0;
2004 49 2;629;24045050153;14;0;0;1;0;1;0;0;0;0;0;0;0;0;0;0;0;0;0;
2004 49 2;630;24044930303;4;0;0;0;1;0;1;0;0;0;0;0;0;0;0;0;0;0;0;
2004 49 2;631;24044921065;11;1;0;0;1;0;0;0;0;0;0;0;0;0;0;0;0;0;0;
2004 49 2;632;24044921170;11;1;0;0;1;0;0;0;0;0;0;0;0;0;0;0;1;0;0;
2004 49 2;633;24045050143;11;0;0;1;0;1;0;0;0;0;0;0;0;0;0;0;0;0;0;
2004 49 2;634;24044920946;11;1;0;0;1;0;0;0;0;0;0;0;0;0;0;0;0;0;0;
2004 49 2;635;24044921259;11;0;0;0;1;1;0;0;0;0;0;0;0;0;0;0;0;0;0;
2004 49 2;636;24044920926;11;1;0;0;1;0;0;0;0;0;0;0;0;0;0;0;0;0;0;
2004 49 2;637;24044921179;11;1;0;0;1;0;0;0;0;0;0;0;0;0;0;0;1;0;0;
2004 49 2;638;24044930322;11;0;0;1;0;1;0;0;0;1;0;0;0;0;0;0;0;0;0;
2004 49 2;639;24044920964;11;1;0;0;1;0;0;0;0;0;0;0;0;0;0;0;0;0;0;
2004 49 2;640;24050330001;3;0;1;0;0;0;0;0;1;0;0;0;0;0;0;0;0;0;0;
2004 49 2;641;24044930452;3;1;0;0;1;0;0;0;0;0;0;0;0;0;0;0;1;0;1;
2004 49 2;642;24044930305;4;0;0;0;1;0;1;0;0;0;0;0;0;0;0;0;0;0;0;
2004 49 2;643;24044921068;11;1;0;0;1;0;0;0;0;0;0;0;0;0;0;0;0;0;0;
2004 49 2;644;24045130097;11;0;1;1;0;0;0;0;0;0;0;0;0;0;0;0;0;0;0;
2004 49 2;645;24044920968;11;1;0;0;1;0;0;0;0;0;0;0;0;0;0;0;0;0;0;
2004 49 2;646;24044920690;11;1;0;0;1;0;0;0;0;0;0;0;0;0;0;0;0;0;0;
2004 49 2;647;24044930463;11;0;0;0;1;1;0;0;0;0;0;0;0;0;0;0;0;0;0;
2004 49 2;648;24044921196;11;1;0;0;1;0;0;0;0;0;0;0;0;0;0;0;1;0;0;
2004 49 2;649;24044921401;11;0;1;1;1;0;0;0;0;0;0;0;0;0;0;0;0;0;0;
2004 49 2;650;24044920463;11;1;0;0;0;0;0;0;0;0;0;0;0;0;0;0;0;0;0;
2004 49 2;651;24044921230;8;1;0;0;1;0;0;0;0;0;0;0;0;0;0;0;1;0;0;
2004 49 2;652;24044921290;8;0;0;0;1;1;0;0;0;0;0;0;0;0;0;0;0;0;0;
2004 49 2;653;24044921142;8;1;0;0;1;0;0;0;0;0;0;0;0;0;0;0;0;0;0;
2004 49 2;654;24044920296;15;0;0;1;0;1;0;0;0;0;0;0;0;0;0;0;0;0;0;
2004 49 2;655;24044930266;4;0;0;0;1;0;1;0;0;0;0;0;0;0;0;0;0;0;0;
2004 49 2;656;24044920723;2;1;0;0;1;0;0;0;0;0;0;0;0;0;0;0;0;0;0;
2004 49 2;657;24044921215;2;1;0;0;1;0;0;0;0;0;0;0;0;0;0;0;1;0;0;
2004 49 2;658;24044920797;2;0;1;0;1;0;0;0;0;0;0;0;0;0;0;0;0;0;0;
2004 49 2;659;24044920999;2;1;0;0;1;0;0;0;0;0;0;0;0;0;0;0;0;0;0;
2004 49 2;660;24044920300;15;0;0;1;0;1;0;0;0;1;0;0;0;0;0;0;0;0;0;
2004 49 2;661;24044920996;2;1;0;0;1;0;0;0;0;0;0;0;0;0;0;0;0;0;0;
2004 49 2;662;24044921206;2;1;0;0;1;0;0;0;0;0;0;0;0;0;0;0;1;0;0;
2004 49 2;663;24044921284;2;0;0;0;1;1;0;0;0;0;0;0;0;0;0;0;0;0;0;
2004 49 2;664;24044920998;2;1;0;0;1;0;0;0;0;0;0;0;0;0;0;0;0;0;0;
2004 49 2;665;24044920802;3;0;1;1;0;0;0;0;0;0;0;0;0;0;0;0;0;0;0;
2004 49 2;666;24044920518;3;1;0;0;1;0;0;0;0;0;0;0;0;0;0;0;1;0;1;
2004 49 2;667;24044911053;3;1;0;0;0;0;0;0;0;0;0;0;0;0;0;0;0;0;0;
2004 49 2;668;24044920048;3;0;0;0;1;0;1;0;0;0;0;0;0;0;0;0;0;0;0;
2004 49 2;669;24045050136;3;0;0;1;1;1;0;0;0;0;0;0;0;0;0;0;1;0;0;
2004 49 2;670;24044920868;2;1;0;0;0;0;0;0;0;0;0;0;0;0;0;0;0;0;0;
2004 49 2;671;24044921017;2;1;0;0;1;0;0;0;0;0;0;0;0;0;0;0;0;0;0;
2004 49 2;672;24044921383;2;0;0;0;1;1;0;0;0;0;0;0;0;0;0;0;1;0;0;
2004 49 2;673;24044920770;2;1;0;1;1;0;0;0;0;0;0;0;0;0;0;0;0;0;0;
2004 49 2;674;24044920783;2;0;0;0;1;1;0;0;0;0;0;0;0;0;0;0;0;0;0;
2004 49 2;675;24044921220;2;1;0;0;1;0;0;0;0;0;0;0;0;0;0;0;1;0;0;
2004 49 2;676;24044920854;2;1;0;0;0;0;0;0;0;0;0;0;0;0;0;0;0;0;0;
2004 49 2;677;24044840533;3;0;0;1;1;1;0;0;0;0;0;0;0;0;0;0;0;0;0;
2004 49 2;678;24044930188;3;1;0;0;1;0;0;0;1;0;0;0;0;1;1;0;1;0;0;
2004 49 2;679;24045110113;3;0;1;0;1;0;0;0;0;0;0;0;0;0;0;0;0;0;0;
2004 49 2;680;24044920629;3;1;0;0;1;0;0;0;0;0;0;0;0;0;0;0;0;0;1;
2004 49 2;681;24044920059;3;0;0;0;1;0;1;0;0;0;0;0;0;0;0;0;0;0;0;
2004 49 2;682;24044840185;3;1;0;1;0;0;0;0;0;1;1;0;0;0;0;0;0;0;0;
2004 49 2;683;24044920527;3;1;0;0;1;0;0;0;0;0;0;0;0;0;0;0;1;0;0;
2004 49 2;684;24044920794;3;0;0;0;0;1;0;0;0;0;0;1;1;0;0;0;0;0;0;
2004 49 2;685;24044911054;3;1;0;0;0;0;0;0;0;0;0;0;0;0;0;0;0;0;0;
2004 49 2;686;24044911702;3;0;1;1;0;0;0;0;0;0;0;0;0;0;0;0;0;0;1;
2004 49 2;687;24044921174;11;1;0;0;1;0;0;0;0;0;0;0;0;0;0;0;1;0;0;
2004 49 2;688;24044920940;11;1;0;0;1;0;0;0;0;0;0;0;0;0;0;0;0;0;0;
2004 49 2;689;24044921255;11;0;0;0;1;1;0;0;0;0;0;0;0;0;0;0;0;0;0;
2004 49 2;690;24044920903;11;1;0;0;1;0;0;0;0;0;0;0;0;0;0;0;0;0;0;
2004 49 2;691;24044920753;11;0;1;1;1;0;0;0;0;0;0;0;0;0;0;0;0;0;0;
2004 49 2;692;24044920467;11;1;0;0;0;0;0;0;0;0;0;0;0;0;0;0;0;0;0;
2004 49 2;693;24044921158;11;1;0;0;1;0;0;0;0;0;0;0;0;0;0;0;1;0;0;
2004 49 2;694;24045040301;5;0;0;0;1;0;1;0;0;0;0;0;0;0;0;0;0;0;0;
2004 49 2;695;24045040128;5;0;0;1;1;1;0;0;0;0;0;0;0;0;0;0;0;0;0;
2004 49 2;696;24044921225;8;1;0;0;1;0;0;0;0;0;0;0;0;0;0;0;1;0;0;
2004 49 2;697;24044920428;8;1;0;0;0;0;0;0;0;0;0;0;0;0;0;0;0;0;0;
2004 49 2;698;24044920413;8;1;0;0;0;0;0;0;0;0;0;0;0;0;0;0;0;0;0;
2004 49 2;699;24044920260;9;0;0;1;1;1;0;0;1;0;1;0;1;0;0;0;1;0;1;
2004 49 2;700;24044921312;9;0;1;0;1;0;0;0;0;0;0;0;0;0;0;0;0;0;0;
2004 49 2;701;24044930376;9;1;0;0;1;0;0;0;0;0;0;0;0;0;0;0;1;0;0;
2004 49 2;702;24044921090;11;1;0;0;1;0;0;0;0;0;0;0;0;0;0;0;0;0;0;
2004 49 2;703;24044920457;11;1;0;0;0;0;0;0;0;0;0;0;0;0;0;0;0;0;0;
2004 49 2;704;24045040010;6;0;0;1;1;1;0;0;0;0;0;0;0;0;0;0;1;0;0;
2004 49 2;705;24044930131;4;0;0;0;1;0;1;0;0;0;0;0;0;0;0;0;0;0;0;
2004 49 2;706;24044921051;8;1;0;0;1;0;0;0;0;0;0;0;0;0;0;0;0;0;0;
2004 49 2;707;24044921052;8;1;0;0;1;0;0;0;0;0;0;0;0;0;0;0;0;0;0;
2004 49 2;708;24044921373;8;0;0;0;1;1;0;0;0;0;0;0;0;0;0;0;1;0;0;
2004 49 2;709;24044920431;8;1;0;0;0;0;0;0;0;0;0;0;0;0;0;0;0;0;0;
2004 49 2;710;24045050127;8;0;0;1;1;1;0;0;0;0;0;0;0;0;0;0;0;0;0;
2004 49 2;711;24044921144;8;1;0;0;1;0;0;0;0;0;0;0;0;0;0;0;0;0;0;
2004 49 2;712;24044921035;8;1;0;0;1;0;0;0;0;0;0;0;0;0;0;0;0;0;0;
2004 49 2;713;24044920693;5;0;0;0;1;1;0;0;0;0;0;0;0;0;0;0;0;0;0;
2004 49 2;714;24044921055;8;1;0;0;1;0;0;0;0;0;0;0;0;0;0;0;0;0;0;
2004 49 2;715;24045040091;8;0;0;1;0;1;0;0;0;0;0;0;0;0;0;0;0;0;1;
2004 49 2;716;24044921351;8;1;0;0;1;0;0;0;0;0;0;0;0;0;0;0;1;0;0;
2004 49 2;717;24044921040;8;1;0;0;1;0;0;0;0;0;0;0;0;0;0;0;0;0;0;
2004 49 2;718;24045040147;5;0;0;0;1;0;1;0;0;0;0;0;0;0;0;0;0;0;0;
2004 49 2;719;24045050158;11;0;0;1;1;1;0;0;0;0;0;0;0;0;0;0;1;0;0;
2004 49 2;720;24044920446;11;1;0;0;0;0;0;0;0;0;0;0;0;0;0;0;0;0;0;
2004 49 2;721;24044920934;11;1;0;0;1;0;0;0;0;0;0;0;0;0;0;0;0;0;0;
2004 49 2;722;24044920967;11;1;0;0;1;0;0;0;0;0;0;0;0;0;0;0;0;0;0;
2004 49 2;723;24045130101;11;0;1;1;0;0;0;0;0;0;0;0;0;0;0;0;0;0;0;
2004 49 2;724;24044920757;11;0;0;0;0;1;0;0;0;1;0;0;0;0;0;0;0;0;0;
2004 49 2;725;24044920901;11;1;0;0;1;0;0;0;0;0;0;0;0;0;0;0;0;0;0;
2004 49 2;726;24044921162;11;1;0;0;1;0;0;0;0;0;0;0;0;0;0;0;1;0;0;
2004 49 2;727;24045040099;11;0;0;1;1;1;0;0;0;0;0;0;0;0;0;0;0;0;0;
2004 49 2;728;24044921077;11;1;0;0;1;0;0;0;0;0;0;0;0;0;0;0;0;0;0;
2004 49 2;729;24044930064;4;0;0;0;1;0;1;0;0;0;0;0;0;0;0;0;0;0;0;
2004 49 2;730;24044920437;10;1;0;0;0;0;0;0;0;0;0;0;0;0;0;0;0;0;0;
2004 49 2;731;24044930340;10;0;0;1;1;1;0;0;0;0;0;0;0;0;0;0;0;0;0;
2004 49 2;732;24044921119;2;1;0;0;1;0;0;0;0;0;0;0;0;0;0;0;0;0;0;
2004 49 2;733;24044921212;2;1;0;0;1;0;0;0;0;0;0;0;0;0;0;0;1;0;0;
2004 49 2;734;24045040307;10;0;0;1;0;1;0;0;0;0;0;0;0;0;0;0;0;0;0;
2004 49 2;735;24044910946;10;1;0;0;0;0;0;0;1;0;0;0;0;0;0;0;0;0;0;
2004 49 2;736;24044921301;10;0;1;0;1;0;0;0;0;0;0;0;0;0;0;0;1;0;1;
2004 49 2;737;24044910735;10;1;0;1;1;0;0;1;0;0;1;0;0;0;0;0;1;0;0;
2004 49 2;738;24044930196;4;0;0;0;1;0;1;0;0;0;0;0;0;0;0;0;0;0;0;
2004 49 2;739;24044920979;2;1;0;0;1;0;0;0;0;0;0;0;0;0;0;0;0;0;0;
2004 49 2;740;24044921201;2;1;0;0;1;0;0;0;0;0;0;0;0;0;0;0;1;0;0;
2004 49 2;741;24044920678;15;0;1;1;0;0;0;0;0;0;0;0;0;0;0;0;0;0;0;
2004 49 2;742;24044921274;2;0;0;0;1;1;0;0;0;0;0;0;0;0;0;0;0;0;0;
2004 49 2;743;24044920864;2;1;0;0;0;0;0;0;0;0;0;0;0;0;0;0;0;0;0;
2004 49 2;744;24044921132;2;1;0;0;1;0;0;0;0;0;0;0;0;0;0;0;0;0;0;
2004 49 2;745;24044921199;2;1;0;0;1;0;0;0;0;0;0;0;0;0;0;0;1;0;0;
2004 49 2;746;24044920788;9;0;1;1;0;0;0;0;0;0;0;0;0;0;0;0;0;0;0;
2004 49 2;747;24045050167;9;0;0;0;1;1;0;0;0;0;0;0;0;0;0;0;0;0;0;
2004 49 2;748;24044911023;9;1;0;0;0;0;0;0;1;0;0;0;0;1;1;0;0;1;0;
2004 49 2;749;24044921340;9;0;0;0;1;1;0;0;0;0;0;1;0;0;0;0;1;0;0;
2004 49 2;750;24044840187;4;1;0;1;0;0;0;0;0;1;1;0;0;0;0;0;0;0;0;
2004 49 2;751;24045040262;4;0;0;0;1;0;1;0;0;0;0;0;0;0;0;0;0;0;0;
2004 49 2;752;24044920896;11;1;0;0;1;0;0;0;0;0;0;0;0;0;0;0;0;0;0;
2004 49 2;753;24044921110;11;1;0;0;1;0;0;0;0;0;0;0;0;0;0;0;0;0;0;
2004 49 2;754;24045050157;11;0;0;1;1;1;0;0;0;0;0;0;0;0;0;0;1;0;0;
2004 49 2;755;24044920960;11;1;0;0;1;0;0;0;0;0;0;0;0;0;0;0;0;0;0;
2004 49 2;756;24044921247;11;0;0;0;1;1;0;0;0;0;0;0;0;0;0;0;0;0;0;
2004 49 2;757;24044920447;11;1;0;0;0;0;0;0;0;0;0;0;0;0;0;0;0;0;0;
2004 49 2;758;24045040100;11;0;0;1;1;1;0;0;0;0;0;0;0;0;0;0;0;0;0;
2004 49 2;759;24044921195;11;1;0;0;1;0;0;0;0;0;0;0;0;0;0;0;1;0;0;
2004 49 2;760;24044921262;11;0;0;0;1;1;0;0;0;0;0;0;0;0;0;0;0;0;0;
2004 49 2;761;24044921074;11;1;0;0;1;0;0;0;0;0;0;0;0;0;0;0;0;0;0;
2004 49 2;762;24044920519;7;1;0;0;1;0;0;0;0;0;0;0;0;0;0;0;1;0;0;
2004 49 2;763;24044920716;10;0;0;1;0;1;0;0;0;0;0;0;0;0;0;0;0;0;0;
2004 49 2;764;24045040256;4;0;0;0;1;0;1;0;0;0;0;0;0;0;0;0;0;0;0;
2004 49 2;765;24044911008;7;1;0;0;1;0;0;0;0;0;0;0;0;1;1;0;1;0;0;
2004 49 2;766;24044930382;7;1;0;0;1;0;0;0;1;0;0;0;0;0;0;0;0;0;0;
2004 49 2;767;24045120096;3;0;1;1;0;0;0;0;0;0;0;0;0;0;0;0;0;0;1;
2004 49 2;768;24044921386;14;0;0;0;1;1;0;0;0;0;0;0;0;0;0;0;0;0;0;
2004 49 2;769;24044930413;7;1;0;0;1;0;0;0;0;0;0;0;0;0;0;0;1;0;0;
2004 49 2;770;24044920383;7;1;0;0;1;0;0;0;1;0;0;0;0;0;0;0;0;0;0;
2004 49 2;771;24044920510;7;1;0;0;1;0;0;0;0;0;0;0;0;0;0;0;1;0;0;
2004 49 2;772;24044920759;3;0;1;0;1;0;0;0;0;0;0;0;0;0;0;0;0;0;0;
2004 49 2;773;24045040110;3;0;0;1;1;1;0;0;0;0;0;0;0;0;0;0;0;0;0;
2004 49 2;774;24044920474;7;1;0;0;0;0;0;0;0;0;0;0;0;0;0;0;0;0;0;
2004 49 2;775;24044920525;7;1;0;0;1;0;0;0;0;0;0;0;0;0;0;0;1;0;0;
2004 49 2;776;24044921300;3;0;1;0;1;0;0;0;0;0;0;0;0;0;0;0;0;0;0;
2004 49 2;777;24044850235;3;1;0;1;1;0;0;0;0;0;1;0;0;0;0;0;0;0;1;
2004 49 2;778;24044920790;3;0;0;0;1;1;0;0;0;0;0;0;0;0;0;0;1;0;0;
2004 49 2;779;24044911040;3;1;0;0;0;0;0;0;0;0;0;0;0;0;0;0;0;0;0;
2004 49 2;780;24045150009;5;0;0;0;1;0;1;0;0;0;0;0;0;0;0;0;0;0;0;
2004 49 2;781;24044921184;11;1;0;0;1;0;0;0;0;0;0;0;0;0;0;0;1;0;0;
2004 49 2;782;24045040083;11;0;0;1;1;1;0;0;0;0;0;0;0;0;0;0;0;0;0;
2004 49 2;783;24044920459;11;1;0;0;0;0;0;0;0;0;0;0;0;0;0;0;0;0;0;
2004 49 2;784;24044920702;11;0;0;0;0;1;0;0;0;0;0;1;0;0;0;0;0;0;0;
2004 49 2;785;24044921079;11;1;0;0;1;0;0;0;0;0;0;0;0;0;0;0;0;0;0;
2004 49 2;786;24044920511;11;1;0;0;0;0;0;0;0;0;0;0;0;0;0;0;0;0;0;
2004 49 2;787;24045040103;11;0;0;1;1;1;0;0;0;0;0;0;0;0;0;0;0;0;0;
2004 49 2;788;24044921190;11;1;0;0;1;0;0;0;0;0;0;0;0;0;0;0;1;0;0;
2004 49 2;789;24044921370;6;0;0;0;1;1;0;0;1;1;0;0;0;1;1;0;0;0;1;
2004 49 2;790;24044921104;11;1;0;0;1;0;0;0;0;0;0;0;0;0;0;0;0;0;0;
2004 49 2;791;24045040082;11;0;0;1;1;1;0;0;0;0;0;0;0;0;0;0;0;0;0;
2004 49 2;792;24044920930;11;1;0;0;1;0;0;0;0;0;0;0;0;0;0;0;0;0;0;
2004 49 2;793;24044920735;11;0;0;0;0;1;0;0;0;0;0;0;0;0;1;0;0;0;0;
2004 49 2;794;24044920907;11;1;0;0;1;0;0;0;0;0;0;0;0;0;0;0;0;0;0;
2004 49 2;795;24044920954;11;1;0;0;1;0;0;0;0;0;0;0;0;0;0;0;0;0;0;
2004 49 2;796;24045040096;11;0;0;1;1;1;0;0;0;0;0;0;0;0;0;0;0;0;0;
2004 49 2;797;24044921194;11;1;0;0;1;0;0;0;0;0;0;0;0;0;0;0;1;0;0;
2004 49 2;798;24045040260;4;0;0;0;1;0;1;0;0;0;0;0;0;0;0;0;0;0;0;
2004 49 2;799;24044920949;11;1;0;0;1;0;0;0;0;0;0;0;0;0;0;0;0;0;0;
2004 49 2;800;24044920513;11;1;0;0;0;0;0;0;0;0;0;0;0;0;0;0;0;0;0;
2004 49 2;801;24044930212;11;0;0;1;1;1;0;0;0;0;0;0;0;0;0;0;1;0;1;
2004 49 2;802;24044920904;11;1;0;0;1;0;0;0;0;0;0;0;0;0;0;0;0;0;0;
2004 49 2;803;24044921303;11;0;0;0;0;1;0;0;1;0;1;0;0;0;0;0;0;0;0;
2004 49 2;804;24044920918;11;1;0;0;1;0;0;0;0;0;0;0;0;0;0;0;0;0;0;
2004 49 2;805;24044921177;11;1;0;0;1;0;0;0;0;0;0;0;0;0;0;0;1;0;0;
2004 49 2;806;24045040081;11;0;0;1;1;1;0;0;0;0;0;0;0;0;0;0;0;0;0;
2004 49 2;807;24044921094;11;1;0;0;1;0;0;0;0;0;0;0;0;0;0;0;0;0;0;
2004 49 2;808;24044921372;8;0;0;0;1;1;0;0;0;0;0;0;0;0;0;0;1;0;0;
2004 49 2;809;24044921137;8;1;0;0;1;0;0;0;0;0;0;0;0;0;0;0;0;0;0;
2004 49 2;810;24044920426;8;1;0;0;0;0;0;0;0;0;0;0;0;0;0;0;0;0;0;
2004 49 2;811;24045040264;4;0;0;0;1;0;1;0;0;0;0;0;0;0;0;0;0;0;0;
2004 49 2;812;24044921224;8;1;0;0;1;0;0;0;0;0;0;0;0;0;0;0;1;0;0;
2004 49 2;813;24045040080;15;0;0;1;1;1;0;0;0;0;0;0;0;0;0;0;0;0;0;
2004 49 2;814;24044920721;8;1;0;0;1;0;0;0;0;0;0;0;0;0;0;0;0;0;0;
2004 49 2;815;24044920750;8;0;0;0;0;1;0;0;0;1;0;0;0;0;0;0;0;0;0;
2004 49 2;816;24044921056;8;1;0;0;1;0;0;0;0;0;0;0;0;0;0;0;0;0;0;
2004 49 2;817;24044910739;15;1;0;1;1;0;0;1;0;0;1;0;0;0;0;0;1;0;0;
2004 49 2;818;24044921326;14;0;1;0;1;0;0;0;0;0;0;0;0;0;0;0;0;0;0;
2004 49 2;819;24044921371;14;0;0;0;0;1;0;0;0;0;0;0;0;0;0;0;0;0;0;
2004 49 2;820;24044920476;14;1;0;0;0;0;0;0;0;0;0;0;0;0;0;0;0;0;0;
2004 49 2;821;24045050072;14;0;0;1;0;1;0;0;0;0;0;0;0;0;0;0;0;0;0;
2004 49 2;822;24044920481;14;1;0;0;1;0;0;0;0;0;0;0;0;0;0;0;1;0;0;
2004 49 2;823;24045040261;4;0;0;0;1;0;1;0;0;0;0;0;0;0;0;0;0;0;0;
2004 49 2;824;24043630008;3;0;1;0;0;0;0;0;0;0;0;0;0;1;1;0;0;1;0;
2004 49 2;825;24044920509;3;1;0;0;1;0;0;0;0;0;0;0;0;0;0;0;0;0;1;
2004 49 2;826;24044920711;3;1;0;1;1;0;0;0;0;0;0;0;0;0;0;0;0;0;0;
2004 49 2;827;24044911038;3;1;0;0;0;0;0;0;0;0;0;0;0;0;0;0;0;0;0;
2004 49 2;828;24044920766;3;0;1;0;1;0;0;0;0;0;0;0;0;0;0;0;0;0;0;
2004 49 2;829;24044921368;3;0;0;0;1;1;0;0;0;0;0;0;0;0;0;0;0;0;0;
2004 49 2;830;24044921182;11;1;0;0;1;0;0;0;0;0;0;0;0;0;0;0;1;0;0;
2004 49 2;831;24045040104;11;0;0;1;1;1;0;0;0;0;0;0;0;0;0;0;0;0;0;
2004 49 2;832;24044920445;11;1;0;0;0;0;0;0;0;0;0;0;0;0;0;0;0;0;0;
2004 49 2;833;24044920516;11;1;0;0;1;0;0;0;0;0;0;0;0;0;0;0;1;0;0;
2004 49 2;834;24050120159;4;0;1;0;1;0;0;0;0;0;0;0;0;0;0;0;0;0;0;
2004 49 2;835;24044930189;4;0;0;1;1;1;0;0;0;0;0;0;0;0;0;0;0;0;0;
2004 49 2;836;24045040265;4;0;0;0;1;0;1;0;0;0;0;0;0;0;0;0;0;0;0;
2004 49 2;837;24044920691;4;0;0;0;1;1;0;0;0;1;0;0;0;0;0;0;0;0;0;
2004 49 2;838;24044921116;2;1;0;0;1;0;0;0;0;0;0;0;0;0;0;0;0;0;0;
2004 49 2;839;24044920777;6;0;0;1;0;1;0;0;1;0;1;0;0;0;0;0;0;0;1;
2004 49 2;840;24044930461;3;0;1;0;1;0;0;0;0;0;0;0;0;0;0;0;0;0;0;
2004 49 2;841;24044921208;2;1;0;0;1;0;0;0;0;0;0;0;0;0;0;0;1;0;0;
2004 49 2;842;24044920850;2;1;0;0;0;0;0;0;0;0;0;0;0;0;0;0;0;0;0;
2004 49 2;843;24044921130;2;1;0;0;1;0;0;0;0;0;0;0;0;0;0;0;0;0;0;
2004 49 2;844;24044911334;6;0;0;1;1;1;0;0;0;0;0;0;0;0;0;0;0;0;0;
2004 49 2;845;24044921327;6;0;1;0;1;0;0;0;0;0;0;0;0;0;0;0;1;0;1;
2004 49 2;846;24044920986;2;1;0;0;1;0;0;0;0;0;0;0;0;0;0;0;0;0;0;
2004 49 2;847;24044921136;2;1;0;0;1;0;0;0;0;0;0;0;0;0;0;0;0;0;0;
2004 49 2;848;24044920853;2;1;0;0;0;0;0;0;0;0;0;0;0;0;0;0;0;0;0;
2004 49 2;849;24045040258;4;0;0;0;1;0;1;0;0;0;0;0;0;0;0;0;0;0;0;
2004 49 2;850;24045040088;15;0;0;1;1;1;0;0;0;0;0;0;0;0;0;0;1;0;0;
2004 49 2;851;24044921009;2;1;0;0;1;0;0;0;0;0;0;0;0;0;0;0;0;0;0;
2004 49 2;852;24044921273;2;0;0;0;1;1;0;0;0;0;0;0;0;0;0;0;0;0;0;
2004 49 2;853;24044921120;2;1;0;0;1;0;0;0;0;0;0;0;0;0;0;0;0;0;0;
2004 49 2;854;24044920851;2;1;0;0;0;0;0;0;0;0;0;0;0;0;0;0;0;0;0;
2004 49 2;855;24044910936;15;0;0;1;1;1;0;0;0;0;1;1;0;1;1;0;1;0;0;
2004 49 2;856;24044921063;8;1;0;0;1;0;0;0;0;0;0;0;0;0;0;0;0;0;0;
2004 49 2;857;24044921349;8;0;1;0;0;0;0;0;0;0;0;0;0;0;0;0;0;0;0;
2004 49 2;858;24044920411;8;1;0;0;0;0;0;0;0;0;0;0;0;0;0;0;0;0;0;
2004 49 2;859;24044921050;8;1;0;0;1;0;0;0;0;0;0;0;0;0;0;0;0;0;0;
2004 49 2;860;24045040089;8;0;0;1;1;1;0;0;0;0;0;0;0;0;0;0;1;0;1;
2004 49 2;861;24044920430;8;1;0;0;0;0;0;0;0;0;0;0;0;0;0;0;0;0;0;
2004 49 2;862;24045040263;4;0;0;0;1;0;1;0;0;0;0;0;0;0;0;0;0;0;0;
2004 49 2;863;24044921097;11;1;0;0;1;0;0;0;0;0;0;0;0;0;0;0;0;0;0;
2004 49 2;864;24045040101;11;0;0;1;1;1;0;0;0;0;0;0;0;0;0;0;0;0;0;
2004 49 2;865;24044920451;11;1;0;0;0;0;0;0;0;0;0;0;0;0;0;0;0;0;0;
2004 49 2;866;24044920894;11;1;0;0;1;0;0;0;0;0;0;0;0;0;0;0;0;0;0;
2004 49 2;867;24044921315;9;0;1;0;1;0;0;0;0;0;0;0;0;0;0;0;0;0;0;
2004 49 2;868;24045050140;9;0;0;1;1;1;0;0;0;0;0;0;0;0;0;0;1;0;0;
2004 49 2;869;24044920473;9;1;0;0;1;0;0;0;0;0;0;0;0;0;0;0;0;0;0;
2004 49 2;870;24044920384;9;1;0;0;1;0;0;0;1;0;0;0;0;0;0;0;0;0;0;
2004 49 2;871;24044930400;9;1;0;0;1;0;0;0;0;0;0;0;0;0;0;0;1;0;0;
2004 49 2;872;24045050150;9;0;0;1;0;1;0;0;0;0;0;0;0;0;0;0;0;0;0;
2004 49 2;873;24045040259;4;0;0;0;1;0;1;0;0;0;0;0;0;0;0;0;0;0;0;
2004 49 2;874;24044921087;11;1;0;0;1;0;0;0;0;0;0;0;0;0;0;0;0;0;0;
2004 49 2;875;24044920917;11;1;0;0;1;0;0;0;0;0;0;0;0;0;0;0;0;0;0;
2004 49 2;876;24045040105;11;0;0;1;1;1;0;0;0;0;0;0;0;0;0;0;0;0;0;
2004 49 2;877;24044920523;11;1;0;0;0;0;0;0;0;0;0;0;0;0;0;0;0;0;0;
2004 49 2;878;24044921296;11;0;0;0;1;1;0;0;0;0;0;1;0;0;0;0;1;0;0;
2004 49 2;879;24044920909;11;1;0;0;1;0;0;0;0;0;0;0;0;0;0;0;0;0;0;
2004 49 2;880;24045050141;11;0;0;1;0;1;0;0;0;0;0;0;0;0;0;0;0;0;0;
2004 49 2;881;24044921073;11;1;0;0;1;0;0;0;0;0;0;0;0;0;0;0;0;0;0;
2004 49 2;882;24044921321;3;0;1;0;1;0;0;0;0;0;0;0;0;0;0;0;0;0;0;
2004 49 2;883;24044930371;7;1;0;0;1;0;0;0;0;0;0;0;0;0;0;0;1;0;0;
2004 49 2;884;24044850214;3;1;0;1;0;0;0;0;0;0;1;0;0;0;0;0;0;0;1;
2004 49 2;885;24044921295;3;0;0;0;1;1;0;0;0;0;0;0;0;0;0;0;1;0;0;
2004 49 2;886;24045040116;3;0;0;0;1;0;1;0;0;0;0;0;0;0;0;0;0;0;0;
2004 49 2;887;24044920746;3;0;1;0;0;0;0;0;0;0;0;0;0;0;0;0;0;0;0;
2004 49 2;888;24045050124;3;0;0;1;1;1;0;0;0;0;0;0;0;0;0;0;0;0;0;
2004 49 2;889;24044930418;3;1;0;0;1;0;0;0;0;0;0;0;0;0;0;0;1;0;0;
2004 49 2;890;24044911042;3;1;0;0;0;0;0;0;0;0;0;0;0;0;0;0;0;0;0;
2004 49 2;891;24044920749;3;0;0;0;0;1;0;0;0;1;0;0;0;0;0;0;0;0;0;
2004 49 2;892;24044850218;3;1;0;1;1;0;0;0;0;0;1;0;0;1;1;0;1;0;1;
2004 49 2;893;24045150037;3;0;1;0;1;0;0;0;0;0;0;0;0;0;0;0;0;0;0;
2004 49 2;894;24044921013;2;1;0;0;1;0;0;0;0;0;0;0;0;0;0;0;0;0;0;
2004 49 2;895;24044921216;2;1;0;0;1;0;0;0;0;0;0;0;0;0;0;0;1;0;0;
2004 49 2;896;24045050093;3;0;0;1;1;1;0;0;0;0;0;0;0;0;0;0;0;0;0;
2004 49 2;897;24044911068;3;1;0;0;0;0;0;0;0;0;0;0;0;0;0;0;0;0;0;
2004 49 2;898;24045210091;3;0;1;0;1;0;0;0;0;0;0;0;0;0;0;0;0;0;0;
2004 49 2;899;24044940047;3;1;0;1;1;0;0;0;0;0;0;0;0;0;0;0;0;0;0;
2004 49 2;900;24045050063;3;0;0;0;1;0;1;0;0;0;0;0;0;0;0;0;0;0;0;
2004 49 2;901;24044920507;3;1;0;0;1;0;0;0;0;0;0;0;0;0;0;0;0;0;0;
2004 49 2;902;24044920469;3;1;0;0;0;0;0;0;1;1;0;0;0;0;0;0;0;0;0;
2004 49 2;903;24044920705;3;0;1;1;1;0;0;0;0;0;1;0;0;0;0;0;0;0;1;
2004 49 2;904;24044911065;3;1;0;0;0;0;0;0;0;0;0;0;0;0;0;0;0;0;0;
2004 49 2;905;24044920763;3;0;0;0;1;1;0;0;0;0;0;0;0;0;0;0;1;0;0;
2004 49 2;906;24044921021;2;1;0;0;1;0;0;0;0;0;0;0;0;0;0;0;0;0;0;
2004 49 2;907;24044920865;2;1;0;0;0;0;0;0;0;0;0;0;0;0;0;0;0;0;0;
2004 49 2;908;24045220140;3;0;1;0;1;0;0;0;0;0;0;0;0;0;0;0;0;0;0;
2004 49 2;909;24045050135;3;0;0;1;1;1;0;0;0;0;0;0;0;0;0;0;1;0;1;
2004 49 2;910;24044921019;2;1;0;0;1;0;0;0;0;0;0;0;0;0;0;0;0;0;0;
2004 49 2;911;24044920993;2;1;0;0;1;0;0;0;0;0;0;0;0;0;0;0;0;0;0;
2004 49 2;912;24044921346;2;1;0;0;1;0;0;0;1;0;0;0;0;0;0;0;1;0;0;
2004 49 2;913;24045050147;9;0;0;1;0;1;0;0;0;0;0;0;0;0;0;0;0;0;0;
2004 49 2;914;24045040257;4;0;0;0;1;0;1;0;0;0;0;0;0;0;0;0;0;0;0;
2004 49 2;915;24044930398;9;1;0;0;1;0;0;0;0;0;0;0;0;0;0;0;1;0;0;
2004 49 2;916;24044920495;9;1;0;0;1;0;0;0;0;0;0;0;0;0;0;0;0;0;0;
2004 49 2;917;24044911071;9;0;0;1;1;1;0;0;1;0;1;0;1;1;1;0;0;0;1;
2004 49 2;918;24044930101;9;1;0;0;1;0;0;0;0;0;0;0;0;0;0;0;1;0;0;
2004 49 2;919;24045210099;9;0;1;0;1;0;0;0;0;0;0;0;0;0;0;0;0;0;0;
2004 49 2;920;24044920450;11;1;0;0;0;0;0;0;0;0;0;0;0;0;0;0;0;0;0;
2004 49 2;921;24044921107;11;1;0;0;1;0;0;0;0;0;0;0;0;0;0;0;0;0;0;
2004 49 2;922;24045040084;11;0;0;1;1;1;0;0;0;0;0;0;0;0;0;0;0;0;0;
2004 49 2;923;24044920484;11;1;0;0;1;0;0;0;0;0;0;0;0;0;0;0;1;0;0;
2004 49 2;924;24045040156;4;0;0;0;1;0;1;0;0;0;0;0;0;0;0;0;0;0;0;
2004 49 2;925;24044920933;11;1;0;0;1;0;0;0;0;0;0;0;0;0;0;0;0;0;0;
2004 49 2;926;24044920499;11;1;0;0;1;0;0;0;0;0;0;0;0;0;0;0;1;0;0;
2004 49 2;927;24045050145;11;0;0;1;0;1;0;0;0;0;0;0;0;0;0;0;0;0;0;
2004 49 2;928;24044920699;11;1;0;0;0;0;0;0;0;1;0;0;0;0;0;0;0;0;1;
2004 49 2;929;24044920925;11;1;0;0;1;0;0;0;0;0;0;0;0;0;0;0;0;0;0;
2004 49 2;930;24044921265;11;0;0;0;1;1;0;0;0;0;0;0;0;0;0;0;0;0;0;
2004 49 2;931;24044920466;11;1;0;0;0;0;0;0;0;0;0;0;0;0;0;0;0;0;0;
2004 49 2;932;24045040086;11;0;0;1;1;1;0;0;0;0;0;0;0;0;0;0;0;0;0;
2004 49 2;933;24044920449;11;1;0;0;0;0;0;0;0;0;0;0;0;0;0;0;0;0;0;
2004 49 2;934;24044920514;11;1;0;0;1;0;0;0;0;0;0;0;0;0;0;0;1;0;0;
2004 49 2;935;24045110077;13;0;1;0;1;0;0;0;0;0;0;0;0;0;0;0;0;0;0;
2004 49 2;936;24044940070;13;1;0;1;1;0;0;0;0;0;0;0;0;0;0;0;0;0;0;
2004 49 2;937;24045140118;2;0;0;0;1;0;1;0;0;0;0;0;0;0;0;0;0;0;0;
2004 49 2;938;24044920845;2;1;0;0;0;0;0;0;0;0;0;0;0;0;0;0;0;0;0;
2004 49 2;939;24044920991;2;1;0;0;1;0;0;0;0;0;0;0;0;0;0;0;0;0;0;
2004 49 2;940;24044921283;2;0;0;0;1;1;0;0;0;0;0;0;0;0;0;0;0;0;0;
2004 49 2;941;24044920852;2;1;0;0;0;0;0;0;0;0;0;0;0;0;0;0;0;0;0;
2004 49 2;942;24045050134;2;0;0;1;0;1;0;0;0;0;0;0;0;0;0;0;0;0;0;
2004 49 2;943;24044921131;2;1;0;0;1;0;0;0;0;0;0;0;0;0;0;0;0;0;0;
2004 49 2;944;24044921219;2;1;0;0;1;0;0;0;0;0;0;0;0;0;0;0;1;0;0;
2004 49 2;945;24044921271;2;0;0;0;1;1;0;0;0;0;0;0;0;0;0;0;0;0;0;
2004 49 2;946;24044921112;2;1;0;0;1;0;0;0;0;0;0;0;0;0;0;0;0;0;0;
2004 49 2;947;24045040192;12;0;0;1;1;1;0;0;0;0;0;0;0;0;0;0;0;0;0;
2004 49 2;948;24044920506;2;1;0;0;0;0;0;0;0;1;0;0;0;0;0;0;0;0;0;
2004 49 2;949;24044921024;2;1;0;0;1;0;0;0;0;0;0;0;0;0;0;0;0;0;0;
2004 49 2;950;24044930112;2;0;0;0;1;0;1;0;0;0;0;0;0;0;0;0;0;0;0;
2004 49 2;951;24045050137;2;0;0;1;1;1;0;0;0;0;0;0;0;0;0;0;0;0;0;
2004 49 2;952;24044920860;2;1;0;0;0;0;0;0;0;0;0;0;0;0;0;0;0;0;0;
2004 49 2;953;24044920989;2;1;0;0;1;0;0;0;0;0;0;0;0;0;0;0;0;0;0;
2004 49 2;954;24044920994;2;1;0;0;1;0;0;0;0;0;0;0;0;0;0;0;0;0;0;
2004 49 2;955;24044930341;10;0;0;1;1;1;0;0;0;0;0;0;0;0;0;0;0;0;0;
2004 49 2;956;24045140099;10;0;1;0;1;0;0;0;0;0;0;0;0;0;0;0;1;0;1;
2004 49 2;957;24044920438;10;1;0;0;0;0;0;0;0;0;0;0;0;0;0;0;0;0;0;
2004 49 2;958;24044921391;10;0;0;0;1;1;0;0;0;0;0;0;0;0;0;0;0;0;0;
2004 49 2;959;24044910734;10;1;0;1;1;0;0;1;0;0;1;0;0;0;0;0;1;0;0;
2004 49 2;960;24044921111;2;1;0;0;1;0;0;0;0;0;0;0;0;0;0;0;0;0;0;
2004 49 2;961;24044930464;2;0;0;0;0;1;0;0;0;0;0;0;0;0;0;0;0;0;0;
2004 49 2;962;24044921221;2;1;0;0;1;0;0;0;0;0;0;0;0;0;0;0;1;0;0;
2004 49 2;963;24045050088;4;0;0;0;1;0;1;0;0;0;0;0;0;0;0;0;0;0;0;
2004 49 2;964;24044940068;15;1;0;1;1;0;0;0;0;0;0;0;0;0;0;0;0;0;0;
2004 49 2;965;24044921114;2;1;0;0;1;0;0;0;0;0;0;0;0;0;0;0;0;0;0;
2004 49 2;966;24044920758;2;0;0;0;0;1;0;0;0;0;0;0;0;0;0;0;0;0;0;
2004 49 2;967;24044921027;2;1;0;0;1;0;0;0;0;0;0;0;0;0;0;0;0;0;0;
2004 49 2;968;24044920814;3;0;0;0;1;1;0;0;0;0;0;0;0;0;0;0;1;0;1;
2004 49 2;969;24044921392;3;1;0;1;0;0;0;0;0;0;0;0;0;0;0;0;0;0;0;
2004 49 2;970;24044921377;3;0;0;0;1;1;0;0;0;0;0;0;0;0;0;0;0;0;0;
2004 49 2;971;24050120168;3;0;1;0;1;0;0;0;0;0;0;0;0;0;0;0;0;0;0;
2004 49 2;972;24044920626;3;1;0;0;1;0;0;0;1;0;0;0;0;0;0;0;0;0;0;
2004 49 2;973;24044911366;3;0;0;1;0;1;0;0;0;1;0;0;0;0;0;0;0;0;0;
2004 49 2;974;24045110068;4;0;0;0;1;0;1;0;0;0;0;0;0;0;0;0;0;0;0;
2004 49 2;975;24044921030;8;1;0;0;1;0;0;0;0;0;0;0;0;0;0;0;0;0;0;
2004 49 2;976;24044921231;8;1;0;0;1;0;0;0;0;0;0;0;0;0;0;0;1;0;0;
2004 49 2;977;24045220058;3;0;1;0;0;0;0;0;0;0;0;0;0;0;0;0;0;0;1;
2004 49 2;978;24044920936;11;1;0;0;1;0;0;0;0;0;0;0;0;0;0;0;0;0;0;
2004 49 2;979;24045050159;11;0;0;1;1;1;0;0;0;0;0;0;0;0;0;0;1;0;0;
2004 49 2;980;24044920965;11;1;0;0;1;0;0;0;0;0;0;0;0;0;0;0;0;0;0;
2004 49 2;981;24044921254;11;0;0;0;1;1;0;0;0;0;0;0;0;0;0;0;0;0;0;
2004 49 2;982;24044920465;11;1;0;0;0;0;0;0;0;0;0;0;0;0;0;0;0;0;0;
2004 49 2;983;24044910732;11;1;0;1;1;0;0;1;0;0;1;0;0;0;0;0;1;0;0;
2004 49 2;984;24044920073;11;0;0;0;1;0;1;0;0;0;0;0;0;0;0;0;0;0;0;
2004 49 2;985;24044920920;11;1;0;0;1;0;0;0;0;0;0;0;0;0;0;0;0;0;0;
2004 49 2;986;24044920741;10;0;0;0;0;1;0;0;1;0;0;0;0;0;0;0;0;0;0;
2004 49 2;987;24044920442;10;1;0;0;0;0;0;0;0;0;0;0;0;0;0;0;0;0;0;
2004 49 2;988;24044920725;10;0;1;1;1;0;0;0;0;0;0;0;0;0;0;0;0;0;1;
2004 49 2;989;24044920701;10;1;0;0;0;0;0;0;0;1;0;0;0;0;0;0;0;0;0;
2004 49 2;990;24044920489;10;1;0;0;0;0;0;0;0;0;0;0;0;0;0;0;0;0;0;
2004 49 2;991;24044921345;10;0;0;0;1;1;0;0;0;0;0;0;0;0;0;0;0;0;0;
2004 49 2;992;24044930339;10;0;0;1;1;1;0;0;0;0;0;0;0;0;0;0;0;0;0;
2004 49 2;993;24044921222;2;1;0;0;1;0;0;0;0;0;0;0;0;0;0;0;1;0;0;
2004 49 2;994;24044920846;2;1;0;0;0;0;0;0;0;0;0;0;0;0;0;0;0;0;0;
2004 49 2;995;24044920995;2;1;0;0;1;0;0;0;0;0;0;0;0;0;0;0;0;0;0;
2004 49 2;996;24044921305;4;0;0;0;1;1;0;0;1;0;0;0;0;0;0;0;1;0;0;
2004 49 2;997;24045110073;4;0;0;0;1;0;1;0;0;0;0;0;0;0;0;0;0;0;0;
2004 49 2;998;24045040077;10;0;0;1;1;1;0;0;0;0;0;0;0;0;0;0;0;0;0;
2004 49 2;999;24044920444;10;1;0;0;0;0;0;0;0;0;0;0;0;0;0;0;0;0;0;
2004 49 2;1000;24045050176;10;0;0;0;1;1;0;0;0;0;0;0;0;0;0;0;0;0;0;
2004 49 2;1001;24044920441;10;1;0;0;0;0;0;0;0;0;0;0;0;0;0;0;0;0;0;
2004 49 2;1002;24044920440;10;1;0;0;0;0;0;0;0;0;0;0;0;0;0;0;0;0;0;
2004 49 2;1003;24044910990;10;0;0;1;1;1;0;0;0;0;0;0;0;0;0;0;1;0;1;
2004 49 2;1004;24044920435;10;1;0;0;0;0;0;0;0;0;0;0;0;0;0;0;0;0;0;
2004 49 2;1005;24044921335;10;0;0;0;1;1;0;0;0;0;0;0;0;0;0;0;0;0;0;
2004 49 2;1006;24044920436;10;1;0;0;0;0;0;0;0;0;0;0;0;0;0;0;0;0;0;
2004 49 2;1007;24045050138;10;0;0;1;0;1;0;0;0;0;0;0;0;0;0;0;0;0;0;
2004 49 2;1008;24044920944;11;1;0;0;1;0;0;0;0;0;0;0;0;0;0;0;0;0;0;
2004 49 2;1009;24044930449;11;1;0;0;1;0;0;0;0;0;0;0;0;0;0;0;1;0;0;
2004 49 2;1010;24050120118;3;0;1;0;1;0;0;0;0;0;0;0;0;0;0;0;0;0;0;
2004 49 2;1011;24044840186;15;1;0;1;0;0;0;0;0;1;1;0;0;0;0;0;0;0;0;
2004 49 2;1012;24045110047;4;0;0;0;1;0;1;0;0;0;0;0;0;0;0;0;0;0;0;
2004 49 2;1013;24044911017;7;1;0;0;1;0;0;0;0;0;0;0;0;0;0;0;1;0;1;
2004 49 2;1014;24044910999;7;1;0;0;1;0;0;0;0;0;0;0;0;0;0;0;0;0;0;
2004 49 2;1015;24045050128;3;0;0;1;0;1;0;0;0;0;0;0;0;0;0;0;0;0;0;
2004 49 2;1016;24045130058;3;0;1;0;1;0;0;0;0;0;0;0;0;0;0;0;1;0;0;
2004 49 2;1017;24044920502;3;1;0;0;0;0;0;0;0;0;0;0;0;0;0;0;0;0;0;
2004 49 2;1018;24044920748;3;0;0;0;0;1;0;0;0;0;0;0;0;0;0;0;0;0;0;
2004 49 2;1019;24044921396;11;1;0;1;0;0;0;0;0;0;0;0;0;0;0;0;0;0;0;
2004 49 2;1020;24044921344;11;1;0;0;1;0;0;0;0;0;0;0;0;0;0;0;0;0;0;
2004 49 2;1021;24044920707;12;0;0;0;0;1;0;0;0;0;0;0;0;0;0;0;0;0;0;
2004 49 2;1022;24044910948;12;1;0;0;0;0;0;0;0;1;0;0;0;1;1;0;0;0;0;
2004 49 2;1023;24044921299;12;0;0;0;1;1;0;0;0;0;0;0;0;0;0;0;1;0;0;
2004 49 2;1024;24044920778;15;1;0;1;0;0;0;0;0;0;0;0;0;0;0;0;0;0;0;
2004 49 2;1025;24044921366;4;0;0;0;1;1;0;0;0;0;0;0;0;0;0;0;0;0;0;
2004 49 2;1026;24045120068;4;0;0;0;1;0;1;0;0;0;0;0;0;0;0;0;0;0;0;
2004 49 2;1027;24044921086;11;1;0;0;1;0;0;0;0;0;0;0;0;0;0;0;0;0;0;
2004 49 2;1028;24044930431;11;1;0;0;1;0;0;0;0;0;0;0;0;0;0;0;1;0;0;
2004 49 2;1029;24045050146;11;0;0;1;0;1;0;0;0;0;0;0;0;0;0;0;0;0;0;
2004 49 2;1030;24044920914;11;1;0;0;1;0;0;0;0;0;0;0;0;0;0;0;0;0;0;
2004 49 2;1031;24044921264;11;0;0;0;1;1;0;0;0;0;0;0;0;0;0;0;0;0;0;
2004 49 2;1032;24044930393;11;1;0;0;1;0;0;0;0;0;0;0;0;0;0;0;1;0;0;
2004 49 2;1033;24045050116;11;0;0;1;0;1;0;0;0;1;0;0;1;0;0;0;0;0;1;
2004 49 2;1034;24044921070;11;1;0;0;1;0;0;0;0;0;0;0;0;0;0;0;0;0;0;
2004 49 2;1035;24044921092;11;1;0;0;1;0;0;0;0;0;0;0;0;0;0;0;0;0;0;
2004 49 2;1036;24044910886;1;0;0;0;1;1;0;0;0;0;0;0;0;0;0;0;1;0;0;
2004 49 2;1037;24044910733;11;1;0;1;1;0;0;1;0;0;1;0;0;0;0;0;1;0;0;
2004 49 2;1038;24044910889;1;0;0;0;1;1;0;0;0;0;0;0;0;0;0;0;1;0;0;
2004 49 2;1039;24044920942;11;1;0;0;1;0;0;0;0;0;0;0;0;0;0;0;0;0;0;
2004 49 2;1040;24044920464;11;1;0;0;0;0;0;0;0;0;0;0;0;0;0;0;0;0;0;
2004 49 2;1041;24045040102;11;0;0;1;1;1;0;0;0;0;0;0;0;0;0;0;0;0;0;
2004 49 2;1042;24044920895;11;1;0;0;1;0;0;0;0;0;0;0;0;0;0;0;0;0;0;
2004 49 2;1043;24045120069;4;0;0;0;1;0;1;0;0;0;0;0;0;0;0;0;0;0;0;
2004 49 2;1044;24044920982;2;1;0;0;1;0;0;0;0;0;0;0;0;0;0;0;0;0;0;
2004 49 2;1045;24044920294;15;0;0;1;0;1;0;0;0;0;0;0;0;0;0;0;0;0;0;
2004 49 2;1046;24044921018;2;1;0;0;1;0;0;0;0;0;0;0;0;0;0;0;0;0;0;
2004 49 2;1047;24044920747;2;0;0;0;0;1;0;0;0;0;0;0;0;0;0;0;0;0;0;
2004 49 2;1048;24044921127;2;1;0;0;1;0;0;0;0;0;0;0;0;0;0;0;0;0;0;
2004 49 2;1049;24044920692;2;1;0;0;1;0;0;0;1;0;0;0;0;0;0;0;1;0;0;
2004 49 2;1050;24044930326;15;0;0;1;0;1;0;0;0;1;0;0;0;0;0;0;0;0;0;
2004 49 2;1051;24044920866;2;1;0;0;0;0;0;0;0;0;0;0;0;0;0;0;0;0;0;
2004 49 2;1052;24044921275;2;0;0;0;1;1;0;0;0;0;0;0;0;0;0;0;0;0;0;
2004 49 2;1053;24044921122;2;1;0;0;1;0;0;0;0;0;0;0;0;0;0;0;0;0;0;
2004 49 2;1054;24044921015;2;1;0;0;1;0;0;0;0;0;0;0;0;0;0;0;0;0;0;
2004 49 2;1055;24045120093;3;0;1;1;0;0;0;0;0;0;0;0;0;0;0;0;0;0;1;
2004 49 2;1056;24044921352;3;0;0;0;1;1;0;0;0;0;0;0;0;0;0;0;0;0;0;
2004 49 2;1057;24044920244;3;1;0;0;1;0;0;0;0;0;0;0;0;0;0;0;0;0;0;
2004 49 2;1058;24045120066;4;0;0;0;1;0;1;0;0;0;0;0;0;0;0;0;0;0;0;
2004 49 2;1059;24044930454;10;1;0;0;1;0;0;0;0;0;0;0;0;0;0;0;1;0;0;
2004 49 2;1060;24045040078;10;0;0;1;1;1;0;0;0;0;0;0;0;0;0;0;0;0;0;
2004 49 2;1061;24044920443;10;1;0;0;0;0;0;0;0;0;0;0;0;0;0;0;0;0;0;
2004 49 2;1062;24044921358;10;0;0;0;1;1;0;0;0;0;0;0;0;0;0;0;1;0;0;
2004 49 2;1063;24044920439;10;1;0;0;0;0;0;0;0;0;0;0;0;0;0;0;0;0;0;
2004 49 2;1064;24045050129;10;0;0;1;0;1;0;0;0;0;0;0;0;0;0;0;0;0;0;
2004 49 2;1065;24044930451;7;1;0;0;1;0;0;0;0;0;0;0;0;0;0;0;1;0;1;
2004 49 2;1066;24044920493;7;1;0;0;1;0;0;0;0;0;0;0;0;0;0;0;0;0;0;
2004 49 2;1067;24044921356;10;0;0;0;1;1;0;0;0;0;0;0;0;0;0;0;0;0;0;
2004 49 2;1068;24044921362;10;1;0;0;1;0;0;0;1;0;0;0;0;0;0;0;0;0;0;
2004 49 2;1069;24045050102;10;0;0;1;0;1;0;0;0;0;0;0;0;0;0;0;0;0;0;
2004 49 2;1070;24044921002;2;1;0;0;1;0;0;0;0;0;0;0;0;0;0;0;0;0;0;
2004 49 2;1071;24045120065;4;0;0;0;1;0;1;0;0;0;0;0;0;0;0;0;0;0;0;
2004 49 2;1072;24044930392;11;1;0;0;1;0;0;0;0;0;0;0;0;0;0;0;1;0;0;
2004 49 2;1073;24045040085;11;0;0;1;1;1;0;0;0;0;0;0;0;0;0;0;0;0;0;
2004 49 2;1074;24044920448;11;1;0;0;0;0;0;0;0;0;0;0;0;0;0;0;0;0;0;
2004 49 2;1075;24044930435;11;1;0;0;1;0;0;0;0;0;0;0;0;0;0;0;1;0;0;
2004 49 2;1076;24045050144;11;0;0;1;0;1;0;0;0;0;0;0;0;0;0;0;0;0;0;
2004 49 2;1077;24044921150;8;1;0;0;1;0;0;0;0;0;0;0;0;0;0;0;0;0;0;
2004 49 2;1078;24044921288;8;0;0;0;1;1;0;0;0;0;0;0;0;0;0;0;0;0;0;
2004 49 2;1079;24044921140;8;1;0;0;1;0;0;0;0;0;0;0;0;0;0;0;0;0;0;
2004 49 2;1080;24044921062;8;1;0;0;1;0;0;0;0;0;0;0;0;0;0;0;0;0;0;
2004 49 2;1081;24045050133;8;0;0;1;1;1;0;0;0;0;0;0;0;0;0;0;1;0;1;
2004 49 2;1082;24044920427;8;1;0;0;0;0;0;0;0;0;0;0;0;0;0;0;0;0;0;
2004 49 2;1083;24050120139;3;0;1;0;1;0;0;0;0;0;0;0;0;0;0;0;0;0;0;
2004 49 2;1084;24044920412;8;1;0;0;0;0;0;0;0;0;0;0;0;0;0;0;0;0;0;
2004 49 2;1085;24044921039;8;1;0;0;1;0;0;0;0;0;0;0;0;0;0;0;0;0;0;
2004 49 2;1086;24045040018;8;0;0;0;1;0;1;0;0;0;0;0;0;0;0;0;0;0;0;
2004 49 2;1087;24044920580;8;0;0;1;1;1;0;0;0;0;0;0;0;0;0;0;1;0;0;
2004 49 2;1088;24044921059;8;1;0;0;1;0;0;0;0;0;0;0;0;0;0;0;0;0;0;
2004 49 2;1089;24044920419;8;1;0;0;0;0;0;0;0;0;0;0;0;0;0;0;0;0;0;
2004 49 2;1090;24044920769;9;0;1;0;1;0;0;0;0;0;0;0;0;0;0;0;1;0;1;
2004 49 2;1091;24045050148;9;0;0;1;0;1;0;0;0;0;0;0;0;0;0;0;0;0;0;
2004 49 2;1092;24044921129;2;1;0;0;1;0;0;0;0;0;0;0;0;0;0;0;0;0;0;
2004 49 2;1093;24044921123;2;1;0;0;1;0;0;0;0;0;0;0;0;0;0;0;0;0;0;
2004 49 2;1094;24044921204;2;1;0;0;1;0;0;0;0;0;0;0;0;0;0;0;1;0;0;
2004 49 2;1095;24045050131;3;0;0;1;0;1;0;0;0;0;0;0;0;0;0;0;0;0;0;
2004 49 2;1096;24044920696;3;0;1;0;0;0;0;0;0;0;0;0;0;0;0;0;0;0;0;
2004 49 2;1097;24044930420;3;1;0;0;1;0;0;0;0;0;0;0;0;0;0;0;0;0;0;
2004 49 2;1098;24044920522;3;1;0;0;1;0;0;0;0;0;0;0;0;0;0;0;1;0;1;
2004 49 2;1099;24044920792;11;1;0;1;1;0;0;0;0;0;0;0;0;0;0;0;0;0;0;
2004 49 2;1100;24044920812;11;0;0;0;1;1;0;0;0;0;0;0;0;0;0;0;0;0;0;
2004 49 2;1101;24045210081;11;0;0;0;1;0;1;0;0;0;0;0;0;0;0;0;0;0;0;
2004 49 2;1102;24044930373;11;1;0;0;1;0;0;0;0;0;0;0;0;0;0;0;1;0;0;
2004 49 2;1103;24044920456;11;1;0;0;0;0;0;0;0;0;0;0;0;0;0;0;0;0;0;
2004 49 2;1104;24045040124;11;0;0;1;0;1;0;0;0;1;0;0;0;0;0;0;0;0;0;
2004 49 2;1105;24044920913;11;1;0;0;1;0;0;0;0;0;0;0;0;0;0;0;0;0;0;
2004 49 2;1106;24044921263;11;0;0;0;1;1;0;0;0;0;0;0;0;0;0;0;0;0;0;
2004 49 2;1107;24044921102;11;1;0;0;1;0;0;0;0;0;0;0;0;0;0;0;0;0;0;
2004 49 2;1108;24044930434;11;1;0;0;1;0;0;0;0;0;0;0;0;0;0;0;1;0;0;
2004 49 2;1109;24044921406;14;0;0;1;1;1;0;0;0;0;0;0;0;0;0;0;0;0;0;
2004 49 2;1110;24050120170;14;0;1;0;1;0;0;0;0;0;0;0;0;0;0;0;0;0;0;
2004 49 2;1111;24044910973;14;1;0;0;0;0;0;0;0;0;0;0;0;0;0;0;0;1;0;
2004 49 2;1112;24044920528;14;1;0;0;1;0;0;0;0;0;0;0;0;0;0;0;1;0;0;
2004 49 2;1113;24044920007;14;0;0;1;1;1;0;0;0;0;0;0;0;0;0;0;0;0;0;
2004 49 2;1114;24044930453;14;1;0;0;1;0;0;0;0;0;0;0;0;0;0;0;1;0;0;
2004 49 2;1115;24045210105;14;0;0;0;1;0;1;0;0;0;0;0;0;0;0;0;0;0;0;
2004 49 2;1116;24044921151;8;1;0;0;1;0;0;0;0;0;0;0;0;0;0;0;0;0;0;
2004 49 2;1117;24045050076;3;0;0;1;1;1;0;0;0;0;0;0;0;0;0;0;1;0;0;
2004 49 2;1118;24044920471;3;1;0;0;0;0;0;0;0;0;0;0;0;0;0;0;0;0;1;
2004 49 2;1119;24044920712;3;0;0;0;1;1;0;0;0;0;0;0;0;0;0;0;0;0;0;
2004 49 2;1120;24044921375;3;1;0;0;1;0;0;0;1;0;0;0;0;0;0;0;1;0;0;
2004 49 2;1121;24045050092;3;0;0;1;1;1;0;0;0;0;0;0;0;0;0;0;0;0;0;
2004 49 2;1122;24044911049;3;1;0;0;0;0;0;0;0;0;0;0;0;0;0;0;0;0;0;
2004 49 2;1123;24044920810;3;0;0;0;1;1;0;0;0;0;0;0;0;0;0;0;0;0;0;
2004 49 2;1124;24044911058;3;1;0;0;0;0;0;0;0;0;0;0;0;0;0;0;0;0;0;
2004 49 2;1125;24044940046;3;1;0;1;1;0;0;0;0;0;0;0;0;0;0;0;0;0;0;
2004 49 2;1126;24044921374;3;0;1;0;1;0;0;0;1;0;1;0;0;1;1;0;1;0;0;
2004 49 2;1127;24044920983;2;1;0;0;1;0;0;0;0;0;0;0;0;0;0;0;0;0;0;
2004 49 2;1128;24045120067;4;0;0;0;1;0;1;0;0;0;0;0;0;0;0;0;0;0;0;
2004 49 2;1129;24044920752;10;1;0;1;1;0;0;0;0;0;0;0;0;0;0;0;1;0;0;
2004 49 2;1130;24044920708;10;0;0;0;0;1;0;0;0;0;0;0;0;0;0;0;0;0;0;
2004 49 2;1131;24044921088;11;1;0;0;1;0;0;0;0;0;0;0;0;0;0;0;0;0;0;
2004 49 2;1132;24044930436;11;1;0;0;1;0;0;0;0;0;0;0;0;0;0;0;1;0;0;
2004 49 2;1133;24044920754;11;0;0;0;1;1;0;0;0;1;0;0;0;0;0;0;0;0;0;
2004 49 2;1134;24044920458;11;1;0;0;0;0;0;0;0;0;0;0;0;0;0;0;0;0;0;
2004 49 2;1135;24045040076;10;0;0;1;1;1;0;0;0;0;0;0;0;0;0;0;0;0;0;
2004 49 2;1136;24044920988;2;1;0;0;1;0;0;0;0;0;0;0;0;0;0;0;0;0;0;
2004 49 2;1137;24044921214;2;1;0;0;1;0;0;0;0;0;0;0;0;0;0;0;1;0;0;
2004 49 2;1138;24045120003;4;0;0;0;1;0;1;0;0;0;0;0;0;0;0;0;0;0;0;
2004 49 2;1139;24044920722;10;1;0;1;0;0;0;0;0;0;0;0;0;0;0;0;0;0;0;
2004 49 2;1140;24044920736;10;0;0;0;0;1;0;0;0;0;0;0;0;0;1;0;0;0;0;
2004 49 2;1141;24044921020;2;1;0;0;1;0;0;0;0;0;0;0;0;0;0;0;0;0;0;
2004 49 2;1142;24044921001;2;1;0;0;1;0;0;0;0;0;0;0;0;0;0;0;0;0;0;
2004 49 2;1143;24044921405;2;0;1;1;1;0;0;0;0;0;0;0;0;0;0;0;0;0;0;
2004 49 2;1144;24044921198;2;1;0;0;1;0;0;0;0;0;0;0;0;0;0;0;1;0;0;
2004 49 2;1145;24044920732;2;0;0;0;0;1;0;0;0;0;0;0;0;0;1;0;0;0;0;
2004 49 2;1146;24044921004;2;1;0;0;1;0;0;0;0;0;0;0;0;0;0;0;0;0;0;
2004 49 2;1147;24044921223;2;1;0;0;1;0;0;0;0;0;0;0;0;0;0;0;1;0;0;
2004 49 2;1148;24044920546;12;0;0;1;0;1;0;0;0;0;0;0;0;0;0;0;0;0;0;
2004 49 2;1149;24045130051;4;0;0;0;1;0;1;0;0;0;0;0;0;0;0;0;0;0;0;
2004 49 2;1150;24044930362;8;1;0;0;1;0;0;0;0;0;0;0;0;0;0;0;1;0;1;
2004 49 2;1151;24044921138;8;1;0;0;1;0;0;0;0;0;0;0;0;0;0;0;0;0;0;
2004 49 2;1152;24045050120;8;0;0;1;1;1;0;0;0;0;0;0;0;0;0;0;0;0;0;
2004 49 2;1153;24044921239;8;1;0;0;1;0;0;0;0;0;0;0;0;0;0;0;1;0;0;
2004 49 2;1154;24044920808;8;0;0;0;1;1;0;0;0;0;0;0;0;0;0;0;0;0;0;
2004 49 2;1155;24044920429;8;1;0;0;0;0;0;0;0;0;0;0;0;0;0;0;0;0;0;
2004 49 2;1156;24045040079;15;0;0;1;1;1;0;0;0;0;0;0;0;0;0;0;0;0;0;
2004 49 2;1157;24044921240;8;1;0;0;1;0;0;0;0;0;0;0;0;0;0;0;1;0;0;
2004 49 2;1158;24044921378;8;0;0;0;0;1;0;0;0;0;0;0;0;0;0;0;0;0;0;
2004 49 2;1159;24044921032;8;1;0;0;1;0;0;0;0;0;0;0;0;0;0;0;0;0;0;
2004 49 2;1160;24044921153;8;1;0;0;1;0;0;0;0;0;0;0;0;0;0;0;0;0;0;
2004 49 2;1161;24045130050;4;0;0;0;1;0;1;0;0;0;0;0;0;0;0;0;0;0;0;
2004 49 2;1162;24044910728;8;1;0;1;1;0;0;1;0;0;1;0;0;0;0;0;1;0;0;
2004 49 2;1163;24044921293;8;0;0;0;1;1;0;0;0;0;0;0;0;0;0;0;0;0;0;
2004 49 2;1164;24044921037;8;1;0;0;1;0;0;0;0;0;0;0;0;0;0;0;0;0;0;
2004 49 2;1165;24044920418;8;1;0;0;0;0;0;0;0;0;0;0;0;0;0;0;0;0;0;
2004 49 2;1166;24044940005;8;0;0;1;1;1;0;0;0;0;0;0;0;0;0;0;1;0;0;
2004 49 2;1167;24044921036;8;1;0;0;1;0;0;0;0;0;0;0;0;0;0;0;0;0;0;
2004 49 2;1168;24044921294;8;0;0;0;1;1;0;0;0;0;0;0;0;0;0;0;0;0;0;
2004 49 2;1169;24044921148;8;1;0;0;1;0;0;0;0;0;0;0;0;0;0;0;0;0;0;
2004 49 2;1170;24044921226;8;1;0;0;1;0;0;0;0;0;0;0;0;0;0;0;1;0;0;
2004 49 2;1171;24044920377;10;0;0;1;1;1;0;0;0;1;0;0;0;0;0;0;0;0;1;
2004 49 2;1172;24044920424;8;1;0;0;0;0;0;0;0;0;0;0;0;0;0;0;0;0;0;
2004 49 2;1173;24044920807;8;0;0;0;1;1;0;0;0;0;0;0;0;0;0;0;0;0;0;
2004 49 2;1174;24044921053;8;1;0;0;1;0;0;0;0;0;0;0;0;0;0;0;0;0;0;
2004 49 2;1175;24045040221;8;1;0;0;1;0;0;0;0;0;0;0;0;0;0;0;1;0;0;
2004 49 2;1176;24045130021;4;0;0;0;1;0;1;0;0;0;0;0;0;0;0;0;0;0;0;
2004 49 2;1177;24045050126;15;0;0;1;1;1;0;0;0;0;0;0;0;0;0;0;0;0;0;
2004 49 2;1178;24044920500;8;1;0;0;1;0;0;0;0;0;0;0;0;0;0;0;1;0;0;
2004 49 2;1179;24044920422;8;1;0;0;0;0;0;0;0;0;0;0;0;0;0;0;0;0;0;
2004 49 2;1180;24045050079;8;0;0;1;0;1;0;0;0;0;0;0;0;0;0;0;0;0;0;
2004 49 2;1181;24044920410;8;1;0;0;0;0;0;0;0;0;0;0;0;0;0;0;0;0;0;
2004 49 2;1182;24044921292;8;0;0;0;1;1;0;0;0;0;0;0;0;0;0;0;0;0;0;
2004 49 2;1183;24044910727;8;1;0;1;1;0;0;1;0;0;1;0;0;0;0;0;1;0;0;
2004 49 2;1184;24044921048;8;1;0;0;1;0;0;0;0;0;0;0;0;0;0;0;0;0;0;
2004 49 2;1185;24044921343;8;0;0;0;0;1;0;0;0;0;0;0;0;0;0;0;0;0;0;
2004 49 2;1186;24044921145;8;1;0;0;1;0;0;0;0;0;0;0;0;0;0;0;0;0;0;
2004 49 2;1187;24044930327;15;0;0;1;0;1;0;0;0;1;0;0;0;0;0;0;0;0;0;
2004 49 2;1188;24044930387;8;1;0;0;1;0;0;0;0;0;0;0;0;0;0;0;1;0;0;
2004 49 2;1189;24045140016;4;0;0;0;1;0;1;0;0;0;0;0;0;0;0;0;0;0;0;
2004 49 2;1190;24044920953;11;1;0;0;1;0;0;0;0;0;0;0;0;0;0;0;0;0;0;
2004 49 2;1191;24045050125;11;0;0;1;1;1;0;0;0;0;0;0;0;0;0;0;1;0;0;
2004 49 2;1192;24044920455;11;1;0;0;0;0;0;0;0;0;0;0;0;0;0;0;0;0;0;
2004 49 2;1193;24044921246;11;0;0;0;1;1;0;0;0;0;0;0;0;0;0;0;0;0;0;
2004 49 2;1194;24044920628;11;1;0;0;1;0;0;0;0;0;0;0;0;0;0;0;0;0;0;
2004 49 2;1195;24044920664;11;1;0;0;1;0;0;0;0;0;0;0;0;0;0;0;0;0;0;
2004 49 2;1196;24045040092;11;0;0;1;1;1;0;0;0;0;0;0;0;0;0;0;1;0;1;
2004 49 2;1197;24045150031;4;0;0;0;1;0;1;0;0;0;0;0;0;0;0;0;0;0;0;
2004 49 2;1198;24044920470;11;1;0;0;1;0;0;0;0;0;0;0;0;0;0;0;0;0;0;
2004 49 2;1199;24044920637;11;1;0;0;0;0;0;0;1;1;0;0;0;1;1;0;0;0;0;
2004 49 2;1200;24045050115;11;0;0;1;1;1;0;0;0;0;0;0;0;0;0;0;1;0;0;
2004 49 2;1201;24044920512;11;1;0;0;1;0;0;0;0;0;0;0;0;0;0;0;0;0;0;
2004 49 2;1202;24044921291;8;0;0;0;1;1;0;0;0;0;0;0;0;0;0;0;0;0;0;
2004 49 2;1203;24044930394;8;1;0;0;1;0;0;0;0;0;0;0;0;0;0;0;1;0;0;
2004 49 2;1204;24044921143;8;1;0;0;1;0;0;0;0;0;0;0;0;0;0;0;0;0;0;
2004 49 2;1205;24045050122;12;0;0;1;0;1;0;0;0;0;0;0;0;0;0;0;0;0;0;
2004 49 2;1206;24044920645;12;1;0;0;1;0;0;0;0;0;0;0;0;0;0;0;1;0;0;
2004 49 2;1207;24044920806;12;0;0;0;1;1;0;0;0;0;0;0;0;0;0;0;0;0;0;
2004 49 2;1208;24044930088;12;1;0;0;1;0;0;0;0;0;0;0;0;0;0;0;1;0;0;
2004 49 2;1209;24044840183;12;1;0;1;0;0;0;0;0;1;1;0;0;0;0;0;0;0;0;
2004 49 2;1210;24044921389;12;0;0;0;1;1;0;0;0;0;0;0;1;0;0;0;0;0;0;
2004 49 2;1211;24044920729;12;1;0;0;0;0;0;0;0;0;0;0;0;0;0;0;0;0;0;
2004 49 2;1212;24045210070;4;0;0;0;1;0;1;0;0;0;0;0;0;0;0;0;0;0;0;
2004 49 2;1213;24044920804;11;1;0;1;1;0;0;0;0;0;0;0;0;0;0;0;0;0;0;
2004 49 2;1214;24044930386;11;1;0;0;1;0;0;0;0;0;0;0;0;0;0;0;1;0;0;
2004 49 2;1215;24044920793;6;0;0;0;0;1;0;0;0;0;0;0;0;0;0;0;0;0;0;
2004 49 2;1216;24044921128;2;1;0;0;1;0;0;0;0;0;0;0;0;0;0;0;0;0;0;
2004 49 2;1217;24044930060;6;0;0;1;1;1;0;0;0;0;0;0;0;0;0;0;0;0;0;
2004 49 2;1218;24044920517;2;1;0;0;1;0;0;0;0;0;0;0;0;0;0;0;1;0;0;
2004 49 2;1219;24044921028;2;1;0;0;1;0;0;0;0;0;0;0;0;0;0;0;0;0;0;
2004 49 2;1220;24044921279;2;0;0;0;1;1;0;0;0;0;0;0;0;0;0;0;0;0;0;
2004 49 2;1221;24044921133;2;1;0;0;1;0;0;0;0;0;0;0;0;0;0;0;0;0;0;
2004 49 2;1222;24044930325;15;0;0;1;0;1;0;0;0;1;0;0;0;0;0;0;0;0;0;
2004 49 2;1223;24044921005;2;1;0;0;1;0;0;0;0;0;0;0;0;0;0;0;0;0;0;
2004 49 2;1224;24044930377;2;1;0;0;1;0;0;0;0;0;0;0;0;0;0;0;1;0;0;
2004 49 2;1225;24045210068;4;0;0;0;1;0;1;0;0;0;0;0;0;0;0;0;0;0;0;
2004 49 2;1226;24044920293;15;0;0;1;0;1;0;0;0;0;0;0;0;0;0;0;0;0;0;
2004 49 2;1227;24044921038;8;1;0;0;1;0;0;0;0;0;0;0;0;0;0;0;0;0;0;
2004 49 2;1228;24044920416;8;1;0;0;0;0;0;0;0;0;0;0;0;0;0;0;0;0;0;
2004 49 2;1229;24044920859;2;1;0;0;0;0;0;0;0;0;0;0;0;0;0;0;0;0;0;
2004 49 2;1230;24050120153;2;0;1;0;1;0;0;0;0;0;0;0;0;0;0;0;0;0;0;
2004 49 2;1231;24045050119;2;0;0;1;1;1;0;0;0;0;0;0;0;0;0;0;0;0;0;
2004 49 2;1232;24044920253;2;1;0;0;1;0;0;0;0;0;0;0;0;0;0;0;1;0;0;
2004 49 2;1233;24044920987;2;1;0;0;1;0;0;0;0;0;0;0;0;0;0;0;0;0;0;
2004 49 2;1234;24044920688;2;0;0;0;0;1;0;0;0;0;0;0;0;0;0;0;0;0;0;
2004 49 2;1235;24044920663;2;1;0;0;1;0;0;0;0;0;0;0;0;0;0;0;0;0;0;
2004 49 2;1236;24044920772;2;0;0;0;1;1;0;0;0;0;0;0;0;0;0;0;1;0;0;
2004 49 2;1237;24044940071;13;1;0;1;1;0;0;0;0;0;0;0;0;0;0;0;0;0;0;
2004 49 2;1238;24044921297;9;0;0;0;1;1;0;0;0;0;0;0;0;0;0;0;0;0;0;
2004 49 2;1239;24044920861;2;1;0;0;0;0;0;0;0;0;0;0;0;0;0;0;0;0;0;
2004 49 2;1240;24044920486;2;1;0;0;1;0;0;0;0;0;0;0;0;0;0;0;0;0;0;
2004 49 2;1241;24045210075;4;0;0;0;1;0;1;0;0;0;0;0;0;0;0;0;0;0;0;
2004 49 2;1242;24044910729;11;1;0;1;1;0;0;1;0;0;1;0;0;0;0;0;1;0;0;
2004 49 2;1243;24044921250;11;0;0;0;1;1;0;0;0;0;0;0;0;0;0;0;0;0;0;
2004 49 2;1244;24044911010;11;1;0;0;0;0;0;0;0;0;0;0;0;0;0;0;0;0;0;
2004 49 2;1245;24044920454;11;1;0;0;0;0;0;0;0;0;0;0;0;0;0;0;0;0;0;
2004 49 2;1246;24045040007;11;0;0;1;1;1;0;0;0;0;0;0;0;0;0;0;0;0;0;
2004 49 2;1247;24044920453;11;1;0;0;0;0;0;0;0;0;0;0;0;0;0;0;0;0;0;
2004 49 2;1248;24044910888;1;0;0;0;1;1;0;0;0;0;0;0;0;0;0;0;1;0;0;
2004 49 2;1249;24044920529;7;1;0;0;1;0;0;0;0;0;0;0;0;0;0;0;0;0;0;
2004 49 2;1250;24044940073;13;1;0;1;1;0;0;0;0;0;0;0;0;0;0;0;0;0;0;
2004 49 2;1251;24044910887;1;0;0;0;1;1;0;0;0;0;0;0;0;0;0;0;1;0;0;
2004 49 2;1252;24044930391;7;1;0;0;1;0;0;0;0;0;0;0;0;0;0;0;1;0;1;
2004 49 2;1253;24044921332;13;0;1;0;0;0;0;0;0;0;0;0;0;0;0;0;0;0;0;
2004 49 2;1254;24044921334;13;1;0;0;0;0;0;0;0;0;0;0;0;0;0;0;0;0;0;
2004 49 2;1255;24044940069;13;1;0;1;1;0;0;0;0;0;0;0;0;0;0;0;0;0;0;
2004 49 2;1256;24044921363;4;0;0;0;1;1;0;0;0;0;0;0;0;0;0;0;0;0;0;
2004 49 2;1257;24044920684;4;1;0;0;1;0;0;0;0;0;0;0;0;0;0;0;0;0;0;
2004 49 2;1258;24045210069;4;0;0;0;1;0;1;0;0;0;0;0;0;0;0;0;0;0;0;
2004 49 2;1259;24044921078;4;1;0;0;1;0;0;0;0;0;0;0;0;0;0;0;0;0;0;
2004 49 2;1260;24044930190;4;0;0;1;1;1;0;0;0;0;0;0;0;0;0;0;0;0;0;
2004 49 2;1261;24044920745;4;1;0;0;0;0;0;0;0;0;0;0;0;0;0;0;0;0;0;
2004 49 2;1262;24044930462;12;0;0;0;1;1;0;0;0;0;0;0;0;0;0;0;1;0;0;
2004 49 2;1263;24044920530;11;1;0;0;1;0;0;0;0;0;0;0;0;0;0;0;0;0;0;
2004 49 2;1264;24044920460;11;1;0;0;0;0;0;0;0;0;0;0;0;0;0;0;0;0;0;
2004 49 2;1265;24045040001;11;0;0;1;1;1;0;0;0;0;0;0;0;0;0;0;0;0;0;
2004 49 2;1266;24044930374;11;1;0;0;1;0;0;0;0;0;0;0;0;0;0;0;1;0;0;
2004 49 2;1267;24044921269;11;0;0;0;1;1;0;0;0;0;0;0;0;0;0;0;0;0;0;
2004 49 2;1268;24044920461;11;1;0;0;0;0;0;0;0;0;0;0;0;0;0;0;0;0;0;
2004 49 2;1269;24044911431;11;0;1;1;1;0;0;0;0;0;0;0;0;0;0;0;0;0;0;
2004 49 2;1270;24044930396;11;1;0;0;1;0;0;0;0;0;0;0;0;0;0;0;1;0;0;
2004 49 2;1271;24044920496;11;1;0;0;1;0;0;0;0;0;0;0;0;0;0;0;0;0;0;
2004 49 2;1272;24044930134;6;0;0;0;1;0;1;0;0;0;0;0;0;0;0;0;0;0;0;
2004 49 2;1273;24045040068;6;0;0;1;1;1;0;0;0;0;0;0;0;0;0;0;0;0;0;
2004 49 2;1274;24044930395;2;1;0;0;1;0;0;0;0;0;0;0;0;0;0;0;0;0;0;
2004 49 2;1275;24044920848;2;1;0;0;0;0;0;0;0;0;0;0;0;0;0;0;0;0;0;
2004 49 2;1276;24044921384;6;0;0;0;0;1;0;0;1;1;0;0;0;0;0;0;0;0;0;
2004 49 2;1277;24044930433;11;1;0;0;1;0;0;0;0;0;0;0;0;0;0;0;1;0;0;
2004 49 2;1278;24045040109;11;0;0;1;1;1;0;0;0;0;1;0;0;0;0;0;0;0;0;
2004 49 2;1279;24044920452;11;1;0;0;0;0;0;0;0;0;0;0;0;0;0;0;0;0;0;
2004 49 2;1280;24044921355;11;0;0;0;1;1;0;0;0;0;0;0;0;0;0;0;1;0;0;
2004 49 2;1281;24044920472;11;1;0;0;1;0;0;0;0;0;0;0;0;0;0;0;0;0;0;
2004 49 2;1282;24045050130;11;0;0;1;1;1;0;0;0;0;0;0;0;0;0;0;0;0;0;
2004 49 2;1283;24044920737;8;1;0;0;1;0;0;0;1;0;0;0;0;0;0;0;1;0;0;
2004 49 2;1284;24044921286;8;0;0;0;1;1;0;0;0;0;0;0;0;0;0;0;0;0;0;
2004 49 2;1285;24044920409;8;1;0;0;0;0;0;0;0;0;0;0;0;0;0;0;0;0;0;
2004 49 2;1286;24044920582;8;0;0;1;1;1;0;0;0;0;0;0;1;0;0;0;1;0;1;
2004 49 2;1287;24044921043;8;1;0;0;1;0;0;0;0;0;0;0;0;0;0;0;0;0;0;
2004 49 2;1288;24044921154;8;1;0;0;1;0;0;0;0;0;0;0;0;0;0;0;0;0;0;
2004 49 2;1289;24045210076;4;0;0;0;1;0;1;0;0;0;0;0;0;0;0;0;0;0;0;
2004 49 2;1290;24045050010;12;0;0;1;1;1;0;0;0;0;0;0;0;0;0;0;0;0;0;
2004 49 2;1291;24044920425;8;1;0;0;0;0;0;0;0;0;0;0;0;0;0;0;0;0;0;
2004 49 2;1292;24044921149;8;1;0;0;1;0;0;0;0;0;0;0;0;0;0;0;0;0;0;
2004 49 2;1293;24044920526;11;1;0;0;0;0;0;0;0;0;0;0;0;0;0;0;0;0;0;
2004 49 2;1294;24045050139;11;0;0;1;1;1;0;0;0;0;0;0;0;0;0;0;0;0;0;
2004 49 2;1295;24044930432;11;1;0;0;1;0;0;0;0;0;0;0;0;0;0;0;1;0;0;
2004 49 2;1296;24044921249;11;0;0;0;1;1;0;0;0;0;0;0;0;0;0;0;0;0;0;
2004 49 2;1297;24044911029;11;1;0;0;0;0;0;0;1;0;0;0;0;0;0;0;0;0;0;
2004 49 2;1298;24045050117;11;0;0;1;1;1;0;0;0;0;0;0;0;0;0;0;0;0;0;
2004 49 2;1299;24044920524;11;1;0;0;1;0;0;0;0;0;0;0;0;0;0;0;0;0;0;
2004 49 2;1300;24044930402;11;1;0;0;1;0;0;0;0;0;0;0;0;0;0;0;1;0;0;
2004 49 2;1301;24045040126;11;0;0;1;0;1;0;0;0;1;0;0;0;0;0;0;0;0;0;
2004 49 2;1302;24044920483;11;1;0;0;1;0;0;0;0;0;0;0;0;0;0;0;0;0;0;
2004 49 2;1303;24045220117;4;0;0;0;1;0;1;0;0;0;0;0;0;0;0;0;0;0;0;
2004 49 2;1304;24044930401;15;1;0;0;1;0;0;0;0;0;0;0;0;0;0;0;1;0;0;
2004 49 2;1305;24045040094;15;0;0;1;0;1;0;0;0;0;0;0;0;0;0;0;0;0;0;
2004 49 2;1306;24044920432;8;1;0;0;0;0;0;0;0;0;0;0;0;0;0;0;0;0;0;
2004 49 2;1307;24044921289;8;0;0;0;1;1;0;0;0;0;0;0;0;0;0;0;0;0;0;
2004 49 2;1308;24044921064;8;1;0;0;1;0;0;0;0;0;0;0;0;0;0;0;0;0;0;
2004 49 2;1309;24044920329;8;1;0;0;1;0;0;0;0;0;0;0;0;0;0;0;1;0;0;
2004 49 2;1310;24045130094;8;0;1;1;0;0;0;0;0;0;1;0;0;0;0;0;0;0;1;
2004 49 2;1311;24044920636;8;1;0;0;1;0;0;0;0;0;0;0;0;0;0;0;0;0;0;
2004 49 2;1312;24044921310;8;0;0;0;1;1;0;0;0;0;0;0;0;1;1;0;1;0;0;
2004 49 2;1313;24044920479;8;1;0;0;1;0;0;0;0;0;0;0;0;0;0;0;0;0;0;
2004 49 2;1314;24044920494;8;1;0;0;1;0;0;0;0;0;0;0;0;0;0;0;0;0;0;
2004 49 2;1315;24045050031;15;0;0;1;0;1;0;0;0;0;0;0;0;0;0;0;0;0;0;
2004 49 2;1316;24045220055;4;0;0;0;1;0;1;0;0;0;0;0;0;0;0;0;0;0;0;
2004 49 2;1317;24044920421;8;1;0;0;0;0;0;0;0;0;0;0;0;0;0;0;0;0;0;
2004 49 2;1318;24044920433;8;1;0;0;0;0;0;0;0;0;0;0;0;0;0;0;0;0;0;
2004 49 2;1319;24044910726;8;1;0;1;1;0;0;1;0;0;1;0;0;0;0;0;1;0;0;