Date;SeqRank;Ident;Paint Color;HPRC1;HPRC2;HPRC3;HPRC4;HPRC5;HPRC6;LPRC1;LPRC2;LPRC3;LPRC4;LPRC5;LPRC6;LPRC7;LPRC8;LPRC9;LPRC10;LPRC11;LPRC12;LPRC13;LPRC14;LPRC15;LPRC16;
2004 50 3;379;48044920474;5;0;1;0;0;0;0;0;0;0;0;0;1;0;0;0;0;0;0;0;0;0;0;
2004 50 3;380;48044803579;5;0;0;0;1;1;1;0;1;0;0;0;0;0;0;0;0;0;0;0;0;0;1;
2004 50 3;381;48045030724;5;1;1;0;0;0;0;1;0;0;0;0;1;1;0;0;1;0;0;0;0;0;0;
2004 50 3;382;48045030473;5;0;0;0;0;0;1;0;0;0;0;0;0;0;0;0;0;0;0;0;0;0;0;
2004 50 3;383;48045020393;5;0;1;1;1;1;0;0;0;0;0;0;1;0;0;0;0;0;0;0;0;0;0;
2004 50 3;384;48045030045;5;0;0;0;0;0;1;0;0;0;0;0;0;0;0;0;0;0;0;0;0;0;0;
2004 50 3;385;48045030775;5;0;1;0;0;0;0;1;0;0;0;0;1;0;0;0;0;0;0;0;0;0;0;
2004 50 3;386;48044803576;5;0;0;0;1;1;1;0;1;0;0;0;0;0;0;0;0;0;0;0;0;0;1;
2004 50 3;387;48045030382;5;1;1;0;0;0;0;0;0;0;0;0;1;0;0;0;0;0;0;0;0;0;0;
2004 50 3;388;48045030057;5;0;0;0;1;0;1;0;0;0;0;0;1;0;0;0;0;0;0;0;0;0;0;
2004 50 3;389;48045030077;5;0;1;0;0;1;0;1;0;1;0;0;1;0;0;0;0;0;0;0;0;0;0;
2004 50 3;390;48045030454;5;0;0;0;0;0;1;0;0;0;0;1;0;0;0;0;0;0;0;0;0;0;0;
2004 50 3;391;48045030718;5;0;1;1;1;0;0;0;0;0;1;0;1;0;0;0;0;0;0;0;0;0;0;
2004 50 3;392;48045030649;5;1;1;0;0;1;0;1;0;0;0;0;1;0;0;0;0;1;0;0;0;0;0;
2004 50 3;393;48045030518;5;0;0;0;1;0;1;0;0;0;0;0;0;0;0;0;0;0;0;0;0;0;0;
2004 50 3;394;48045030200;5;0;1;0;0;0;0;0;0;0;0;0;1;0;0;0;0;0;0;0;0;0;0;
2004 50 3;395;48045030506;5;0;0;0;0;0;1;0;0;0;0;0;0;0;0;0;0;0;0;0;0;0;0;
2004 50 3;396;48045030771;5;1;1;1;1;1;0;1;1;0;0;0;1;0;1;1;1;1;0;0;0;0;0;
2004 50 3;397;48045030529;5;0;0;0;0;0;1;0;0;0;0;1;0;0;0;0;0;0;0;0;0;1;0;
2004 50 3;398;48045010584;5;0;1;0;0;0;0;1;0;0;0;0;0;0;0;0;0;0;0;0;0;1;0;
2004 50 3;399;48045030741;5;0;1;0;0;0;0;1;0;0;0;0;0;0;0;0;0;0;0;0;0;1;0;
2004 50 3;400;48045030328;5;0;0;0;0;0;1;0;0;0;0;0;0;0;0;0;0;0;0;0;0;1;0;
2004 50 3;401;48045010372;5;0;1;1;1;0;0;0;0;0;0;0;1;0;0;0;0;0;0;0;0;1;0;
2004 50 3;402;48045030244;5;0;0;0;0;0;1;0;0;0;0;0;0;0;0;0;0;0;0;0;0;1;0;
2004 50 3;403;48045030747;5;0;1;0;0;0;0;0;0;0;0;0;1;0;0;0;0;0;0;0;0;1;0;
2004 50 3;404;48045030342;5;1;0;0;0;0;1;0;0;0;0;0;0;0;0;0;0;0;0;0;0;1;0;
2004 50 3;405;48045030754;5;0;1;0;0;1;0;0;0;0;0;0;1;0;0;0;0;0;0;0;0;0;0;
2004 50 3;406;48045030435;5;0;0;0;0;0;1;0;0;0;0;1;0;0;0;0;0;0;0;0;0;1;0;
2004 50 3;407;48045030780;5;0;1;1;1;0;0;0;0;0;0;0;1;0;0;0;0;0;0;0;0;0;0;
2004 50 3;408;48045030690;5;1;1;0;0;1;0;1;0;1;0;0;1;0;0;0;0;0;0;0;0;0;0;
2004 50 3;409;48044903274;5;0;0;0;0;0;1;0;0;0;0;0;0;0;0;0;0;0;0;0;1;0;1;
2004 50 3;410;48045030165;5;0;1;0;0;0;0;1;0;0;0;0;1;0;0;0;0;0;0;0;0;0;0;
2004 50 3;411;48044803583;5;0;0;0;1;1;1;0;1;0;0;0;0;0;0;0;0;0;0;0;0;0;1;
2004 50 3;412;48045020481;5;0;1;0;0;0;0;0;0;0;0;0;1;0;0;0;0;0;0;0;0;0;0;
2004 50 3;413;48045030525;5;1;0;0;1;0;1;0;0;0;0;0;1;0;0;0;0;0;0;0;0;0;0;
2004 50 3;414;48045030197;5;0;1;0;0;1;0;1;0;0;0;0;1;0;0;0;0;0;0;0;0;0;0;
2004 50 3;415;48045020583;5;0;1;1;1;0;0;0;1;0;1;0;1;1;1;1;1;1;0;0;0;0;0;
2004 50 3;416;48045030422;5;0;0;0;0;0;1;0;0;0;0;0;0;0;0;0;0;0;0;0;0;0;0;
2004 50 3;417;48045030384;5;1;1;0;0;0;0;0;0;0;0;0;1;0;0;0;0;0;0;0;0;0;0;
2004 50 3;418;48045030088;5;0;0;0;0;1;1;0;0;0;0;0;1;0;0;0;0;0;1;0;0;0;0;
2004 50 3;419;48045020597;5;0;1;1;1;0;0;0;0;0;0;0;1;0;0;0;0;0;0;1;0;0;0;
2004 50 3;420;48045030300;5;0;0;0;0;0;1;0;0;0;0;0;0;0;0;0;0;0;0;0;0;0;0;
2004 50 3;421;48045030081;5;0;1;0;0;1;0;1;0;1;0;0;1;0;0;0;0;0;0;0;0;0;0;
2004 50 3;422;48045030347;5;1;0;0;1;0;1;0;0;0;1;0;1;0;0;0;0;0;0;0;0;0;0;
2004 50 3;423;48045030794;5;0;1;0;0;0;0;0;1;0;0;0;1;0;1;0;0;0;0;1;0;0;0;
2004 50 3;424;48045030139;5;0;0;0;0;0;1;0;0;1;0;0;0;0;0;0;0;0;0;0;0;0;0;
2004 50 3;425;48045020534;5;0;1;1;1;1;0;1;1;0;0;0;1;0;1;1;1;1;0;1;0;0;0;
2004 50 3;426;48045030295;5;1;0;0;0;0;1;0;0;0;0;0;0;0;0;0;0;0;0;0;0;0;0;
2004 50 3;427;48045030798;5;0;1;0;0;0;0;1;0;0;1;0;1;0;0;0;0;0;0;1;0;0;0;
2004 50 3;428;48045030340;5;0;0;0;1;0;1;0;0;0;0;0;0;0;0;0;0;0;0;0;0;0;0;
2004 50 3;429;48045020529;5;0;1;0;0;1;0;1;0;0;0;0;1;0;0;0;0;0;0;0;0;0;0;
2004 50 3;430;48045030118;5;1;0;0;1;0;1;0;0;0;0;0;0;0;0;0;0;0;0;0;0;0;0;
2004 50 3;431;48045020526;5;0;1;0;0;0;0;1;0;0;0;0;1;0;0;0;0;0;0;0;0;0;0;
2004 50 3;432;48045030463;5;0;0;0;0;0;1;0;0;0;0;1;0;0;0;0;0;0;0;0;0;0;0;
2004 50 3;433;48045020595;5;0;1;0;0;1;0;1;0;1;0;0;1;0;0;0;0;0;0;0;0;0;0;
2004 50 3;434;48045020584;5;0;1;0;0;0;0;0;0;0;0;0;1;1;0;0;1;0;0;0;0;0;0;
2004 50 3;435;48045030254;5;1;0;0;1;0;1;0;1;0;0;0;1;0;0;0;0;0;1;0;0;0;0;
2004 50 3;436;48045030709;5;0;1;0;0;1;0;1;0;0;1;0;1;0;0;0;0;1;0;0;0;0;0;
2004 50 3;437;48045030101;5;0;0;0;1;0;1;0;0;0;0;0;1;0;0;0;0;0;0;0;0;0;0;
2004 50 3;438;48045020482;5;0;1;0;0;0;0;0;0;0;0;0;1;0;0;0;0;0;0;0;0;0;0;
2004 50 3;439;48045030011;5;0;0;0;1;1;1;0;0;0;0;0;0;0;0;0;0;0;0;0;0;0;0;
2004 50 3;440;48045020434;5;0;1;0;0;0;0;0;0;0;0;0;1;0;0;0;0;0;0;0;0;0;0;
2004 50 3;441;48045030444;5;0;0;0;0;0;1;0;0;0;0;1;0;0;0;0;0;0;0;0;0;0;0;
2004 50 3;442;48045030713;5;0;1;1;1;0;0;0;0;0;0;0;1;0;0;0;0;0;0;0;0;0;0;
2004 50 3;443;48045030631;5;1;0;0;0;0;1;0;0;0;0;0;0;0;0;0;0;0;0;0;0;0;0;
2004 50 3;444;48045020512;5;0;1;0;0;1;0;1;0;0;0;0;1;0;0;0;1;0;0;0;0;0;0;
2004 50 3;445;48045030470;5;0;0;0;1;0;1;0;1;0;0;0;1;0;0;0;0;0;0;0;0;0;0;
2004 50 3;446;48045030451;5;0;0;0;0;0;1;0;0;0;0;1;0;0;0;0;0;0;0;0;0;0;0;
2004 50 3;447;48045030676;5;1;1;0;0;1;0;1;0;0;1;0;1;0;0;0;0;1;0;0;0;0;0;
2004 50 3;448;48045003900;5;0;0;0;1;0;1;0;0;0;0;0;0;0;0;0;0;0;0;0;0;0;1;
2004 50 3;449;48045030205;5;0;1;0;0;0;0;0;0;0;0;0;1;0;0;0;0;0;0;0;0;0;0;
2004 50 3;450;48045030502;5;0;0;0;1;1;1;0;0;1;0;0;0;0;0;0;0;0;0;0;0;0;0;
2004 50 3;451;48045020560;5;0;1;0;0;0;0;0;0;0;0;0;1;0;0;0;1;0;0;0;0;0;0;
2004 50 3;452;48045030278;5;0;0;0;1;0;1;0;0;0;0;0;0;0;0;0;0;0;0;0;0;0;0;
2004 50 3;453;48045020461;5;1;1;0;0;1;0;1;0;0;0;0;1;0;0;0;0;1;0;0;0;0;0;
2004 50 3;454;48045030339;5;0;0;0;0;0;1;0;0;0;0;0;0;0;0;0;0;0;0;0;0;0;0;
2004 50 3;455;48045030661;5;0;1;1;1;0;0;1;0;0;0;0;1;0;0;0;0;0;0;0;0;0;0;
2004 50 3;456;48045030202;5;0;1;0;0;0;0;0;0;0;0;0;1;0;0;0;0;0;0;0;0;0;0;
2004 50 3;457;48045030542;5;0;0;0;1;0;1;0;0;0;0;0;1;0;0;0;0;0;0;0;0;0;0;
2004 50 3;458;48045030209;5;0;1;0;0;1;0;1;0;0;0;0;1;0;0;0;0;0;0;0;0;0;0;
2004 50 3;459;48045030456;5;0;0;0;0;0;1;0;0;0;0;1;0;0;0;0;0;0;0;0;0;0;0;
2004 50 3;460;48045030399;5;1;1;1;1;0;0;0;0;0;0;0;1;0;0;0;0;1;0;0;0;0;0;
2004 50 3;461;48045030099;5;0;1;0;0;1;0;1;0;0;0;0;1;0;0;0;1;0;0;0;0;0;0;
2004 50 3;462;48045030042;5;0;0;0;1;0;1;0;0;0;0;0;0;0;0;0;0;0;0;0;0;0;0;
2004 50 3;463;48045030159;5;0;1;0;0;0;0;1;0;0;0;0;1;0;0;0;0;0;0;0;0;0;0;
2004 50 3;464;48045120052;5;1;0;0;1;0;1;0;0;0;0;0;1;0;0;0;0;0;0;0;0;0;0;
2004 50 3;465;48045030207;5;0;1;0;0;1;0;1;0;0;0;0;1;0;0;0;0;0;0;0;0;0;0;
2004 50 3;466;48045030429;5;0;0;0;1;0;1;0;0;0;0;0;1;0;0;0;0;0;0;0;0;0;0;
2004 50 3;467;48045030204;5;0;1;0;0;0;0;0;0;0;0;0;1;0;0;0;0;0;0;0;0;0;0;
2004 50 3;468;48044803581;5;0;0;0;1;1;1;0;1;0;0;0;0;0;0;0;0;0;0;0;0;0;1;
2004 50 3;469;48045020180;5;0;1;0;0;0;0;1;0;1;0;0;1;0;0;0;0;0;0;0;0;0;0;
2004 50 3;470;48045030477;5;0;0;0;0;0;1;0;0;0;0;0;0;0;0;0;0;0;1;0;0;0;0;
2004 50 3;471;48045030752;5;1;1;1;1;1;0;0;0;0;0;0;1;0;0;0;1;0;0;0;0;0;0;
2004 50 3;472;48045030024;5;0;0;0;0;0;1;0;0;0;0;0;0;0;0;0;0;0;0;0;0;0;0;
2004 50 3;473;48045030201;5;0;1;0;0;0;0;0;0;0;0;0;1;0;0;0;0;0;0;0;0;0;0;
2004 50 3;474;48045030457;5;0;0;0;0;0;1;0;0;0;0;1;0;0;0;0;0;0;0;0;0;0;0;
2004 50 3;475;48045030777;5;1;1;1;1;1;0;1;1;0;0;0;1;0;1;1;1;1;0;0;0;0;0;
2004 50 3;476;48045030641;5;0;1;0;0;0;0;1;0;0;0;0;1;1;0;0;0;0;0;0;0;0;0;
2004 50 3;477;48045030500;5;0;0;0;1;0;1;0;0;0;0;0;1;0;0;0;0;0;0;0;0;0;0;
2004 50 3;478;48045030203;5;0;1;0;0;0;0;0;0;0;0;0;1;0;0;0;0;0;0;0;0;0;0;
2004 50 3;479;48045030140;5;1;0;0;0;0;1;0;0;0;0;0;0;0;0;0;0;0;0;0;0;0;0;
2004 50 3;480;48045030316;5;0;1;0;0;0;0;0;0;0;0;0;1;0;0;0;0;0;0;0;0;0;0;
2004 50 3;481;48045030421;5;0;0;0;0;1;1;0;0;0;1;0;0;0;0;0;0;0;0;0;0;0;0;
2004 50 3;482;48045030660;5;0;1;1;1;0;0;1;0;0;0;0;1;0;0;0;0;0;0;0;0;0;0;
2004 50 3;483;48045030133;5;0;0;0;0;0;1;0;0;1;0;0;0;0;0;0;0;0;0;0;0;0;0;
2004 50 3;484;48045030673;5;1;1;0;0;1;0;0;0;0;0;0;1;0;0;0;0;0;0;0;0;0;0;
2004 50 3;485;48045003904;5;0;0;0;1;0;1;0;1;0;0;0;0;0;0;0;0;0;0;0;0;0;1;
2004 50 3;486;48045030151;5;0;1;0;0;0;0;1;0;0;0;0;1;0;0;0;0;0;0;0;0;0;0;
2004 50 3;487;48045030106;5;0;0;0;0;0;1;0;0;0;0;0;0;0;0;0;0;0;0;0;0;0;0;
2004 50 3;488;48045020567;5;1;1;1;1;1;0;1;1;0;0;0;1;0;1;1;1;1;0;0;0;0;0;
2004 50 3;489;48045030089;5;0;0;0;0;0;1;0;0;0;0;0;0;0;0;0;0;0;0;0;0;0;0;
2004 50 3;490;48045030305;5;0;1;0;0;0;0;0;0;0;0;0;1;0;0;0;0;0;0;0;0;0;0;
2004 50 3;491;48045003764;5;0;0;0;1;0;1;0;0;0;0;0;0;0;0;0;0;0;0;0;0;0;1;
2004 50 3;492;48044804030;5;0;1;0;0;1;0;1;0;1;0;0;1;0;0;0;0;0;0;0;0;0;0;
2004 50 3;493;48044403129;5;0;0;0;0;0;1;0;0;0;1;0;0;0;0;0;0;0;0;0;0;0;1;
2004 50 3;494;48045030294;5;0;1;0;0;0;0;0;0;0;0;0;1;0;0;0;0;0;0;0;0;0;0;
2004 50 3;495;48045030130;5;0;0;0;1;0;1;0;0;0;0;0;0;0;0;0;0;0;0;0;0;0;0;
2004 50 3;496;48045030683;5;1;1;0;0;1;0;1;0;1;0;0;1;0;0;0;0;0;0;0;0;0;0;
2004 50 3;497;48045003898;5;0;0;0;1;0;1;0;1;0;0;0;0;0;0;0;0;0;0;0;0;0;1;
2004 50 3;498;48045020464;5;0;1;0;0;0;0;0;0;0;0;0;1;0;0;0;0;0;0;0;0;0;0;
2004 50 3;499;48045003767;5;0;0;0;1;1;1;0;1;0;0;0;0;0;0;0;0;0;0;0;0;0;1;
2004 50 3;500;48045030379;5;1;1;0;0;0;0;0;0;0;0;0;1;0;0;0;0;1;0;0;0;0;0;
2004 50 3;501;48045030532;5;0;0;0;0;0;1;0;0;0;0;1;0;0;0;0;0;0;0;0;0;0;0;
2004 50 3;502;48045030733;5;0;1;0;0;1;0;0;0;0;0;0;1;0;0;0;0;0;0;0;0;0;0;
2004 50 3;503;48045030480;5;0;0;0;1;0;1;0;0;0;0;0;0;0;0;0;0;0;0;0;0;0;0;
2004 50 3;504;48044940617;5;0;1;0;0;0;0;1;0;0;0;0;1;0;0;0;0;0;0;0;0;0;0;
2004 50 3;505;48045030343;5;0;0;0;1;0;1;0;0;0;1;0;0;0;0;0;0;0;0;0;0;0;0;
2004 50 3;506;48045020347;5;0;1;0;0;1;0;0;0;0;0;0;1;0;0;0;0;0;0;0;0;0;0;
2004 50 3;507;48045030441;5;0;0;0;0;0;1;0;0;0;0;1;0;0;0;0;0;0;0;0;0;0;0;
2004 50 3;508;48045020532;5;1;1;1;1;0;0;1;1;0;0;0;1;0;1;1;1;1;0;0;0;0;0;
2004 50 3;509;48045030491;5;0;0;0;0;1;1;0;0;1;0;0;0;0;0;0;0;0;0;0;0;0;0;
2004 50 3;510;48045030150;5;0;1;0;0;0;0;1;0;0;0;0;1;0;0;0;0;0;0;0;0;0;0;
2004 50 3;511;48045030452;5;0;0;0;0;0;1;0;0;0;0;1;0;0;0;0;0;0;0;0;0;0;0;
2004 50 3;512;48045020407;5;1;1;1;1;0;0;0;0;0;0;0;1;0;0;0;0;0;0;0;0;0;0;
2004 50 3;513;48045020544;5;0;1;0;0;0;0;0;0;0;0;0;1;0;0;0;0;0;0;0;0;0;0;
2004 50 3;514;48045030113;5;0;0;0;1;1;1;0;1;0;0;0;1;0;0;0;0;0;0;0;0;0;0;
2004 50 3;515;48045020477;5;0;1;0;0;0;0;0;0;0;0;0;1;0;0;0;0;0;0;0;0;0;0;
2004 50 3;516;48045030096;5;0;0;0;1;0;1;0;0;0;0;0;1;0;0;0;0;0;0;0;0;0;0;
2004 50 3;517;48045030743;5;1;1;0;0;1;0;1;0;0;1;0;1;1;0;0;1;0;0;0;0;0;0;
2004 50 3;518;48045030017;5;0;0;0;1;0;1;0;0;0;0;0;1;0;0;0;0;0;0;0;0;0;0;
2004 50 3;519;48045020558;5;0;1;0;0;0;0;1;0;0;0;0;1;0;0;0;0;0;0;0;0;0;0;
2004 50 3;520;48045020587;5;0;1;1;1;1;0;1;1;0;0;0;1;0;1;1;1;1;0;0;0;0;0;
2004 50 3;521;48045030543;5;0;0;0;0;0;1;0;0;0;0;1;0;0;0;0;0;0;0;0;0;0;0;
2004 50 3;522;48045030731;5;0;1;0;0;0;0;1;0;0;0;0;1;0;0;0;0;0;0;0;0;0;0;
2004 50 3;523;48045030440;5;0;0;0;0;0;1;0;0;0;0;1;0;0;0;0;0;0;0;0;0;0;0;
2004 50 3;524;48045030668;5;1;1;1;1;0;0;0;0;0;0;0;1;0;0;0;0;0;0;0;0;0;0;
2004 50 3;525;48045003261;5;0;0;0;0;1;1;0;0;0;0;0;1;0;0;0;0;0;0;0;0;0;1;
2004 50 3;526;48045020493;5;0;1;0;0;0;0;0;0;0;0;0;1;0;0;0;0;0;0;0;0;0;0;
2004 50 3;527;48045030107;5;0;0;0;1;0;1;0;0;0;0;0;0;0;0;0;0;0;0;0;0;0;0;
2004 50 3;528;48045030681;5;1;1;0;0;1;0;1;0;1;0;0;1;0;0;0;0;0;0;0;0;0;0;
2004 50 3;529;48045030097;5;0;0;0;0;0;1;0;0;0;0;0;1;0;0;0;0;0;0;0;0;0;0;
2004 50 3;530;48045030648;5;0;1;0;0;0;0;1;0;0;0;0;1;0;0;0;0;0;0;0;0;0;0;
2004 50 3;531;48045030537;5;0;0;0;0;0;1;0;0;0;0;1;0;0;0;0;0;0;0;0;0;0;0;
2004 50 3;532;48045030748;5;1;1;1;1;1;0;1;1;0;1;0;1;0;1;1;1;1;0;0;0;0;0;
2004 50 3;533;48045030471;5;0;0;0;0;0;1;0;0;0;0;0;0;0;0;0;0;0;0;0;0;0;0;
2004 50 3;534;48045020601;5;0;1;0;0;0;0;0;0;0;0;0;1;0;0;0;0;0;0;0;0;0;0;
2004 50 3;535;48045030061;5;0;0;0;1;0;1;0;0;0;0;0;0;0;0;0;0;0;0;0;0;0;0;
2004 50 3;536;48045030080;5;0;1;0;0;1;0;1;0;1;0;0;1;0;0;0;0;0;0;0;0;0;0;
2004 50 3;537;48045030401;5;1;1;1;1;0;0;0;0;0;0;0;1;0;0;0;0;0;0;0;0;0;0;
2004 50 3;538;48044940132;5;0;0;0;0;0;1;0;0;0;0;0;0;0;0;0;0;0;0;0;0;0;1;
2004 50 3;539;48045020593;5;0;1;0;0;1;0;1;0;1;0;0;1;0;0;0;1;0;0;0;0;0;0;
2004 50 3;540;48045030427;5;0;0;0;0;0;1;0;0;0;0;0;0;0;0;0;0;0;0;0;0;0;0;
2004 50 3;541;48045030669;5;1;1;1;1;0;0;1;0;0;1;0;1;1;0;0;0;1;0;0;0;0;0;
2004 50 3;542;48045030464;5;0;0;0;0;0;1;0;0;0;0;1;0;0;0;0;0;0;0;0;0;0;0;
2004 50 3;543;48045030079;5;0;1;0;0;1;0;1;0;1;0;0;1;0;0;0;0;0;0;0;0;0;0;
2004 50 3;544;48045030012;5;0;0;0;1;0;1;0;0;0;0;0;0;0;0;0;0;0;0;0;0;0;0;
2004 50 3;545;48045020410;5;0;1;0;0;0;0;0;0;0;0;0;1;0;0;0;0;0;0;0;0;0;0;
2004 50 3;546;48044803572;5;0;0;0;1;1;1;0;1;0;0;0;0;0;0;0;0;0;0;0;0;0;1;
2004 50 3;547;48045020467;5;1;1;0;0;0;0;0;0;0;0;0;1;0;0;0;1;1;0;0;0;0;0;
2004 50 3;548;48045030052;5;0;0;0;1;0;1;0;0;0;0;0;1;0;0;0;0;0;0;0;0;0;0;
2004 50 3;549;48045030761;5;0;1;0;0;1;0;0;0;0;0;0;1;0;0;0;0;0;0;0;0;0;0;
2004 50 3;550;48045030806;5;0;0;0;1;0;1;0;0;0;0;0;0;0;0;0;0;0;1;0;0;0;0;
2004 50 3;551;48045020444;5;0;1;0;0;0;0;1;0;1;0;0;1;0;0;0;0;0;0;0;0;0;0;
2004 50 3;552;48045030156;5;0;1;0;0;0;0;1;0;0;0;0;1;0;0;0;0;0;0;0;0;0;0;
2004 50 3;553;48044803574;5;0;0;0;1;1;1;0;1;0;0;0;0;0;0;0;0;0;0;0;0;0;1;
2004 50 3;554;48045030383;5;1;1;0;0;0;0;0;0;0;0;0;1;0;0;0;0;0;0;0;0;0;0;
2004 50 3;555;48045030458;5;0;0;0;0;0;1;0;0;0;0;1;0;0;0;0;0;0;0;0;0;0;0;
2004 50 3;556;48045030562;5;0;1;1;1;1;0;0;0;0;0;0;1;0;0;0;1;0;0;0;0;0;0;
2004 50 3;557;48045030510;5;0;0;0;0;0;1;0;0;0;0;0;0;0;0;0;0;0;0;0;0;0;0;
2004 50 3;558;48045030292;5;0;1;0;0;0;0;0;0;0;0;0;1;0;0;0;0;0;0;0;0;0;0;
2004 50 3;559;48044803440;5;0;0;0;1;1;1;0;1;0;0;0;0;0;0;0;0;0;0;0;0;0;1;
2004 50 3;560;48045030298;5;0;1;0;0;0;0;0;0;0;0;0;1;0;0;0;0;0;0;0;0;0;0;
2004 50 3;561;48045030121;5;0;0;0;1;0;1;0;0;0;0;0;1;0;0;0;0;0;0;0;0;0;0;
2004 50 3;562;48045030693;5;1;1;0;0;1;0;1;0;1;0;0;1;0;0;0;0;0;0;0;0;0;0;
2004 50 3;563;48045030721;5;0;1;0;0;0;0;1;0;0;1;0;1;0;0;0;0;0;0;0;0;0;0;
2004 50 3;564;48045030459;5;0;0;0;0;0;1;0;0;0;0;1;0;0;0;0;0;0;0;0;0;0;0;
2004 50 3;565;48045010449;5;0;1;1;1;1;0;1;0;0;0;0;1;0;0;0;0;0;0;0;0;0;0;
2004 50 3;566;48045030120;5;0;0;0;0;0;1;0;0;1;0;0;0;0;0;0;0;0;0;0;0;0;0;
2004 50 3;567;48045030297;5;0;1;0;0;0;0;0;0;0;0;0;1;0;0;0;0;0;0;0;0;0;0;
2004 50 3;568;48045030472;5;0;0;0;0;0;1;0;0;0;0;0;0;0;0;0;0;0;0;0;0;0;0;
2004 50 3;569;48045020565;5;1;1;1;1;1;0;1;1;0;0;0;1;0;1;1;1;1;0;0;0;0;0;
2004 50 3;570;48045003352;5;0;0;0;0;0;1;0;0;1;0;0;1;0;0;0;0;0;0;0;0;0;1;
2004 50 3;571;48045020588;5;0;1;0;0;0;0;1;0;0;0;0;0;0;0;0;0;0;0;0;0;0;0;
2004 50 3;572;48045030522;5;0;0;0;0;0;1;0;0;0;0;0;0;0;0;0;0;0;0;0;0;0;0;
2004 50 3;573;48045030400;5;1;1;1;1;0;0;0;0;0;0;0;1;0;0;0;0;1;0;0;0;0;0;
2004 50 3;574;48045030443;5;0;0;0;0;0;1;0;0;0;0;1;0;0;0;0;0;0;0;0;0;0;0;
2004 50 3;575;48045030158;5;0;1;0;0;0;0;1;0;0;0;0;1;0;0;0;0;0;0;0;0;0;0;
2004 50 3;576;48045030029;5;0;0;0;1;0;1;0;0;0;0;0;0;0;0;0;0;0;0;0;0;0;0;
2004 50 3;577;48045030685;5;1;1;0;0;1;0;1;0;1;0;0;1;0;0;0;0;0;0;0;0;0;0;
2004 50 3;578;48045030521;5;0;0;0;1;0;1;0;0;0;0;0;1;0;0;0;0;0;0;0;0;0;0;
2004 50 3;579;48044940626;5;0;1;0;0;0;0;0;0;0;0;0;1;0;0;0;0;0;0;0;0;0;0;
2004 50 3;580;48045030453;5;0;0;0;0;0;1;0;0;0;0;1;0;0;0;0;0;0;0;0;0;0;0;
2004 50 3;581;48045020396;5;0;1;1;1;1;0;1;0;0;0;0;1;0;0;0;1;0;0;0;0;0;0;
2004 50 3;582;48045020414;5;0;1;0;0;0;0;0;0;0;0;0;1;0;0;0;0;0;0;0;0;0;0;
2004 50 3;583;48045030134;5;0;0;0;0;0;1;0;0;0;0;0;0;0;0;0;0;0;1;0;0;0;0;
2004 50 3;584;48045030374;5;1;1;0;0;1;0;0;0;0;0;0;1;0;0;0;0;1;0;0;0;0;0;
2004 50 3;585;48045030556;5;0;1;1;1;0;0;1;0;0;0;0;1;0;0;0;0;0;0;0;0;0;0;
2004 50 3;586;48045030117;5;0;0;0;0;0;1;0;0;0;0;0;0;0;0;0;0;0;0;0;0;0;0;
2004 50 3;587;48044804029;5;0;1;0;0;1;0;1;0;1;0;0;1;0;0;0;0;0;0;0;0;0;0;
2004 50 3;588;48045030103;5;0;0;0;0;0;1;0;0;0;0;0;0;0;0;0;0;0;0;0;0;0;0;
2004 50 3;589;48045030785;5;1;1;0;0;0;0;1;0;0;0;0;1;0;0;0;1;0;0;0;0;0;0;
2004 50 3;590;48045003349;5;0;0;0;1;1;1;0;1;1;0;0;0;0;0;0;0;0;0;0;0;0;1;
2004 50 3;591;48045020591;5;0;1;0;0;0;0;1;0;0;0;0;0;0;0;0;0;0;0;0;0;0;0;
2004 50 3;592;48045030105;5;0;0;0;1;0;1;0;0;0;0;0;1;0;0;0;0;0;0;0;0;0;0;
2004 50 3;593;48045030686;5;1;1;0;0;1;0;1;0;1;0;0;1;0;0;0;0;0;0;0;0;0;0;
2004 50 3;594;48045030093;5;0;0;0;0;0;1;0;0;0;0;0;0;0;0;0;0;0;0;0;0;0;0;
2004 50 3;595;48045020208;5;0;1;0;0;0;0;0;0;0;0;0;1;0;0;0;0;0;0;0;0;0;0;
2004 50 3;596;48045030462;5;0;0;0;0;0;1;0;0;0;0;1;0;0;0;0;0;0;0;0;0;0;0;
2004 50 3;597;48045020051;5;1;1;1;1;0;0;1;1;0;0;0;1;0;1;1;1;1;0;0;0;0;0;
2004 50 3;598;48045020015;5;0;0;0;0;1;1;0;0;1;0;0;0;0;0;0;0;0;0;0;0;0;0;
2004 50 3;599;48045030659;5;0;1;0;0;0;0;1;0;0;0;0;1;0;0;0;0;0;0;0;0;0;0;
2004 50 3;600;48045030028;5;0;0;0;1;0;1;0;0;0;0;0;1;0;0;0;0;0;0;0;0;0;0;
2004 50 3;601;48045030687;5;1;1;0;0;1;0;1;0;1;0;0;1;0;0;0;0;0;0;0;0;0;0;
2004 50 3;602;48045030040;5;0;0;0;1;0;1;0;1;0;0;0;0;0;0;0;0;0;0;0;0;0;0;
2004 50 3;603;48045030643;5;0;1;0;0;0;0;1;0;0;0;0;1;1;0;0;0;1;0;0;0;0;0;
2004 50 3;604;48045030092;5;0;0;0;0;0;1;0;0;0;0;0;0;0;0;0;0;0;0;0;0;0;0;
2004 50 3;605;48045030763;5;1;1;1;1;1;0;0;0;0;0;0;1;0;0;0;1;0;0;0;0;0;0;
2004 50 3;606;48045020451;5;0;1;0;0;0;0;0;0;0;0;0;1;0;0;0;0;0;0;0;0;0;0;
2004 50 3;607;48045030122;5;0;0;0;1;0;1;0;0;0;0;0;1;0;0;0;0;0;0;0;0;0;0;
2004 50 3;608;48045020497;5;0;1;0;0;0;0;0;0;0;0;0;1;0;0;0;0;0;0;0;0;0;0;
2004 50 3;609;48045003769;5;0;0;0;1;1;1;0;1;0;0;0;0;0;0;0;0;0;0;0;0;0;1;
2004 50 3;610;48045020418;5;0;1;0;0;0;0;0;0;0;0;0;1;0;0;0;0;0;0;0;0;0;0;
2004 50 3;611;48045030064;5;1;1;1;1;0;0;1;1;0;0;0;1;0;1;1;1;1;0;0;0;0;0;
2004 50 3;612;48045030128;5;0;0;0;0;1;1;0;0;1;0;0;0;0;0;0;0;0;0;0;0;0;0;
2004 50 3;613;48045030144;5;0;1;0;0;0;0;1;0;0;0;0;1;0;0;0;0;0;0;0;0;0;0;
2004 50 3;614;48045030541;5;0;0;0;0;0;1;0;0;0;0;1;0;0;0;0;0;0;0;0;0;0;0;
2004 50 3;615;48045030694;5;1;1;0;0;1;0;1;0;1;0;0;1;0;0;0;0;0;0;0;0;0;0;
2004 50 3;616;48045030129;5;0;0;0;1;0;1;0;0;0;0;0;1;0;0;0;0;0;0;0;0;0;0;
2004 50 3;617;48045020402;5;0;1;0;0;0;0;0;0;0;0;0;1;0;0;0;0;0;0;0;0;0;0;
2004 50 3;618;48045030675;5;0;1;0;0;0;0;1;0;0;0;0;1;0;0;0;1;0;0;0;0;0;0;
2004 50 3;619;48045030135;5;1;0;0;0;0;1;0;1;0;0;0;1;0;0;0;0;0;0;0;0;0;0;
2004 50 3;620;48045030705;5;0;1;1;1;0;0;0;0;0;0;0;1;0;0;0;0;0;0;0;0;0;0;
2004 50 3;621;48045030149;5;0;1;0;0;0;0;1;0;0;0;0;1;0;0;0;0;0;0;0;0;0;0;
2004 50 3;622;48045030091;5;0;0;0;0;0;1;0;0;0;0;0;0;0;0;0;0;0;0;0;0;0;0;
2004 50 3;623;48045030372;5;1;1;0;0;1;0;0;0;0;0;0;1;0;0;0;0;1;0;0;0;0;0;
2004 50 3;624;48045030090;5;0;0;0;0;0;1;0;0;0;0;0;0;0;0;0;0;0;0;0;0;0;0;
2004 50 3;625;48045030157;5;0;1;0;0;0;0;1;0;0;0;0;1;0;0;0;0;0;0;0;0;0;0;
2004 50 3;626;48045003768;5;0;0;0;1;1;1;0;1;0;0;0;0;0;0;0;0;0;0;0;0;0;1;
2004 50 3;627;48045020401;5;0;1;0;0;0;0;0;0;0;0;0;0;0;0;0;0;0;0;0;0;0;0;
2004 50 3;628;48045030035;5;0;0;0;1;0;1;0;0;0;0;0;0;0;0;0;0;0;0;0;0;0;0;
2004 50 3;629;48045030657;5;1;1;0;0;1;0;1;0;0;1;0;1;0;0;0;1;0;0;0;0;0;0;
2004 50 3;630;48045030114;5;0;0;0;0;0;1;0;0;0;0;0;1;0;0;0;0;0;0;0;0;0;0;
2004 50 3;631;48044930398;5;0;1;1;1;0;0;0;0;0;0;0;1;0;0;0;0;1;0;0;0;0;0;
2004 50 3;632;48045030465;5;0;0;0;0;0;1;0;0;0;0;1;0;0;0;0;0;0;0;0;0;0;0;
2004 50 3;633;48045030389;5;1;1;0;0;1;0;0;0;0;0;0;1;0;0;0;0;0;0;0;0;0;0;
2004 50 3;634;48045030467;5;0;0;0;1;0;1;0;0;0;0;0;1;0;0;0;0;0;0;0;0;0;0;
2004 50 3;635;48045020531;5;0;1;0;0;0;0;1;0;1;0;0;1;0;0;0;0;0;0;0;0;0;0;
2004 50 3;636;48045030481;5;0;0;0;1;0;1;0;0;0;0;0;1;0;0;0;0;0;0;0;0;0;0;
2004 50 3;637;48045030386;5;1;1;0;0;1;0;0;0;0;0;0;1;0;0;0;0;0;0;0;0;0;0;
2004 50 3;638;48044930399;5;0;1;1;1;0;0;0;0;0;0;0;1;0;0;0;0;1;0;0;0;0;0;
2004 50 3;639;48045030430;5;0;0;0;0;0;1;0;0;0;0;0;0;0;0;0;0;0;0;0;0;0;0;
2004 50 3;640;48045030078;5;0;1;0;0;1;0;1;0;1;0;0;1;0;0;0;0;0;0;0;0;0;0;
2004 50 3;641;48045030087;5;0;0;0;1;0;1;0;0;0;0;0;1;0;0;0;0;0;0;0;0;0;0;
2004 50 3;642;48045030309;5;0;1;0;0;0;0;1;0;0;0;0;1;0;0;0;0;0;0;0;0;0;0;
2004 50 3;643;48045003770;5;0;0;0;1;1;1;0;0;0;0;0;0;0;0;0;0;0;0;0;0;0;1;
2004 50 3;644;48045030293;5;0;1;0;0;0;0;1;0;0;0;0;1;0;0;0;0;0;0;0;0;0;0;
2004 50 3;645;48045030461;5;0;0;0;0;0;1;0;0;0;0;1;0;0;0;0;0;0;0;0;0;0;0;
2004 50 3;646;48045030734;5;1;1;1;1;1;0;1;1;0;0;0;1;0;1;1;1;1;0;0;0;0;0;
2004 50 3;647;48045030046;5;0;0;0;0;0;1;0;0;1;0;0;0;0;0;0;0;0;0;0;0;0;0;
2004 50 3;648;48045020078;5;0;1;0;0;0;0;0;0;0;1;0;1;0;0;0;0;0;0;0;0;0;0;
2004 50 3;649;48045030047;5;0;0;0;1;0;1;0;0;0;0;0;1;0;0;0;0;0;0;0;0;0;0;
2004 50 3;650;48044804031;5;1;1;0;0;0;0;1;0;1;0;0;1;0;0;0;0;0;0;0;0;0;0;
2004 50 3;651;48044803585;4;0;0;0;1;1;1;0;1;0;0;0;0;0;0;0;0;0;0;0;0;0;1;
2004 50 4;1;48045040307;12;0;0;0;0;0;1;0;0;1;0;0;0;0;0;0;0;0;0;0;0;0;0;
2004 50 4;2;48045030766;12;0;1;0;0;0;0;0;0;0;0;0;0;0;0;0;0;0;0;0;0;0;0;
2004 50 4;3;48045040148;12;0;0;0;0;1;1;0;0;0;0;0;0;0;0;0;0;0;0;0;0;0;0;
2004 50 4;4;48045020561;12;0;1;0;0;0;0;0;0;0;0;0;0;0;0;0;0;0;0;0;0;0;0;
2004 50 4;5;48045040210;12;0;0;0;0;0;1;0;0;0;0;0;0;0;0;0;0;0;0;0;0;0;0;
2004 50 4;6;48045040475;12;1;1;1;1;1;0;1;1;0;0;0;1;1;1;1;1;1;0;0;0;0;0;
2004 50 4;7;48045040312;12;0;0;0;0;0;1;0;0;1;0;0;0;0;0;0;0;0;0;0;0;0;0;
2004 50 4;8;48045040504;8;0;1;0;0;0;0;1;0;0;0;0;1;0;0;0;0;0;0;0;0;0;0;
2004 50 4;9;48045040514;6;0;0;0;1;0;1;0;0;0;0;0;0;0;0;0;0;0;0;0;1;0;0;
2004 50 4;10;48045040438;6;0;1;0;0;0;0;1;0;0;0;0;1;0;0;0;0;0;0;0;1;0;0;
2004 50 4;11;48044940339;6;0;1;0;0;0;0;0;0;0;0;0;0;0;0;0;0;0;0;0;1;0;0;
2004 50 4;12;48045040002;6;0;0;0;1;1;1;0;0;0;0;0;0;0;0;0;0;0;0;0;1;0;0;
2004 50 4;13;48045040451;8;0;1;0;0;0;0;1;0;0;0;0;1;0;0;0;0;0;0;0;0;0;0;
2004 50 4;14;48045040047;6;0;0;0;0;0;1;0;0;0;0;0;0;0;0;0;0;0;0;0;1;0;0;
2004 50 4;15;48045040432;10;0;1;1;1;1;0;1;0;0;0;0;1;0;0;0;0;0;0;0;0;0;0;
2004 50 4;16;48045040045;6;0;0;0;0;0;1;0;0;0;0;0;0;0;0;0;0;0;0;0;1;0;0;
2004 50 4;17;48045040450;8;0;1;0;0;0;0;1;0;0;0;0;1;0;0;0;0;0;0;0;0;0;0;
2004 50 4;18;48045030048;10;0;0;0;0;0;1;0;0;0;0;0;0;0;0;0;0;0;0;0;0;0;0;
2004 50 4;19;48045040416;10;1;1;1;1;1;0;1;0;0;1;0;1;0;0;0;1;1;0;0;0;0;0;
2004 50 4;20;48045040250;10;0;0;0;0;0;1;0;0;0;0;0;0;0;0;0;0;0;0;0;0;0;0;
2004 50 4;21;48045040505;10;0;1;0;0;0;0;0;0;0;0;0;1;0;0;0;0;0;0;0;0;0;0;
2004 50 4;22;48045040160;10;0;0;0;1;0;1;0;0;0;0;0;1;0;0;0;0;0;0;0;0;0;0;
2004 50 4;23;48045040513;10;1;1;0;0;1;0;1;1;0;0;0;1;0;1;0;0;0;0;0;0;0;0;
2004 50 4;24;48045040468;10;0;1;1;1;0;0;1;0;0;0;0;1;0;0;0;0;0;0;0;0;0;0;
2004 50 4;25;48045040249;10;0;0;0;0;0;1;0;0;0;0;0;0;0;0;0;0;0;0;0;0;0;0;
2004 50 4;26;48045040477;10;0;1;0;0;0;0;0;0;0;0;0;1;0;0;0;0;0;0;0;0;0;0;
2004 50 4;27;48045040155;10;0;0;0;1;0;1;0;0;0;0;0;1;0;0;0;0;0;0;0;0;0;0;
2004 50 4;28;48045004063;10;0;1;0;0;0;0;0;0;0;0;0;0;0;0;0;0;0;0;0;0;0;0;
2004 50 4;29;48045040251;10;0;0;0;0;0;1;0;0;0;0;0;0;0;0;0;0;0;0;0;0;0;0;
2004 50 4;30;48045040442;3;0;1;1;1;0;0;1;1;0;0;0;1;0;1;1;1;1;0;1;0;0;0;
2004 50 4;31;48045030526;9;0;0;0;0;0;1;0;0;0;0;0;0;0;0;0;0;0;0;0;0;0;0;
2004 50 4;32;48045040490;3;1;1;0;0;1;0;0;0;0;0;0;1;0;0;0;0;0;0;1;0;0;0;
2004 50 4;33;48045040510;9;0;0;0;1;0;1;0;0;0;0;0;1;0;0;0;0;0;0;0;0;0;0;
2004 50 4;34;48045040471;3;0;1;0;0;0;0;1;0;0;0;0;1;0;0;0;0;0;0;1;0;0;0;
2004 50 4;35;48045040295;9;0;0;0;0;0;1;0;0;1;0;0;0;0;0;0;0;0;0;0;0;0;0;
2004 50 4;36;48045040489;3;1;1;1;1;1;0;1;1;0;0;0;1;1;1;1;1;1;0;1;0;0;0;
2004 50 4;37;48045040149;9;0;0;0;0;0;1;0;0;0;0;0;0;0;0;0;0;0;0;0;0;0;0;
2004 50 4;38;48045040170;9;0;0;0;1;0;1;0;0;0;0;0;1;0;0;0;0;0;0;0;0;0;0;
2004 50 4;39;48045030762;5;0;1;0;0;1;0;0;0;0;0;0;1;0;0;0;0;0;0;0;0;0;0;
2004 50 4;40;48045040197;5;0;0;0;0;0;1;0;0;0;0;0;1;0;0;0;0;0;0;0;0;0;0;
2004 50 4;41;48045030408;5;1;1;1;1;0;0;0;0;0;0;0;1;0;0;0;0;0;0;0;0;0;0;
2004 50 4;42;48045040516;5;0;0;0;0;0;1;0;0;0;0;0;0;0;0;0;0;0;0;0;0;0;0;
2004 50 4;43;48045030784;5;0;1;0;0;0;0;0;1;0;0;0;1;0;1;0;0;0;0;0;0;0;0;
2004 50 4;44;48045040194;5;0;0;0;1;0;1;0;0;0;0;0;0;0;0;0;0;0;0;0;0;0;0;
2004 50 4;45;48045030395;5;1;1;0;0;1;0;0;0;0;0;0;1;0;0;0;0;1;0;0;0;0;0;
2004 50 4;46;48045040206;5;0;0;0;0;0;1;0;0;0;0;1;0;0;0;0;0;0;0;0;0;0;0;
2004 50 4;47;48044930401;5;0;1;1;1;0;0;0;0;0;0;0;1;0;0;0;0;1;0;0;0;0;0;
2004 50 4;48;48045040239;5;0;0;0;0;1;1;0;0;0;0;0;1;0;0;0;0;0;0;0;0;0;0;
2004 50 4;49;48045040493;5;1;1;0;0;0;0;0;1;0;0;0;1;0;1;0;0;0;0;0;0;0;0;
2004 50 4;50;48045040235;10;0;0;0;1;0;1;0;0;0;0;0;1;0;0;0;0;0;0;0;0;0;0;
2004 50 4;51;48045004061;10;0;1;0;0;0;0;0;0;0;0;0;0;0;0;0;0;0;0;0;0;0;0;
2004 50 4;52;48045040231;10;0;0;0;0;0;1;0;0;0;0;0;0;0;0;0;0;0;0;0;0;0;0;
2004 50 4;53;48045040431;10;0;1;1;1;1;0;1;0;0;0;0;1;0;0;0;0;0;0;0;0;0;0;
2004 50 4;54;48045040223;10;0;0;0;0;0;1;0;0;0;0;0;1;0;0;0;0;0;0;0;0;0;0;
2004 50 4;55;48045040440;10;0;1;0;0;0;0;0;0;0;0;0;1;0;0;0;0;0;0;0;0;0;0;
2004 50 4;56;48045040083;10;0;0;0;0;0;1;0;0;0;0;1;0;0;0;0;0;0;0;0;0;0;0;
2004 50 4;57;48045030790;10;1;1;0;0;0;0;1;0;0;0;0;1;0;0;0;0;0;0;0;0;0;0;
2004 50 4;58;48045040186;10;0;0;0;0;0;1;0;0;0;0;0;0;0;0;0;0;0;0;0;0;0;0;
2004 50 4;59;48045040495;10;0;1;1;1;0;0;1;1;0;0;0;1;0;1;1;1;1;0;0;0;0;0;
2004 50 4;60;48045040465;10;0;1;0;0;0;0;1;0;0;0;0;1;0;0;0;0;0;0;0;0;0;0;
2004 50 4;61;48045040187;4;0;0;0;1;0;1;0;0;0;0;0;0;0;0;0;0;0;0;0;0;0;0;
2004 50 4;62;48045004062;10;0;1;0;0;0;0;0;0;0;0;0;0;0;0;0;0;0;0;0;0;0;0;
2004 50 4;63;48045040151;10;0;0;0;0;0;1;0;0;0;0;0;0;0;0;0;0;0;0;0;0;0;0;
2004 50 4;64;48045040473;10;0;1;0;0;0;0;0;0;0;0;0;1;0;0;0;0;0;0;0;0;0;0;
2004 50 4;65;48045040252;10;0;0;0;0;0;1;0;0;0;0;0;0;0;0;0;0;0;0;0;0;0;0;
2004 50 4;66;48045030396;10;1;1;1;1;0;0;0;0;0;0;0;1;0;0;0;0;1;0;0;0;0;0;
2004 50 4;67;48045040248;10;0;0;0;0;0;1;0;0;0;0;0;0;0;0;0;0;0;0;0;0;0;0;
2004 50 4;68;48045030786;10;0;1;0;0;0;0;0;0;0;0;0;1;0;0;0;0;0;0;0;0;0;0;
2004 50 4;69;48045040150;10;0;0;0;1;0;1;0;0;0;0;0;1;0;0;0;0;0;0;0;0;0;0;
2004 50 4;70;48045030719;10;0;1;0;0;0;0;0;0;0;0;0;1;0;0;0;0;0;0;0;0;0;0;
2004 50 4;71;48045040162;10;0;0;0;1;0;1;0;0;0;0;0;1;0;0;0;0;0;0;0;0;0;0;
2004 50 4;72;48045030716;10;0;1;0;0;0;0;0;0;0;0;0;1;0;0;0;0;0;0;0;0;0;0;
2004 50 4;73;48045040247;10;0;0;0;0;0;1;0;0;0;0;0;0;0;0;0;0;0;0;0;0;0;0;
2004 50 4;74;48044603683;3;1;1;1;1;1;0;1;1;0;0;0;1;0;1;1;1;1;0;1;0;0;0;
2004 50 4;75;48045030783;3;0;1;0;0;0;0;0;0;0;0;0;1;0;0;0;0;0;0;1;0;0;0;
2004 50 4;76;48044940133;1;0;0;0;0;0;1;0;0;0;0;0;0;0;0;0;0;0;0;0;0;0;1;
2004 50 4;77;48045040479;3;0;1;0;0;1;0;0;0;0;0;0;1;0;0;0;0;0;0;1;0;0;0;
2004 50 4;78;48045040092;10;0;0;0;0;0;1;0;0;0;0;0;0;0;0;0;0;0;0;0;0;0;0;
2004 50 4;79;48045040454;10;0;1;0;0;0;0;1;0;0;0;0;1;0;0;0;0;0;0;0;0;0;0;
2004 50 4;80;48045040141;10;0;0;0;0;0;1;0;0;0;0;0;0;0;0;0;0;0;0;0;0;0;0;
2004 50 4;81;48045040434;10;0;1;1;1;1;0;1;0;0;0;0;1;0;0;0;0;0;0;0;0;0;0;
2004 50 4;82;48045040114;10;0;0;0;0;0;1;0;0;0;0;0;0;0;0;0;0;0;0;0;0;0;0;
2004 50 4;83;48045030703;10;0;1;0;0;0;0;1;0;0;0;0;1;0;0;0;0;0;0;0;0;0;0;
2004 50 4;84;48045040221;10;1;0;0;1;0;1;0;0;0;0;0;0;0;0;0;0;0;0;0;0;0;0;
2004 50 4;85;48045004211;10;0;1;0;0;1;0;1;0;0;0;0;1;0;0;0;0;0;0;0;0;0;0;
2004 50 4;86;48045040105;10;0;0;0;0;0;1;0;0;0;0;0;0;0;0;0;0;0;0;0;0;0;0;
2004 50 4;87;48045040025;10;0;1;1;1;0;0;1;1;0;0;0;1;0;1;1;1;1;0;0;0;0;0;
2004 50 4;88;48045040381;10;0;1;0;0;1;0;0;0;0;0;0;1;0;0;0;0;0;0;0;0;0;0;
2004 50 4;89;48045040224;10;0;0;0;1;0;1;0;0;0;0;0;0;0;0;0;0;0;0;0;0;0;0;
2004 50 4;90;48045040447;8;0;1;0;0;0;0;1;0;0;0;0;1;0;0;0;0;0;0;0;0;0;0;
2004 50 4;91;48045030756;8;0;1;0;0;0;0;1;0;0;0;0;1;0;0;0;0;0;0;0;0;0;0;
2004 50 4;92;48045040517;11;0;0;0;0;0;1;0;0;0;0;0;0;0;0;0;0;0;0;0;0;0;0;
2004 50 4;93;48045110370;2;1;1;1;1;1;0;1;0;0;0;0;1;1;0;0;0;1;0;0;0;0;0;
2004 50 4;94;48045040087;2;0;0;0;0;0;1;0;0;0;0;1;0;0;0;0;0;0;0;0;0;0;0;
2004 50 4;95;48045040463;2;0;1;0;0;0;0;0;0;0;0;0;1;0;0;0;0;0;0;0;0;0;0;
2004 50 4;96;48045040453;2;0;1;0;0;0;0;1;0;0;0;0;1;0;0;0;0;0;0;0;0;0;0;
2004 50 4;97;48045040265;2;0;0;0;0;0;1;0;0;0;0;0;0;0;0;0;0;0;0;0;0;0;0;
2004 50 4;98;48045040467;2;1;1;1;1;1;0;1;1;0;0;0;1;0;1;1;1;1;0;0;0;0;0;
2004 50 4;99;48045040452;2;0;1;0;0;0;0;1;0;0;0;0;1;0;0;0;0;0;0;0;0;0;0;
2004 50 4;100;48045040163;2;0;0;0;1;0;1;0;0;0;0;0;1;0;0;0;0;0;0;0;0;0;0;
2004 50 4;101;48045030706;2;0;1;0;0;0;0;0;0;0;1;0;1;0;0;0;0;0;0;0;0;0;0;
2004 50 4;102;48045040088;2;0;0;0;0;0;1;0;0;0;0;1;0;0;0;0;0;0;1;0;0;0;0;
2004 50 4;103;48045040422;2;0;1;0;0;1;0;0;0;0;0;0;1;0;0;0;0;1;0;0;0;0;0;
2004 50 4;104;48045040207;9;0;0;0;0;0;1;0;0;0;0;0;0;0;0;0;0;0;0;0;0;0;0;
2004 50 4;105;48045040503;2;1;1;0;0;0;0;0;0;0;1;0;1;0;0;0;0;0;0;0;0;0;0;
2004 50 4;106;48045040176;9;0;0;0;0;0;1;0;0;0;0;0;0;0;0;0;0;0;0;0;0;0;0;
2004 50 4;107;48045040502;8;0;1;1;1;1;0;1;1;0;0;0;1;0;1;0;1;0;0;0;0;0;0;
2004 50 4;108;48045004060;8;0;1;0;0;0;0;1;0;0;0;0;0;0;0;0;0;0;0;0;0;0;0;
2004 50 4;109;48045040300;9;0;0;0;0;0;1;0;0;1;0;0;0;0;0;0;0;0;0;0;0;0;0;
2004 50 4;110;48045030394;5;1;1;0;0;1;0;0;0;0;0;0;1;0;0;0;0;1;0;0;0;0;0;
2004 50 4;111;48045040161;5;0;0;0;0;0;1;0;0;0;0;0;0;0;0;0;0;0;0;0;0;0;0;
2004 50 4;112;48045030760;5;0;1;1;1;0;0;1;0;0;0;0;1;0;0;0;0;0;0;0;0;0;0;
2004 50 4;113;48045040205;5;0;0;0;0;0;1;0;0;0;0;1;0;0;0;0;0;0;0;0;0;0;0;
2004 50 4;114;48045030392;5;1;1;0;0;1;0;0;0;0;0;0;1;0;0;0;0;1;0;0;0;0;0;
2004 50 4;115;48045040127;10;0;0;0;1;0;1;0;0;0;0;0;0;0;0;0;0;0;0;0;0;0;0;
2004 50 4;116;48045030326;10;0;1;0;0;0;0;1;0;0;0;0;1;0;0;0;0;0;0;0;0;0;0;
2004 50 4;117;48045040196;10;0;0;0;1;1;1;0;0;0;0;0;0;0;0;0;0;0;0;0;0;0;0;
2004 50 4;118;48045040388;10;0;1;0;0;0;0;0;0;0;0;0;1;0;0;0;0;0;0;0;0;0;0;
2004 50 4;119;48045040132;10;0;0;0;0;0;1;0;0;0;0;0;0;0;0;0;0;0;0;0;0;0;0;
2004 50 4;120;48045040496;10;1;1;1;1;0;0;1;1;0;0;0;1;0;1;1;1;1;0;0;0;0;0;
2004 50 4;121;48045040189;10;0;0;0;0;0;1;0;0;0;0;0;0;0;0;0;0;0;0;0;0;0;0;
2004 50 4;122;48045030238;10;0;1;0;0;0;0;0;0;0;0;0;1;0;0;0;0;0;0;0;0;0;0;
2004 50 4;123;48045040188;10;0;0;0;1;0;1;0;0;0;0;0;1;0;0;0;0;0;0;0;0;0;0;
2004 50 4;124;48045030233;10;0;1;0;0;0;0;0;0;0;0;0;1;0;0;0;0;0;0;0;0;0;0;
2004 50 4;125;48045040164;10;0;0;0;1;0;1;0;0;0;0;0;1;0;0;0;0;0;0;0;0;0;0;
2004 50 4;126;48045040409;3;0;1;0;0;0;0;1;0;0;0;0;1;0;0;0;0;1;0;1;0;0;0;
2004 50 4;127;48045040385;3;1;1;0;0;1;0;1;1;0;1;0;1;0;1;0;0;0;0;1;0;0;0;
2004 50 4;128;48045040236;12;0;0;0;1;0;1;0;0;0;0;0;0;0;0;0;0;0;0;0;0;0;0;
2004 50 4;129;48045030704;12;0;1;0;0;0;0;1;0;0;0;0;1;0;0;0;1;0;0;0;0;0;0;
2004 50 4;130;48045040144;12;0;0;0;0;0;1;0;0;0;0;0;0;0;0;0;0;0;0;0;0;0;0;
2004 50 4;131;48045030723;12;0;1;0;0;0;0;0;0;0;0;0;1;0;0;0;0;0;0;0;0;0;0;
2004 50 4;132;48045040168;12;0;0;0;1;0;1;0;0;0;0;0;1;0;0;0;0;0;0;0;0;0;0;
2004 50 4;133;48045040085;12;0;0;0;0;0;1;0;0;0;0;1;0;0;0;0;0;0;0;0;0;0;0;
2004 50 4;134;48045040484;12;0;1;1;1;0;0;1;1;0;0;0;1;1;1;1;1;1;0;0;0;0;0;
2004 50 4;135;48045040310;12;0;0;0;0;0;1;0;0;1;0;0;0;0;0;0;0;0;0;0;0;0;0;
2004 50 4;136;48045030740;7;0;1;0;0;0;0;0;0;0;0;0;0;0;0;0;0;0;0;0;0;1;0;
2004 50 4;137;48045040519;4;0;0;0;0;0;1;0;0;0;0;0;0;0;0;0;0;0;0;0;0;0;0;
2004 50 4;138;48045030125;4;0;1;0;0;0;0;0;0;0;1;0;1;0;0;0;0;0;0;0;0;0;0;
2004 50 4;139;48045040157;4;0;0;0;1;0;1;0;0;0;0;0;0;0;0;0;0;0;0;0;0;0;0;
2004 50 4;140;48045040051;4;0;1;0;0;1;0;1;0;0;0;0;1;0;0;0;1;0;0;0;0;0;0;
2004 50 4;141;48045040174;4;0;0;0;1;0;1;0;0;0;0;0;1;0;0;0;0;0;0;0;0;0;0;
2004 50 4;142;48045040456;4;0;1;0;0;0;0;1;0;0;0;0;1;0;0;0;0;0;0;0;0;0;0;
2004 50 4;143;48045040175;4;0;0;0;1;0;1;0;0;0;0;0;1;0;0;0;0;0;0;0;0;0;0;
2004 50 4;144;48045004110;4;0;1;0;0;0;0;0;0;0;0;1;1;0;0;0;0;0;0;0;0;0;0;
2004 50 4;145;48045040286;4;0;0;0;0;0;1;0;0;0;0;0;0;0;0;0;0;0;1;0;0;0;0;
2004 50 4;146;48045030787;4;1;1;1;1;0;0;1;1;0;0;0;1;0;1;1;1;1;0;0;0;0;0;
2004 50 4;147;48045040024;4;0;0;0;0;1;1;0;0;1;0;0;0;0;0;0;0;0;0;0;0;0;0;
2004 50 4;148;48045030237;10;0;1;0;0;0;0;0;0;0;0;0;1;0;0;0;0;0;0;0;0;0;0;
2004 50 4;149;48045040268;10;0;0;0;0;0;1;0;0;0;0;0;0;0;0;0;0;0;0;0;0;0;0;
2004 50 4;150;48045040460;10;0;1;1;1;0;0;1;0;0;0;0;1;0;0;0;0;0;0;0;0;0;0;
2004 50 4;151;48045040275;10;0;0;0;0;0;1;0;0;0;0;0;0;0;0;0;0;0;0;0;0;0;0;
2004 50 4;152;48045040414;10;0;1;0;0;0;0;1;0;0;0;0;1;0;0;0;1;0;0;0;0;0;0;
2004 50 4;153;48045040124;10;0;0;0;1;0;1;0;0;0;0;0;1;0;0;0;0;0;0;0;0;0;0;
2004 50 4;154;48045030671;10;1;1;0;0;0;0;0;0;0;0;0;1;0;0;0;0;1;0;0;0;0;0;
2004 50 4;155;48045040433;10;0;1;1;1;1;0;1;0;0;0;0;1;0;0;0;0;0;0;0;0;0;0;
2004 50 4;156;48045040217;10;0;0;0;0;0;1;0;0;0;0;0;0;0;0;0;0;0;0;0;0;0;0;
2004 50 4;157;48045030239;10;0;1;0;0;0;0;0;0;0;0;0;1;0;0;0;0;0;0;0;0;0;0;
2004 50 4;158;48045040254;10;0;0;0;0;0;1;0;0;0;0;0;0;0;0;0;0;0;0;0;0;0;0;
2004 50 4;159;48045110276;10;1;1;1;1;1;0;0;1;0;0;0;1;0;1;1;1;1;0;0;0;0;0;
2004 50 4;160;48045040234;9;0;0;0;0;0;1;0;0;0;0;0;0;0;0;0;0;0;0;0;0;0;0;
2004 50 4;161;48045040109;9;0;0;0;1;0;1;0;0;0;0;0;0;0;0;0;0;0;1;0;0;0;0;
2004 50 4;162;48045040448;8;0;1;0;0;0;0;1;0;0;0;0;1;0;0;0;0;0;0;0;0;0;0;
2004 50 4;163;48045040153;9;0;0;0;0;0;1;0;0;0;0;0;0;0;0;0;0;0;0;0;0;0;0;
2004 50 4;164;48045040446;8;1;1;1;1;1;0;0;0;0;0;0;1;0;0;0;0;1;0;0;0;0;0;
2004 50 4;165;48045040449;8;0;1;0;0;0;0;1;0;0;0;0;1;0;0;0;0;0;0;0;0;0;0;
2004 50 4;166;48045040106;9;0;0;0;1;0;1;0;0;0;0;0;0;0;0;0;0;0;1;0;0;0;0;
2004 50 4;167;48045030722;8;0;1;0;0;0;0;1;0;0;0;0;1;0;0;0;0;0;0;0;0;0;0;
2004 50 4;168;48045040258;9;0;0;0;0;0;1;0;0;0;0;0;0;0;0;0;0;0;0;0;0;0;0;
2004 50 4;169;48045040378;8;0;1;1;1;1;0;1;1;0;0;0;1;1;1;1;1;1;0;0;0;0;0;
2004 50 4;170;48045040256;9;0;0;0;0;0;1;0;0;0;0;0;0;0;0;0;0;0;0;0;0;0;0;
2004 50 4;171;48045030701;3;0;1;0;0;0;0;1;0;0;0;0;1;0;0;0;0;0;0;1;0;0;0;
2004 50 4;172;48045040301;9;0;0;0;0;0;1;0;0;1;0;0;0;0;0;0;0;0;0;0;0;0;0;
2004 50 4;173;48045040474;3;0;1;0;0;1;0;1;0;0;1;0;1;0;0;0;0;0;0;1;0;0;0;
2004 50 4;174;48045030730;3;0;1;0;0;0;0;0;0;0;0;0;1;0;0;0;0;0;0;1;0;0;0;
2004 50 4;175;48044940313;6;0;0;0;1;0;1;0;0;0;0;0;1;0;0;0;0;0;0;0;1;0;0;
2004 50 4;176;48045030746;3;0;1;0;0;0;0;1;1;0;0;0;1;0;1;0;0;0;0;1;0;0;0;
2004 50 4;177;48044940334;6;0;0;0;1;0;1;0;0;0;0;0;0;0;0;0;0;0;0;0;1;0;0;
2004 50 4;178;48044940414;6;0;1;0;0;0;0;0;0;0;0;0;0;0;0;0;0;0;0;0;1;0;0;
2004 50 4;179;48045040071;6;0;0;0;0;0;1;0;0;0;0;0;0;0;0;0;0;0;0;0;1;0;0;
2004 50 4;180;48044940335;6;1;1;1;1;0;0;1;0;0;0;0;1;0;0;0;0;0;0;0;1;0;0;
2004 50 4;181;48045040135;6;0;0;0;0;0;1;0;0;0;0;0;0;0;0;0;0;0;0;0;1;0;0;
2004 50 4;182;48045040386;6;0;1;0;0;0;0;0;0;0;0;0;1;0;0;0;0;0;0;0;1;0;0;
2004 50 4;183;48045040061;6;0;0;0;0;0;1;0;0;0;0;0;0;0;0;0;0;0;0;0;1;0;0;
2004 50 4;184;48044940443;6;1;1;1;1;1;0;0;0;0;0;0;1;0;0;0;1;1;0;0;1;0;0;
2004 50 4;185;48045040026;6;0;0;0;0;0;1;0;0;0;0;0;0;0;0;0;0;0;0;0;1;0;0;
2004 50 4;186;48045040394;6;0;1;0;0;0;0;0;0;0;0;0;1;0;0;0;0;0;0;0;1;0;0;
2004 50 4;187;48044940029;6;0;0;0;1;0;1;0;0;0;0;0;0;0;0;0;0;0;0;0;1;0;0;
2004 50 4;188;48045030307;13;0;1;0;0;1;0;0;0;0;0;0;1;0;0;0;0;0;0;0;0;0;0;
2004 50 4;189;48044940099;6;0;0;0;1;0;1;0;0;0;0;0;0;0;0;0;0;0;1;0;1;0;0;
2004 50 4;190;48045030331;13;0;1;0;0;0;0;1;0;0;0;0;1;0;0;0;0;0;0;0;0;0;0;
2004 50 4;191;48045004263;13;1;1;1;1;1;0;1;1;0;0;0;1;0;1;1;1;1;0;0;0;0;0;
2004 50 4;192;48045040202;9;0;0;0;0;0;1;0;0;0;0;0;0;0;0;0;0;0;0;0;0;0;0;
2004 50 4;193;48045030698;3;0;1;0;0;0;0;1;0;0;0;0;1;0;0;0;0;0;0;1;0;0;0;
2004 50 4;194;48045040255;9;0;0;0;0;0;1;0;0;0;0;0;0;0;0;0;0;0;0;0;0;0;0;
2004 50 4;195;48045030782;3;0;1;1;1;0;0;1;0;0;0;0;1;0;0;0;0;0;0;1;0;0;0;
2004 50 4;196;48045040259;9;0;0;0;0;0;1;0;0;0;0;0;0;0;0;0;0;0;0;0;0;0;0;
2004 50 4;197;48045030736;3;0;1;0;0;0;0;0;0;0;0;0;1;0;0;0;1;0;0;1;0;0;0;
2004 50 4;198;48045040284;9;0;0;0;0;0;1;0;0;0;0;0;0;0;0;0;0;0;0;0;0;0;0;
2004 50 4;199;48045030702;3;0;1;1;1;0;0;1;0;0;0;0;1;0;0;0;0;0;0;1;0;0;0;
2004 50 4;200;48045040408;3;0;1;0;0;0;0;1;0;0;0;0;1;0;0;0;0;1;0;1;0;0;0;
2004 50 4;201;48045040159;9;0;0;0;1;0;1;0;0;0;0;0;1;0;0;0;0;0;0;0;0;0;0;
2004 50 4;202;48045030391;5;1;1;0;0;1;0;0;0;0;0;0;1;0;0;0;0;1;0;0;0;0;0;
2004 50 4;203;48045040099;5;0;0;0;1;0;1;0;1;0;0;0;1;0;0;0;0;0;1;0;0;0;0;
2004 50 4;204;48045040478;5;0;1;0;0;0;0;1;0;0;0;0;1;0;0;0;0;0;0;0;0;0;0;
2004 50 4;205;48045040100;5;0;0;0;1;1;1;0;0;0;0;0;1;0;0;0;0;0;0;0;0;0;0;
2004 50 4;206;48045040480;5;0;1;0;0;0;0;0;0;0;0;0;1;0;0;0;0;0;0;0;0;0;0;
2004 50 4;207;48045040257;9;0;0;0;0;0;1;0;0;0;0;0;0;0;0;0;0;0;0;0;0;0;0;
2004 50 4;208;48045030767;4;1;1;1;1;1;0;1;1;0;0;0;1;0;1;1;1;1;0;0;0;0;0;
2004 50 4;209;48045040128;9;0;0;0;0;0;1;0;0;0;0;0;0;0;0;0;0;0;0;0;0;0;0;
2004 50 4;210;48045040507;8;0;1;0;0;0;0;0;0;0;0;0;1;0;0;0;0;0;0;0;0;0;0;
2004 50 4;211;48045040167;9;0;0;0;1;0;1;0;0;0;0;0;1;0;0;0;0;0;0;0;0;0;0;
2004 50 4;212;48045040472;8;0;1;0;0;1;0;1;0;0;0;0;1;1;0;0;0;0;0;0;0;0;0;
2004 50 4;213;48045040094;9;0;0;0;1;0;1;0;0;0;0;0;1;0;0;0;0;0;0;0;0;0;0;
2004 50 4;214;48045040482;8;0;1;0;0;0;0;0;0;0;0;0;1;0;0;0;0;0;0;0;0;0;0;
2004 50 4;215;48045040497;8;1;1;1;1;0;0;1;0;0;0;0;1;0;0;0;0;0;0;0;0;0;0;
2004 50 4;216;48045040289;12;0;0;0;0;0;1;0;0;1;0;0;0;0;0;0;0;0;0;0;0;0;0;
2004 50 4;217;48045030715;12;0;1;0;0;0;0;0;0;0;0;0;1;0;0;0;0;0;0;0;0;0;0;
2004 50 4;218;48045040166;12;0;0;0;1;0;1;0;0;0;0;0;1;0;0;0;0;0;0;0;0;0;0;
2004 50 4;219;48045040423;12;0;1;0;0;1;0;1;0;0;0;0;1;0;0;0;0;1;0;0;0;0;0;
2004 50 4;220;48045040282;12;0;0;0;1;0;1;0;0;0;0;0;0;0;0;0;0;0;0;0;0;0;0;
2004 50 4;221;48045030755;12;0;1;0;0;0;0;1;1;0;0;0;1;0;1;0;0;0;0;0;0;0;0;
2004 50 4;222;48045040288;12;0;0;0;0;0;1;0;0;1;0;0;0;0;0;0;0;0;0;0;0;0;0;
2004 50 4;223;48045040486;12;1;1;1;1;0;0;1;0;0;0;0;1;0;0;0;1;0;0;0;0;0;0;
2004 50 4;224;48045040084;12;0;0;0;0;0;1;0;0;0;0;1;0;0;0;0;0;0;0;0;0;0;0;
2004 50 4;225;48045040470;12;0;1;0;0;0;0;1;0;0;0;0;1;0;0;0;0;0;0;0;0;0;0;
2004 50 4;226;48045040126;12;0;0;0;1;0;1;0;0;0;0;0;1;0;0;0;0;0;0;0;0;0;0;
2004 50 4;227;48045040441;8;0;1;0;0;0;0;0;0;0;0;0;1;0;0;0;0;0;0;0;0;0;0;
2004 50 4;228;48045040309;12;0;0;0;0;0;1;0;0;1;0;0;0;0;0;0;0;0;0;0;0;0;0;
2004 50 4;229;48045040022;4;1;1;1;1;1;0;1;1;0;0;0;1;0;1;1;1;1;0;0;0;0;0;
2004 50 4;230;48045040165;4;0;0;0;0;0;1;0;0;0;0;0;0;0;0;0;0;0;0;0;0;0;0;
2004 50 4;231;48045030781;4;0;1;0;0;0;0;0;0;0;0;0;1;0;0;0;0;0;0;0;0;0;0;
2004 50 4;232;48045040101;4;0;0;0;1;0;1;0;0;0;0;0;0;0;0;0;0;0;0;0;0;0;0;
2004 50 4;233;48045030665;4;0;1;0;0;1;0;0;0;0;0;0;1;0;0;0;0;0;0;0;0;0;0;
2004 50 4;234;48045040208;4;0;0;0;1;0;1;0;1;0;0;0;1;0;0;0;0;0;0;0;0;0;0;
2004 50 4;235;48045040439;4;0;1;0;0;0;0;0;0;0;0;0;1;0;0;0;0;0;0;0;0;0;0;
2004 50 4;236;48045040090;4;0;0;0;0;0;1;0;0;0;0;1;0;0;0;0;0;0;0;0;0;0;0;
2004 50 4;237;48045030059;4;1;1;1;1;1;0;1;0;1;0;0;1;0;0;0;0;0;0;0;0;0;0;
2004 50 4;238;48045040232;4;0;0;0;0;0;1;0;0;0;0;0;0;0;0;0;0;0;0;0;0;0;0;
2004 50 4;239;48045020519;4;0;1;0;0;0;0;0;0;0;0;0;1;0;0;0;0;0;0;0;0;0;0;
2004 50 4;240;48045040108;4;0;0;0;0;0;1;0;0;0;0;0;0;0;0;0;0;0;0;0;0;0;0;
2004 50 4;241;48045040445;10;1;1;1;1;1;0;1;1;0;0;0;1;0;1;1;1;1;0;0;0;0;0;
2004 50 4;242;48045040281;10;0;0;0;0;0;1;0;0;0;0;0;0;0;0;0;0;0;0;0;0;0;0;
2004 50 4;243;48045030232;10;0;1;0;0;0;0;0;0;0;0;0;1;0;0;0;0;0;0;0;0;0;0;
2004 50 4;244;48045040272;10;0;0;0;0;0;1;0;0;0;0;0;1;0;0;0;0;0;0;0;0;0;0;
2004 50 4;245;48045040419;10;0;1;1;1;0;0;1;0;0;0;0;1;0;0;0;0;0;0;0;0;0;0;
2004 50 4;246;48045030210;10;0;1;0;0;0;0;1;0;0;0;0;1;0;0;0;0;0;0;0;0;0;0;
2004 50 4;247;48045040154;10;1;0;0;1;0;1;0;0;0;0;0;1;0;0;0;0;0;0;0;0;0;0;
2004 50 4;248;48045030236;10;0;1;0;0;0;0;0;0;0;0;0;1;0;0;0;0;0;0;0;0;0;0;
2004 50 4;249;48045040430;10;0;1;1;1;1;0;1;0;0;0;0;1;0;0;0;0;0;0;0;0;0;0;
2004 50 4;250;48045040266;10;0;0;0;0;0;1;0;0;0;0;0;0;0;0;0;0;0;0;0;0;0;0;
2004 50 4;251;48045030788;10;0;1;0;0;0;0;0;0;0;0;0;0;0;0;0;0;0;0;0;0;0;0;
2004 50 4;252;48045040278;10;0;0;0;0;0;1;0;0;0;0;0;0;0;0;0;0;0;0;0;0;0;0;
2004 50 4;253;48045030758;8;0;1;0;0;1;0;1;0;0;0;0;1;1;0;0;0;0;0;0;0;0;0;
2004 50 4;254;48045030797;4;1;1;1;1;0;0;1;1;1;0;0;1;0;1;1;1;1;0;0;0;0;0;
2004 50 4;255;48045040283;4;0;0;0;0;0;1;0;0;0;0;0;0;0;0;0;0;0;0;0;0;0;0;
2004 50 4;256;48045020456;4;0;1;0;0;0;0;0;0;0;0;0;1;0;0;0;0;0;0;0;0;0;0;
2004 50 4;257;48045040093;4;0;0;0;1;0;1;0;0;0;0;0;1;0;0;0;0;0;0;0;0;0;0;
2004 50 4;258;48045040402;8;0;1;0;0;0;0;1;0;0;0;0;1;0;0;0;0;0;0;0;0;0;0;
2004 50 4;259;48045030735;8;0;1;0;0;0;0;0;0;0;0;0;1;0;0;0;0;0;0;0;0;0;0;
2004 50 4;260;48045040086;11;0;0;0;0;1;1;0;0;0;0;0;0;0;0;0;0;0;0;0;0;0;0;
2004 50 4;261;48045030410;5;1;1;1;1;0;0;0;0;0;0;0;1;0;0;0;0;0;0;0;0;0;0;
2004 50 4;262;48045040204;5;0;0;0;0;0;1;0;0;0;0;1;0;0;0;0;0;0;0;0;0;0;0;
2004 50 4;263;48045040492;5;0;1;0;0;1;0;1;1;0;0;0;1;0;1;0;0;1;0;0;0;0;0;
2004 50 4;264;48045040233;5;0;0;0;0;0;1;0;0;0;0;0;0;0;0;0;0;0;0;0;0;0;0;
2004 50 4;265;48045030407;5;1;1;1;1;0;0;0;0;0;0;0;1;0;0;0;0;0;0;0;0;0;0;
2004 50 4;266;48045040185;12;0;0;0;0;0;1;0;0;0;1;0;0;0;0;0;0;0;0;0;0;0;0;
2004 50 4;267;48045030632;8;0;1;0;0;1;0;1;0;1;0;0;1;0;0;0;0;0;0;0;0;0;0;
2004 50 4;268;48045020524;8;0;1;0;0;0;0;0;0;0;0;0;1;0;0;0;0;0;0;0;0;0;0;
2004 50 4;269;48045040228;12;0;0;0;0;0;1;0;0;0;0;0;0;0;0;0;0;0;0;0;0;0;0;
2004 50 4;270;48045040017;12;0;1;1;1;1;0;1;1;0;0;0;1;0;1;1;1;1;0;0;0;0;0;
2004 50 4;271;48045040142;12;0;0;0;0;0;1;0;0;0;0;0;0;0;0;0;0;0;0;0;0;0;0;
2004 50 4;272;48045040417;8;0;1;0;0;0;0;1;0;0;0;0;1;0;0;0;0;0;0;0;0;0;0;
2004 50 4;273;48045040287;4;0;0;0;0;0;1;0;0;0;0;0;0;0;0;0;0;0;0;0;0;0;0;
2004 50 4;274;48045040390;4;0;1;1;1;1;0;1;0;0;0;0;1;0;0;0;0;0;0;0;0;0;0;
2004 50 4;275;48045040191;4;0;0;0;0;0;1;0;1;0;0;0;0;0;0;0;0;0;0;0;0;0;0;
2004 50 4;276;48045030317;4;0;1;0;0;0;0;0;0;0;0;0;1;0;0;0;0;0;0;0;0;0;0;
2004 50 4;277;48045040121;4;0;0;0;0;0;1;0;0;0;0;0;0;0;0;0;0;0;1;0;0;0;0;
2004 50 4;278;48045040511;4;0;1;1;1;0;0;1;0;0;0;0;1;0;0;0;0;0;0;0;0;0;0;
2004 50 4;279;48045040013;4;0;0;0;0;0;1;0;0;1;0;0;0;0;0;0;0;0;0;0;0;0;0;
2004 50 4;280;48045030744;4;0;1;0;0;0;0;1;0;0;0;0;1;1;0;0;0;0;0;0;0;0;0;
2004 50 4;281;48045040145;4;0;0;0;0;0;1;0;0;0;0;0;0;0;0;0;0;0;0;0;0;0;0;
2004 50 4;282;48045040476;4;1;1;1;1;0;0;1;1;0;0;0;1;0;1;1;1;1;0;0;0;0;0;
2004 50 4;283;48045040125;4;0;0;0;0;0;1;0;0;0;0;0;0;0;0;0;0;0;1;0;0;0;0;
2004 50 4;284;48045040104;4;0;0;0;1;0;1;0;0;0;0;0;1;0;0;0;0;0;0;0;0;0;0;
2004 50 4;285;48045030306;13;0;1;0;0;1;0;0;0;0;0;0;1;0;0;0;0;0;0;0;0;0;0;
2004 50 4;286;48045040308;12;0;0;0;0;0;1;0;0;1;0;0;0;0;0;0;0;0;0;0;0;0;0;
2004 50 4;287;48045040418;12;1;1;1;1;0;0;0;0;0;0;0;1;0;0;0;0;1;0;0;0;0;0;
2004 50 4;288;48045040195;12;0;0;0;0;1;1;0;1;0;1;0;1;0;0;0;0;0;0;0;0;0;0;
2004 50 4;289;48045040461;12;0;1;0;0;0;0;0;0;0;0;0;1;0;0;0;1;0;0;0;0;0;0;
2004 50 4;290;48045040243;12;0;0;0;1;0;1;0;0;0;0;0;0;0;0;0;0;0;0;0;0;0;0;
2004 50 4;291;48045030639;12;0;1;0;0;0;0;0;0;0;0;0;1;0;0;0;0;0;0;0;0;0;0;
2004 50 4;292;48045040293;12;0;0;0;0;0;1;0;0;1;0;0;0;0;0;0;0;0;0;0;0;0;0;
2004 50 4;293;48045030699;3;0;1;0;0;0;0;1;0;0;0;0;1;0;0;0;0;0;0;1;0;0;0;
2004 50 4;294;48044603684;3;1;1;1;1;1;0;1;1;0;0;0;1;0;1;1;1;1;0;1;0;0;0;
2004 50 4;295;48045040305;12;0;0;0;0;0;1;0;0;1;0;0;0;0;0;0;0;0;0;0;0;0;0;
2004 50 4;296;48045030700;3;0;1;0;0;0;0;1;0;0;0;0;1;0;0;0;0;0;0;1;0;0;0;
2004 50 4;297;48045040209;5;0;0;0;0;0;1;0;0;0;0;0;0;0;0;0;0;0;0;0;0;0;0;
2004 50 4;298;48045030083;5;0;1;0;0;1;0;1;0;1;0;0;1;0;0;0;0;0;0;0;0;0;0;
2004 50 4;299;48045030409;5;1;1;1;1;0;0;0;0;0;0;0;1;0;0;0;0;0;0;0;0;0;0;
2004 50 4;300;48045040216;5;0;0;0;0;0;1;0;0;0;0;0;0;0;0;0;0;0;0;0;0;0;0;
2004 50 4;301;48045030085;5;0;1;0;0;1;0;1;0;1;0;0;1;0;0;0;0;0;0;0;0;0;0;
2004 50 4;302;48045040219;5;0;0;0;0;0;1;0;0;0;0;0;0;0;0;0;0;0;0;0;0;0;0;
2004 50 4;303;48045030402;5;1;1;1;1;0;0;0;0;0;0;0;1;0;0;0;0;0;0;0;0;0;0;
2004 50 4;304;48045040260;5;0;0;0;0;1;1;0;1;0;0;0;0;0;0;0;0;0;0;0;0;0;0;
2004 50 4;305;48045030789;5;0;1;0;0;0;0;0;0;0;0;0;0;0;0;0;0;0;0;0;0;0;0;
2004 50 4;306;48045040518;9;0;0;0;0;0;1;0;0;0;0;1;0;0;0;0;0;0;1;0;0;0;0;
2004 50 4;307;48045040512;10;0;1;1;1;0;0;0;0;0;0;0;1;0;0;0;0;0;0;0;0;0;0;
2004 50 4;308;48045020596;10;0;1;0;0;0;0;0;0;0;0;0;0;0;0;0;0;0;0;0;0;0;0;
2004 50 4;309;48045040057;10;1;0;0;1;0;1;0;0;0;0;0;1;0;0;0;0;0;0;0;0;0;0;
2004 50 4;310;48045030211;10;0;1;0;0;0;0;1;0;0;0;0;1;0;0;0;0;0;0;0;0;0;0;
2004 50 4;311;48045040263;10;0;0;0;0;0;1;0;0;0;0;0;0;0;0;0;0;0;0;0;0;0;0;
2004 50 4;312;48045040485;10;0;1;1;1;1;0;1;1;0;0;0;1;1;1;1;1;1;0;0;0;0;0;
2004 50 4;313;48045040158;10;0;0;0;0;0;1;0;0;0;0;0;0;0;0;0;0;0;1;0;0;0;0;
2004 50 4;314;48045020566;10;0;1;0;0;0;0;0;0;0;0;0;0;0;0;0;0;0;0;0;0;0;0;
2004 50 4;315;48045040214;10;0;0;0;0;0;1;0;0;0;0;0;0;0;0;0;0;0;0;0;0;0;0;
2004 50 4;316;48045040411;10;1;1;1;1;0;0;1;0;0;0;0;1;0;0;0;0;0;0;0;0;0;0;
2004 50 4;317;48045040280;10;0;0;0;0;0;1;0;0;0;0;0;0;0;0;0;0;0;0;0;0;0;0;
2004 50 4;318;48045030325;10;0;1;0;0;1;0;1;0;0;0;0;1;0;0;0;0;0;0;0;0;0;0;
2004 50 4;319;48045040133;9;0;0;0;0;0;1;0;0;0;0;0;0;0;0;0;0;0;0;0;0;0;0;
2004 50 4;320;48045040299;9;0;0;0;0;0;1;0;0;1;0;0;0;0;0;0;0;0;0;0;0;0;0;
2004 50 4;321;48045030749;10;1;1;1;1;1;0;1;1;0;0;0;1;0;1;1;1;1;0;0;0;0;0;
2004 50 4;322;48045040178;10;0;0;0;0;0;1;0;0;0;0;0;0;0;0;0;0;0;0;0;0;0;0;
2004 50 4;323;48045040444;10;0;1;0;0;0;0;1;0;0;1;0;1;0;0;0;0;0;0;0;0;0;0;
2004 50 4;324;48045040238;10;0;0;0;0;0;1;0;0;0;0;0;0;0;0;0;0;0;1;0;0;0;0;
2004 50 4;325;48045040421;10;1;1;1;1;0;0;0;0;0;0;0;1;0;0;0;0;0;0;0;0;0;0;
2004 50 4;326;48045040115;10;0;0;0;0;1;1;0;0;0;0;0;0;0;0;0;0;0;0;0;0;0;0;
2004 50 4;327;48045030231;10;0;1;0;0;0;0;0;0;0;0;0;1;0;0;0;0;0;0;0;0;0;0;
2004 50 4;328;48045040181;10;0;0;0;0;0;1;0;0;0;0;0;0;0;0;0;0;0;0;0;0;0;0;
2004 50 4;329;48045040391;10;1;1;1;1;1;0;0;0;0;1;0;1;0;0;0;0;0;0;0;0;0;0;
2004 50 4;330;48045110065;10;0;0;0;0;0;1;0;0;0;0;0;0;0;0;0;0;0;0;0;0;0;0;
2004 50 4;331;48045110421;3;0;1;0;0;0;0;0;0;0;0;0;1;0;0;0;1;0;0;1;0;0;0;
2004 50 4;332;48045040499;3;0;1;0;0;1;0;1;1;0;0;0;1;1;1;0;0;0;0;1;0;0;0;
2004 50 4;333;48044940095;6;0;0;0;1;0;1;0;0;0;0;0;1;0;0;0;0;0;0;0;1;0;0;
2004 50 4;334;48044940355;6;0;1;0;0;0;0;0;0;0;0;0;0;0;0;0;0;0;0;0;1;0;0;
2004 50 4;335;48045040070;6;0;0;0;1;0;1;0;0;0;0;0;1;0;0;0;0;0;0;0;1;0;0;
2004 50 4;336;48045040314;6;0;1;0;0;0;0;0;0;0;0;0;1;0;0;0;0;0;0;0;1;0;0;
2004 50 4;337;48045040508;6;1;0;0;1;0;1;0;0;0;0;0;0;0;0;0;0;0;0;0;1;0;0;
2004 50 4;338;48045020492;8;0;1;0;0;0;0;0;0;0;0;0;1;0;0;0;0;0;0;0;0;0;0;
2004 50 4;339;48045040068;6;0;0;0;0;0;1;0;0;0;0;1;0;0;0;0;0;0;0;0;1;0;0;
2004 50 4;340;48045030710;8;0;1;0;0;0;0;0;0;0;0;0;1;0;0;0;0;0;0;0;0;0;0;
2004 50 4;341;48045040018;9;0;0;0;1;1;1;0;1;1;0;0;1;0;0;0;0;0;0;0;0;0;0;
2004 50 4;342;48045004059;8;0;1;0;0;0;0;1;0;0;0;0;0;0;0;0;0;0;0;0;0;0;0;
2004 50 4;343;48045040131;9;0;0;0;0;0;1;0;0;0;0;0;0;0;0;0;0;0;0;0;0;0;0;
2004 50 4;344;48045020411;8;0;1;0;0;0;0;0;0;0;0;0;1;0;0;0;0;0;0;0;0;0;0;
2004 50 4;345;48045040298;9;0;0;0;0;0;1;0;0;1;0;0;0;0;0;0;0;0;0;0;0;0;0;
2004 50 4;346;48045040500;8;1;1;1;1;1;0;1;1;0;0;0;1;0;1;1;1;1;0;0;0;0;0;
2004 50 4;347;48045040396;8;0;1;0;0;0;0;1;0;0;0;0;1;0;0;0;0;0;0;0;0;0;0;
2004 50 4;348;48045040227;9;0;0;0;1;0;1;0;0;0;0;0;0;0;0;0;0;0;0;0;0;0;0;
2004 50 4;349;48045030552;8;0;1;0;0;0;0;0;0;0;0;0;1;0;0;0;0;0;0;0;0;0;0;
2004 50 4;350;48045040297;9;0;0;0;0;0;1;0;0;1;0;0;0;0;0;0;0;0;0;0;0;0;0;
2004 50 4;351;48045040435;8;1;1;1;1;1;0;1;0;0;0;0;1;0;0;0;0;0;0;0;0;0;0;
2004 50 4;352;48045040140;9;0;0;0;0;0;1;0;0;0;0;0;0;0;0;0;0;0;0;0;0;0;0;
2004 50 4;353;48045030712;8;0;1;0;0;0;0;0;0;0;1;0;1;0;0;0;0;0;0;0;0;0;0;
2004 50 4;354;48045040199;12;0;0;0;1;0;1;0;0;0;0;0;0;0;0;0;0;0;0;0;0;0;0;
2004 50 4;355;48045030647;12;0;1;0;0;0;0;0;0;0;0;0;1;0;0;0;0;0;0;0;0;0;0;
2004 50 4;356;48045040304;12;0;0;0;0;0;1;0;0;1;0;0;0;0;0;0;0;0;0;0;0;0;0;
2004 50 4;357;48045040455;12;0;1;0;0;0;0;1;0;0;0;0;1;0;0;0;0;0;0;0;0;0;0;
2004 50 4;358;48045003600;12;0;0;0;0;0;1;0;0;0;0;0;0;0;0;0;0;0;0;0;0;0;1;
2004 50 4;359;48045040469;12;1;1;1;1;0;0;1;1;0;0;0;1;0;1;1;1;1;0;0;0;0;0;
2004 50 4;360;48045040292;12;0;0;0;0;0;1;0;0;1;0;0;0;0;0;0;0;0;0;0;0;0;0;
2004 50 4;361;48045030738;2;0;1;0;0;0;0;0;0;0;0;0;1;0;0;0;0;0;0;0;0;0;0;
2004 50 4;362;48045040226;2;0;0;0;1;0;1;0;0;0;0;0;1;0;0;0;0;0;0;0;0;0;0;
2004 50 4;363;48045030695;2;0;1;0;0;0;0;0;0;0;0;0;1;0;0;0;0;0;0;0;0;0;0;
2004 50 4;364;48045040091;2;1;0;0;0;0;1;0;0;0;0;1;0;0;0;0;0;0;0;0;0;0;0;
2004 50 4;365;48045040405;2;0;1;0;0;0;0;1;0;0;0;0;1;0;0;0;0;0;0;0;0;0;0;
2004 50 4;366;48045040156;2;0;0;0;1;0;1;0;0;0;0;0;1;0;0;0;0;0;0;0;0;0;0;
2004 50 4;367;48045030664;2;0;1;0;0;0;0;0;0;0;0;0;1;0;0;0;0;0;0;0;0;0;0;
2004 50 4;368;48045040049;6;0;0;0;1;0;1;0;0;0;0;0;1;0;0;0;0;0;0;0;1;0;0;
2004 50 4;369;48044940467;6;0;1;0;0;1;0;1;0;0;0;0;1;1;0;0;1;1;0;0;1;0;0;
2004 50 4;370;48045040027;6;0;0;0;0;0;1;0;0;0;0;0;0;0;0;0;0;0;0;0;1;0;0;
2004 50 4;371;48045040401;10;0;1;1;1;0;0;1;0;0;0;0;1;0;0;0;0;0;0;0;0;0;0;
2004 50 4;372;48045040037;6;0;0;0;0;0;1;0;0;0;0;0;0;0;0;0;0;0;0;0;1;0;0;
2004 50 4;373;48045040501;8;1;1;0;0;0;0;1;0;0;0;0;1;0;0;0;0;0;0;0;0;0;0;
2004 50 4;374;48045040060;6;0;0;0;1;0;1;0;0;0;0;0;1;0;0;0;0;0;0;0;1;0;0;
2004 50 4;375;48045030770;8;0;1;0;0;1;0;0;0;0;0;0;1;0;0;0;0;0;0;0;0;0;0;
2004 50 4;376;48045040171;5;0;0;0;0;0;1;0;0;0;0;0;0;0;0;0;0;0;0;0;0;0;0;
2004 50 4;377;48045030714;5;1;1;0;0;0;0;0;0;0;1;0;1;0;0;0;0;0;0;0;0;0;0;
2004 50 4;378;48045040212;5;0;0;0;0;0;1;0;0;0;0;0;0;0;0;0;0;0;0;0;0;0;0;
2004 50 4;379;48045040494;5;0;1;1;1;1;0;0;1;0;0;0;1;0;1;1;1;1;0;0;0;0;0;
2004 50 4;380;48045040211;5;0;0;0;0;0;1;0;0;0;0;0;0;0;0;0;0;0;0;0;0;0;0;
2004 50 4;381;48045030795;5;0;1;0;0;0;0;0;0;0;0;0;1;0;0;0;0;0;0;0;0;0;0;
2004 50 4;382;48045030084;5;0;1;0;0;1;0;1;0;1;0;0;1;0;0;0;0;0;0;0;0;0;0;
2004 50 4;383;48045040269;5;0;0;0;0;0;1;0;0;0;0;0;0;0;0;0;0;0;0;0;0;0;0;
2004 50 4;384;48045030405;5;1;1;1;1;0;0;0;0;0;0;0;1;0;0;0;0;0;0;0;0;0;0;
2004 50 4;385;48045040190;5;0;0;0;0;0;1;0;1;0;0;0;0;0;0;0;0;0;0;0;0;0;0;
2004 50 4;386;48045030757;5;0;1;0;0;0;0;1;0;1;0;0;1;0;0;0;0;0;0;0;0;0;0;
2004 50 4;387;48045040030;6;0;0;0;0;0;1;0;0;0;0;0;0;0;0;0;0;0;0;0;1;0;0;
2004 50 4;388;48045040424;6;0;1;1;1;0;0;0;0;0;0;0;1;0;0;0;0;0;0;0;1;0;0;
2004 50 4;389;48045040427;6;0;1;0;0;0;0;1;0;0;0;0;1;0;0;0;0;0;0;0;1;0;0;
2004 50 4;390;48045040213;6;0;0;0;1;0;1;0;0;0;0;0;0;0;0;0;0;0;0;0;1;0;0;
2004 50 4;391;48045040383;6;1;1;0;0;1;0;1;0;0;0;0;1;0;0;0;1;0;0;0;1;0;0;
2004 50 4;392;48045040056;6;0;0;0;1;0;1;0;0;0;0;0;1;0;0;0;0;0;0;0;1;0;0;
2004 50 4;393;48045040420;8;0;1;0;0;0;0;1;0;0;1;0;1;1;0;0;0;1;0;0;0;0;0;
2004 50 4;394;48045040039;6;0;0;0;0;0;1;0;0;0;0;0;0;0;0;0;0;0;0;0;1;0;0;
2004 50 4;395;48045040436;8;1;1;1;1;1;0;1;0;0;0;0;1;0;0;0;0;0;0;0;0;0;0;
2004 50 4;396;48045040262;9;0;0;0;0;0;1;0;0;0;0;0;0;0;0;0;0;0;0;0;0;0;0;
2004 50 4;397;48045040274;9;0;0;0;0;0;1;0;0;0;0;0;0;0;0;0;0;0;0;0;0;0;0;
2004 50 4;398;48045030192;8;0;1;0;0;0;0;1;0;0;0;0;1;0;0;0;0;0;0;0;0;0;0;
2004 50 4;399;48045040277;9;1;0;0;1;1;1;0;1;1;0;0;1;0;0;0;0;0;0;0;0;0;0;
2004 50 4;400;48045030183;8;0;1;0;0;0;0;1;0;0;0;0;1;0;0;0;0;0;0;0;0;0;0;
2004 50 4;401;48045040183;9;0;0;0;0;0;1;0;0;0;0;0;0;0;0;0;0;0;0;0;0;0;0;
2004 50 4;402;48045030195;8;0;1;0;0;0;0;1;0;0;0;0;1;0;0;0;0;0;0;0;0;0;0;
2004 50 4;403;48045040201;9;0;0;0;0;0;1;0;0;0;0;0;0;0;0;0;0;0;0;0;0;0;0;
2004 50 4;404;48045040055;8;1;1;1;1;1;0;1;1;0;0;0;1;0;1;1;1;1;0;0;0;0;0;
2004 50 4;405;48045040296;9;0;0;0;0;0;1;0;0;1;0;0;0;0;0;0;0;0;0;0;0;0;0;
2004 50 4;406;48045030189;8;0;1;0;0;0;0;1;0;0;0;0;1;0;0;0;0;0;0;0;0;0;0;
2004 50 4;407;48045040279;9;0;0;0;0;0;1;0;0;0;0;0;0;0;0;0;0;0;0;0;0;0;0;
2004 50 4;408;48045030406;5;1;1;1;1;0;0;0;0;0;0;0;1;0;0;0;0;0;0;0;0;0;0;
2004 50 4;409;48045040253;9;0;0;0;0;0;1;0;0;0;0;0;0;0;0;0;0;0;0;0;0;0;0;
2004 50 4;410;48045030086;5;0;1;0;0;1;0;1;0;1;0;0;1;0;0;0;0;0;0;0;0;0;0;
2004 50 4;411;48045040198;5;0;0;0;0;0;1;0;0;0;0;0;0;0;0;0;0;0;0;0;0;0;0;
2004 50 4;412;48045040498;5;1;1;0;0;0;0;0;1;0;0;0;1;0;1;0;0;0;0;0;0;0;0;
2004 50 4;413;48045040245;5;0;0;0;0;0;1;0;0;0;0;0;0;0;0;0;0;0;0;0;0;0;0;
2004 50 4;414;48045030750;5;0;1;0;0;0;0;0;0;0;0;0;1;0;0;0;0;0;0;0;0;0;0;
2004 50 4;415;48045040285;5;0;0;0;0;1;1;0;0;0;0;0;0;0;0;0;0;0;0;0;0;0;0;
2004 50 4;416;48044930400;5;0;1;1;1;0;0;0;0;0;0;0;1;0;0;0;0;1;0;0;0;0;0;
2004 50 4;417;48045040464;5;1;1;0;0;0;0;0;0;0;0;0;1;1;0;0;0;0;0;0;0;0;0;
2004 50 4;418;48045040029;5;0;0;0;1;1;1;0;1;1;0;0;1;0;0;0;0;0;0;0;0;0;0;
2004 50 4;419;48045030696;5;0;1;0;0;0;0;0;0;0;0;0;1;0;0;0;0;0;0;0;0;0;0;
2004 50 4;420;48045040241;5;0;0;0;0;0;1;0;0;0;0;0;0;0;0;0;0;0;1;0;0;0;0;
2004 50 4;421;48045030393;5;1;1;0;0;1;0;0;0;0;0;0;1;0;0;0;0;1;0;0;0;0;0;
2004 50 4;422;48045040117;9;0;0;0;1;0;1;0;0;0;0;0;0;0;0;0;0;0;0;0;0;0;0;
2004 50 4;423;48045030194;8;0;1;0;0;0;0;1;0;0;0;0;1;0;0;0;0;0;0;0;0;0;0;
2004 50 4;424;48045030642;8;0;1;0;0;0;0;0;0;0;0;0;1;0;0;0;0;0;0;0;0;0;0;
2004 50 4;425;48045040122;9;1;0;0;1;0;1;0;1;0;0;0;1;0;0;0;0;0;0;0;0;0;0;
2004 50 4;426;48045030186;8;0;1;0;0;0;0;1;0;0;0;0;1;0;0;0;0;0;0;0;0;0;0;
2004 50 4;427;48045040303;9;0;0;0;0;0;1;0;0;1;0;0;0;0;0;0;0;0;0;0;0;0;0;
2004 50 4;428;48045030739;8;0;1;0;0;0;0;0;0;0;1;0;1;0;0;0;1;0;0;0;0;0;0;
2004 50 4;429;48045040509;8;1;1;1;1;1;0;1;0;0;0;0;1;0;0;0;0;1;0;0;0;0;0;
2004 50 4;430;48045040294;9;0;0;0;0;0;1;0;0;1;0;0;0;0;0;0;0;0;0;0;0;0;0;
2004 50 4;431;48045030188;8;0;1;0;0;0;0;1;0;0;0;0;1;0;0;0;0;0;0;0;0;0;0;
2004 50 4;432;48045040488;8;0;1;0;0;1;0;0;1;0;0;0;1;0;1;0;0;0;0;0;0;0;0;
2004 50 4;433;48045040118;9;0;0;0;1;0;1;0;0;0;0;0;0;0;0;0;0;0;1;0;0;0;0;
2004 50 4;434;48045040398;8;1;1;0;0;0;0;0;0;0;0;0;1;0;0;0;1;0;0;0;0;0;0;
2004 50 4;435;48045040410;8;0;1;1;1;0;0;1;0;0;0;0;1;0;0;0;0;0;0;0;0;0;0;
2004 50 4;436;48045040218;9;0;0;0;0;0;1;0;0;0;0;0;0;0;0;0;0;0;0;0;0;0;0;
2004 50 4;437;48045030638;8;0;1;0;0;0;0;0;0;0;0;0;1;0;0;0;0;0;0;0;0;0;0;
2004 50 4;438;48045040146;9;1;0;0;1;1;1;0;1;1;0;0;1;0;0;0;0;0;0;0;0;0;0;
2004 50 4;439;48045030230;8;0;1;0;0;0;0;0;0;0;0;0;1;0;0;0;0;0;0;0;0;0;0;
2004 50 4;440;48045040397;8;0;1;1;1;0;0;1;0;0;0;0;1;0;0;0;0;0;0;0;0;0;0;
2004 50 4;441;48045040302;9;0;0;0;0;0;1;0;0;1;0;0;0;0;0;0;0;0;0;0;0;0;0;
2004 50 4;442;48045030190;8;0;1;0;0;0;0;1;0;0;0;0;1;0;0;0;0;0;0;0;0;0;0;
2004 50 4;443;48045040005;9;0;0;0;1;0;1;0;0;0;0;0;1;0;0;0;0;0;0;0;0;0;0;
2004 50 4;444;48045030772;3;0;1;0;0;0;0;1;1;0;0;0;1;0;1;0;0;1;0;1;0;0;0;
2004 50 4;445;48045030796;3;0;1;0;0;1;0;1;0;0;0;0;1;0;0;0;0;0;0;1;0;0;0;
2004 50 4;446;48045040222;9;0;0;0;0;0;1;0;0;0;0;0;0;0;0;0;0;0;0;0;0;0;0;
2004 50 4;447;48045040428;3;0;1;1;1;0;0;1;0;0;0;0;1;0;0;0;1;0;0;1;0;0;0;
2004 50 4;448;48045040270;9;0;0;0;0;1;1;0;0;0;0;0;0;0;0;0;0;0;0;0;0;0;0;
2004 50 4;449;48045020581;2;0;1;0;0;0;0;0;0;0;0;0;0;0;0;0;0;0;0;0;0;0;0;
2004 50 4;450;48045040276;2;0;0;0;1;0;1;0;0;0;0;0;1;0;0;0;0;0;0;0;0;0;0;
2004 50 4;451;48045030644;2;0;1;0;0;0;0;0;0;0;0;0;1;0;0;0;0;0;0;0;0;0;0;
2004 50 4;452;48045040462;2;1;1;1;1;0;0;0;1;0;0;0;1;0;1;1;1;1;0;0;0;0;0;
2004 50 4;453;48045040192;2;0;0;0;0;0;1;0;0;0;0;0;0;0;0;0;0;0;0;0;0;0;0;
2004 50 4;454;48045040400;2;0;1;0;0;0;0;0;0;0;0;0;1;0;0;0;0;0;0;0;0;0;0;
2004 50 4;455;48045040193;2;0;0;0;1;0;1;0;0;0;0;0;0;0;0;0;0;0;0;0;0;0;0;
2004 50 4;456;48045040458;2;0;1;0;0;1;0;1;0;0;1;1;1;1;0;0;0;0;0;0;0;0;0;
2004 50 4;457;48045040242;11;0;0;0;1;0;1;0;1;0;0;0;1;0;0;0;0;0;0;0;0;0;0;
2004 50 4;458;48045030667;2;1;1;0;0;0;0;0;0;0;0;0;1;0;0;0;1;0;0;0;0;0;0;
2004 50 4;459;48045040134;11;0;0;0;0;0;1;0;0;0;0;0;0;0;0;0;0;0;0;0;0;0;0;
2004 50 4;460;48045030329;13;0;1;0;0;1;0;1;0;0;0;0;1;0;0;0;0;0;0;0;0;0;0;
2004 50 4;461;48045030332;13;0;1;0;0;0;0;0;0;0;0;0;1;0;0;0;0;0;0;0;0;0;0;
2004 50 4;462;48045040237;11;0;0;0;0;0;1;0;0;0;0;0;0;0;0;0;0;0;0;0;0;0;0;
2004 50 4;463;48045004264;13;1;1;1;1;1;0;1;1;0;0;0;1;0;1;1;1;1;0;0;0;0;0;
2004 50 4;464;48045040264;9;0;0;0;0;0;1;0;0;0;0;0;0;0;0;0;0;0;0;0;0;0;0;
2004 50 4;465;48045030193;8;0;1;0;0;0;0;1;0;0;0;0;1;0;0;0;0;0;0;0;0;0;0;
2004 50 4;466;48045030196;8;0;1;0;0;0;0;1;0;0;0;0;1;0;0;0;0;0;0;0;0;0;0;
2004 50 4;467;48045040290;9;0;0;0;0;0;1;0;0;1;0;0;0;0;0;0;0;0;0;0;0;0;0;
2004 50 4;468;48045040395;8;0;1;1;1;0;0;1;0;0;0;0;1;0;0;0;0;0;0;0;0;0;0;
2004 50 4;469;48045040267;9;0;0;0;0;1;1;0;1;0;0;0;0;0;0;0;0;0;0;0;0;0;0;
2004 50 4;470;48045030179;8;0;1;0;0;0;0;1;0;0;0;0;1;0;0;0;0;0;0;0;0;0;0;
2004 50 4;471;48045040246;9;0;0;0;0;0;1;0;0;0;0;0;0;0;0;0;0;0;0;0;0;0;0;
2004 50 4;472;48045040443;8;1;1;0;0;0;0;0;0;0;0;0;1;0;0;0;0;0;0;0;0;0;0;
2004 50 4;473;48045030191;8;0;1;0;0;0;0;1;0;0;0;0;1;0;0;0;0;0;0;0;0;0;0;
2004 50 4;474;48045040089;4;0;0;0;0;0;1;0;0;0;0;1;0;0;0;0;0;0;0;0;0;0;0;
2004 50 4;475;48045040487;4;0;1;1;1;1;0;1;1;0;0;0;1;0;1;1;1;1;0;0;0;0;0;
2004 50 4;476;48045040139;4;0;0;0;0;0;1;0;0;0;0;0;0;0;0;0;0;0;0;0;0;0;0;
2004 50 4;477;48045030697;4;0;1;0;0;0;0;1;0;0;0;0;1;0;0;0;0;0;0;0;0;0;0;
2004 50 4;478;48045040244;9;0;0;0;1;1;1;0;0;0;0;0;0;0;0;0;0;0;0;0;0;0;0;
2004 50 4;479;48045040407;3;0;1;0;0;0;0;0;0;0;0;0;1;0;0;0;0;0;0;1;0;0;0;
2004 50 4;480;48045040491;3;1;1;1;1;0;0;1;1;0;0;0;1;0;1;1;1;1;0;1;0;0;0;
2004 50 4;481;48045040291;9;0;0;0;0;0;1;0;0;1;0;0;0;0;0;0;0;0;0;0;0;0;0;
2004 50 4;482;48045030185;8;0;1;0;0;0;0;1;0;0;0;0;1;0;0;0;0;0;0;0;0;0;0;
2004 50 4;483;48045030184;8;0;1;0;0;0;0;1;0;0;0;0;1;0;0;0;0;0;0;0;0;0;0;
2004 50 4;484;48045110125;9;0;0;0;0;0;1;0;0;1;0;0;0;0;0;0;0;0;0;0;0;0;0;
2004 50 4;485;48045030187;8;0;1;0;0;0;0;1;0;0;0;0;1;0;0;0;0;0;0;0;0;0;0;
2004 50 4;486;48045040220;12;0;0;0;1;0;1;0;0;0;0;0;0;0;0;0;0;0;0;0;0;0;0;
2004 50 4;487;48045030646;12;0;1;0;0;0;0;0;0;0;0;0;1;0;0;0;0;0;0;0;0;0;0;
2004 50 4;488;48045040306;12;0;0;0;0;0;1;0;0;1;0;0;0;0;0;0;0;0;0;0;0;0;0;
2004 50 4;489;48045040459;5;1;1;1;1;1;0;1;1;0;0;0;1;0;1;1;1;1;0;0;0;0;0;
2004 50 4;490;48045040102;12;0;0;0;0;0;1;0;0;0;0;0;0;0;0;0;0;0;1;0;0;0;0;
2004 50 4;491;48045030319;12;0;1;0;0;0;0;0;0;0;0;0;1;0;0;0;0;0;0;0;0;0;0;
2004 50 4;492;48045040169;12;0;0;0;1;0;1;0;0;0;0;0;0;0;0;0;0;0;0;0;0;0;0;
2004 50 4;493;48045030082;5;0;1;0;0;1;0;1;0;1;0;0;1;0;0;0;0;0;0;0;0;0;0;
2004 50 4;494;48045040261;5;1;0;0;1;0;1;0;1;0;0;0;1;0;0;0;0;0;0;0;0;0;0;
2004 50 4;495;48045040483;5;0;1;0;0;0;0;1;0;0;0;0;1;1;0;0;0;0;0;0;0;0;0;
2004 50 4;496;48045040112;5;0;0;0;1;0;1;0;0;0;0;0;1;0;0;0;0;0;0;0;0;0;0;
2004 50 4;497;48045040506;5;0;1;0;0;1;0;1;0;0;0;0;1;0;0;0;0;0;0;0;0;0;0;
2004 50 4;498;48045040182;5;0;0;0;0;0;1;0;0;0;0;0;0;0;0;0;0;0;0;0;0;0;0;
2004 50 4;499;48045030403;5;1;1;1;1;0;0;0;0;0;0;0;1;0;0;0;0;0;0;0;0;0;0;
2004 50 4;500;48045040177;5;0;0;0;0;0;1;0;0;0;0;0;0;0;0;0;0;0;0;0;0;0;0;
2004 50 4;501;48045040393;5;0;1;0;0;1;0;1;0;0;0;0;1;0;0;0;1;0;0;0;0;0;0;
2004 50 4;502;48045110124;9;0;0;0;0;0;1;0;0;1;0;0;0;0;0;0;0;0;0;0;0;0;0;
2004 50 4;503;48044930907;8;0;1;0;0;0;0;0;0;0;0;0;1;0;0;0;0;0;0;0;0;0;0;
2004 50 4;504;48045040437;8;1;1;1;1;1;0;1;0;0;0;0;1;0;0;0;0;0;0;0;0;0;0;
2004 50 4;505;48045110123;9;0;0;0;0;0;1;0;0;1;0;0;0;0;0;0;0;0;0;0;0;0;0;
2004 50 4;506;48045030765;8;0;1;0;0;0;0;1;1;0;1;0;1;0;1;0;0;0;0;0;0;0;0;
2004 50 4;507;48045040179;12;0;0;0;1;0;1;0;0;0;0;0;0;0;0;0;0;0;0;0;0;0;0;
2004 50 4;508;48045040392;8;0;1;0;0;0;0;1;0;0;0;0;1;0;0;0;0;1;0;0;0;0;0;
2004 50 4;509;48045040515;8;0;1;0;0;1;0;0;0;0;0;0;1;0;0;0;0;0;0;0;0;0;0;
2004 50 4;510;48045040311;12;0;0;0;0;0;1;0;0;1;0;0;0;0;0;0;0;0;0;0;0;0;0;
2004 50 4;511;48045040457;12;0;1;0;0;0;0;0;0;0;0;0;1;0;0;0;1;0;0;0;0;0;0;
2004 50 4;512;48045040123;12;0;0;0;1;0;1;0;0;0;0;0;0;0;0;0;0;0;0;0;0;0;0;
2004 50 4;513;48045030717;12;0;1;0;0;0;0;1;0;0;0;0;1;0;0;0;0;0;0;0;0;0;0;
2004 50 4;514;48045110120;12;0;0;0;0;0;1;0;0;1;0;0;0;0;0;0;0;0;0;0;0;0;0;
2004 50 4;515;48045030404;5;1;1;1;1;0;0;0;0;0;0;0;1;0;0;0;0;0;0;0;0;0;0;
2004 50 4;516;48045040119;12;0;0;0;0;1;1;0;1;0;1;0;1;0;0;0;0;0;0;0;0;0;0;
2004 50 4;517;48045030320;12;0;1;0;0;0;0;0;0;0;0;0;1;0;0;0;0;0;0;0;0;0;0;
2004 50 4;518;48045110121;12;0;0;0;0;0;1;0;0;1;0;0;0;0;0;0;0;0;0;0;0;0;0;
2004 50 4;519;48045040429;5;1;1;1;1;1;0;1;0;0;0;0;1;1;0;0;1;0;0;0;0;0;0;
