Date;SeqRank;Ident;Paint Color;HPRC1;HPRC2;HPRC3;LPRC1;LPRC2;LPRC3;LPRC4;LPRC5;
2004 50 5;247;656044950184;5;0;0;0;0;0;0;0;0;
2004 50 5;248;656045030239;5;0;0;0;0;0;0;0;0;
2004 50 5;249;656045110224;5;0;1;0;0;0;0;0;0;
2004 50 5;250;656044893532;5;1;0;0;0;0;0;0;0;
2004 50 5;251;656050250028;5;0;0;0;0;0;0;1;0;
2004 50 5;252;656044950248;5;0;0;0;0;0;0;0;0;
2004 50 5;253;656044950186;5;0;0;0;0;0;0;0;0;
2004 50 5;254;656045110231;5;0;1;0;0;0;0;0;0;
2004 50 5;255;656044893141;5;1;0;0;0;0;0;0;0;
2004 50 5;256;656045110232;5;0;1;0;0;0;0;0;0;
2004 50 5;257;656050230011;5;0;0;0;0;0;0;1;0;
2004 50 5;258;656045030320;5;0;0;0;0;0;0;0;0;
2004 50 5;259;656044892932;5;1;0;0;1;0;0;0;0;
2004 50 5;260;656045110075;5;0;0;0;0;0;0;1;0;
2004 50 5;261;656045110236;5;0;1;0;0;0;0;0;0;
2004 50 5;262;656044930340;5;0;0;0;0;0;0;0;0;
2004 50 5;263;656045110166;5;0;0;0;0;0;0;1;0;
2004 50 5;264;656044893583;5;1;0;0;0;0;0;0;0;
2004 50 5;265;656045110238;5;0;1;0;0;0;0;0;0;
2004 50 5;266;656045110079;5;0;0;0;0;0;0;1;0;
2004 50 5;267;656044930371;5;0;0;0;0;0;0;0;1;
2004 50 5;268;656045110239;5;0;1;0;0;0;0;0;0;
2004 50 5;269;656044920019;5;1;0;0;0;0;0;0;0;
2004 50 5;270;656045030300;5;0;0;0;0;0;0;0;0;
2004 50 5;271;656050310115;5;0;0;0;0;0;0;1;0;
2004 50 5;272;656045030102;5;0;1;0;0;0;0;0;0;
2004 50 5;273;656050310085;5;0;0;0;0;0;0;1;0;
2004 50 5;274;656044892478;5;1;0;0;1;0;0;0;0;
2004 50 5;275;656045050138;5;0;1;0;0;0;0;0;0;
2004 50 5;276;656045030299;5;0;0;0;0;0;0;0;0;
2004 50 5;277;656045040182;5;0;0;0;0;0;0;0;0;
2004 50 5;278;656050310154;5;0;0;0;0;0;0;1;0;
2004 50 5;279;656044920018;5;1;0;0;0;0;0;0;0;
2004 50 5;280;656045050142;5;0;1;0;0;0;0;0;0;
2004 50 5;281;656045030198;5;0;0;0;0;0;0;0;0;
2004 50 5;282;656045110087;5;0;0;0;0;0;0;1;0;
2004 50 5;283;656045050145;5;0;1;0;0;0;0;0;0;
2004 50 5;284;656045020014;5;1;0;0;0;0;0;0;0;
2004 50 5;285;656045110099;5;0;0;0;0;0;0;1;0;
2004 50 5;286;656044950180;5;0;0;0;0;0;0;0;0;
2004 50 5;287;656045040189;5;0;1;0;0;0;0;0;0;
2004 50 5;288;656045110090;5;0;0;0;0;0;0;1;0;
2004 50 5;289;656044892644;5;1;0;0;1;0;0;0;0;
2004 50 5;290;656045040194;5;0;1;0;0;0;0;0;0;
2004 50 5;291;656045040153;5;0;0;0;0;0;0;0;0;
2004 50 5;292;656045030302;5;0;0;0;0;0;0;0;0;
2004 50 5;293;656045050048;5;0;0;0;0;0;0;1;0;
2004 50 5;294;656044892776;5;1;0;0;0;0;0;0;0;
2004 50 5;295;656045110078;5;0;1;0;0;0;0;0;0;
2004 50 5;296;656045050038;5;0;0;0;0;0;0;1;0;
2004 50 5;297;656045030301;5;0;0;0;0;0;0;0;0;
2004 50 5;298;656045040040;5;0;1;0;0;0;0;0;0;
2004 50 5;299;656044920017;5;1;0;0;0;0;0;0;0;
2004 50 5;300;656045110245;5;0;0;0;0;0;0;1;0;
2004 50 5;301;656045110229;5;0;1;0;0;0;0;0;0;
2004 50 5;302;656045040146;5;0;0;0;0;0;0;0;0;
2004 50 5;303;656050260041;5;0;0;0;0;0;0;1;0;
2004 50 5;304;656044893536;5;1;0;0;1;1;0;0;0;
2004 50 5;305;656045040151;5;0;0;0;0;0;0;0;0;
2004 50 5;306;656045030037;5;0;1;0;0;0;0;0;1;
2004 50 5;307;656050260038;5;0;0;0;0;0;0;1;0;
2004 50 5;308;656045110094;5;0;1;0;0;0;0;0;0;
2004 50 5;309;656044940193;5;1;0;0;0;0;0;0;0;
2004 50 5;310;656050330129;4;0;0;0;0;0;0;1;0;
2004 51 1;1;656045060039;9;0;0;0;0;0;0;1;0;
2004 51 1;2;656045110104;9;0;0;0;0;0;0;1;0;
2004 51 1;3;656045110106;9;0;0;0;0;0;0;1;0;
2004 51 1;4;656045110109;9;0;0;0;0;0;0;1;0;
2004 51 1;5;656045103890;6;1;0;0;0;0;0;0;0;
2004 51 1;6;656050220205;7;0;0;0;0;0;0;1;0;
2004 51 1;7;656050220204;7;0;0;0;0;0;0;1;0;
2004 51 1;8;656044892525;7;0;0;1;0;0;0;1;0;
2004 51 1;9;656050220214;7;0;0;0;0;0;0;1;0;
2004 51 1;10;656045103908;6;1;0;0;1;0;0;0;0;
2004 51 1;11;656045110110;9;0;0;0;0;0;0;1;0;
2004 51 1;12;656045110112;9;0;0;0;0;0;0;1;0;
2004 51 1;13;656045110122;9;0;0;0;0;0;0;1;0;
2004 51 1;14;656045110124;9;0;0;0;0;0;0;1;0;
2004 51 1;15;656045103900;9;1;0;0;0;0;0;0;0;
2004 51 1;16;656045110130;9;0;0;0;0;0;0;1;0;
2004 51 1;17;656045110140;9;0;0;0;0;0;0;1;0;
2004 51 1;18;656045110144;9;0;0;0;0;0;0;1;0;
2004 51 1;19;656045110151;9;0;0;0;0;0;0;1;0;
2004 51 1;20;656045040147;1;1;0;0;1;0;0;0;0;
2004 51 1;21;656050260023;1;0;0;0;0;0;0;0;1;
2004 51 1;22;656045050156;1;0;0;0;0;0;0;0;0;
2004 51 1;23;656045030379;1;0;0;0;0;0;0;0;0;
2004 51 1;24;656045030274;1;0;1;0;0;0;0;0;0;
2004 51 1;25;656045103903;1;1;0;0;1;0;0;0;0;
2004 51 1;26;656045050100;1;0;1;0;0;0;0;0;1;
2004 51 1;27;656044940256;5;0;0;0;0;0;0;1;0;
2004 51 1;28;656044940023;5;0;0;0;0;0;0;1;0;
2004 51 1;29;656044940043;5;0;0;0;0;0;0;1;0;
2004 51 1;30;656045103891;4;1;0;0;0;0;0;0;0;
2004 51 1;31;656045110152;9;0;0;0;0;0;0;1;0;
2004 51 1;32;656045060014;9;0;0;0;0;0;0;1;0;
2004 51 1;33;656050220215;2;0;0;0;0;0;0;1;0;
2004 51 1;34;656050220216;2;0;0;0;0;0;0;1;0;
2004 51 1;35;656045103888;2;1;0;0;1;0;0;0;0;
2004 51 1;36;656050220211;2;0;0;0;0;0;0;1;0;
2004 51 1;37;656050220208;2;0;0;0;0;0;0;1;0;
2004 51 1;38;656050220227;2;0;0;0;0;0;0;1;0;
2004 51 1;39;656044930241;2;0;0;1;0;0;0;1;0;
2004 51 1;40;656045103895;3;1;0;0;0;0;0;0;0;
2004 51 1;41;656044940262;5;0;0;0;0;0;0;1;0;
2004 51 1;42;656044940258;5;0;0;0;0;0;0;1;0;
2004 51 1;43;656050260072;1;0;0;0;0;0;0;0;1;
2004 51 1;44;656045040141;1;0;1;0;0;0;0;0;0;
2004 51 1;45;656045103899;1;1;0;0;1;0;0;0;0;
2004 51 1;46;656045050006;1;0;0;0;0;0;0;0;0;
2004 51 1;47;656045050077;1;0;1;0;0;0;0;0;0;
2004 51 1;48;656045030380;1;0;0;0;0;0;0;0;0;
2004 51 1;49;656050260006;1;0;0;0;0;0;0;0;1;
2004 51 1;50;656044930024;1;1;0;0;0;0;0;0;0;
2004 51 1;51;656045050082;1;0;1;0;0;0;0;0;0;
2004 51 1;52;656045050057;1;0;0;0;1;0;0;0;1;
2004 51 1;53;656045110072;1;0;1;0;0;0;0;0;0;
2004 51 1;54;656045030363;1;0;0;0;0;0;0;0;0;
2004 51 1;55;656045020011;1;1;0;0;0;0;0;0;0;
2004 51 1;56;656045030362;1;0;0;0;0;0;0;0;0;
2004 51 1;57;656045110322;1;0;1;0;0;0;0;0;1;
2004 51 1;58;656050320144;1;0;0;0;0;0;0;1;0;
2004 51 1;59;656045050093;1;0;1;0;0;0;0;0;0;
2004 51 1;60;656045103902;1;1;0;0;1;0;0;0;0;
2004 51 1;61;656045120140;1;0;0;0;0;0;0;1;0;
2004 51 1;62;656045110319;1;0;1;0;0;0;0;0;1;
2004 51 1;63;656045110083;1;0;0;0;0;0;0;0;0;
2004 51 1;64;656045050090;1;0;1;0;0;0;0;0;0;
2004 51 1;65;656045050051;1;0;0;0;0;0;0;0;0;
2004 51 1;66;656045050094;1;0;1;0;0;0;0;0;0;
2004 51 1;67;656050240106;1;1;0;0;1;1;0;0;0;
2004 51 1;68;656045110250;1;0;1;0;0;0;0;0;1;
2004 51 1;69;656045060015;9;0;0;0;0;0;0;1;0;
2004 51 1;70;656045060033;9;0;0;0;0;0;0;1;0;
2004 51 1;71;656045060034;9;0;0;0;0;0;0;1;0;
2004 51 1;72;656045103892;9;1;0;0;1;0;0;0;0;
2004 51 1;73;656045110184;9;0;0;0;0;0;0;1;0;
2004 51 1;74;656045110185;9;0;0;0;0;0;0;1;0;
2004 51 1;75;656045110186;9;0;0;0;0;0;0;1;0;
2004 51 1;76;656045110291;1;0;1;0;0;0;0;0;1;
2004 51 1;77;656045020017;1;1;0;0;0;0;0;0;0;
2004 51 1;78;656045050154;1;0;1;0;0;0;0;0;0;
2004 51 1;79;656045030377;1;0;0;0;0;0;0;0;0;
2004 51 1;80;656045030372;1;0;0;0;0;0;0;0;0;
2004 51 1;81;656050240099;1;0;0;0;1;0;0;0;1;
2004 51 1;82;656045110105;1;0;1;0;0;0;0;0;0;
2004 51 1;83;656045050023;1;1;0;0;0;0;0;0;0;
2004 51 1;84;656045050091;1;0;1;0;0;0;0;0;0;
2004 51 1;85;656044892792;7;0;0;1;0;0;0;1;0;
2004 51 1;86;656050220221;7;0;0;0;0;0;0;1;0;
2004 51 1;87;656045110294;1;0;1;0;0;0;0;0;1;
2004 51 1;88;656045170011;1;1;0;0;1;0;0;0;0;
2004 51 1;89;656045030094;1;0;1;0;0;0;0;0;0;
2004 51 1;90;656045050108;1;0;0;0;0;0;0;0;0;
2004 51 1;91;656045050169;1;0;0;0;0;0;0;0;0;
2004 51 1;92;656050220050;1;0;0;0;0;0;0;1;0;
2004 51 1;93;656045030325;1;1;0;0;0;0;0;0;0;
2004 51 1;94;656050260014;1;0;0;0;0;0;0;0;1;
2004 51 1;95;656045050079;1;0;1;0;0;0;0;0;0;
2004 51 1;96;656045050162;1;0;0;0;0;0;0;0;0;
2004 51 1;97;656045050080;1;0;1;0;0;0;0;0;0;
2004 51 1;98;656045120008;1;1;0;0;1;0;0;0;0;
2004 51 1;99;656045110296;1;0;1;0;0;0;0;0;1;
2004 51 1;100;656045030369;1;0;0;0;0;0;0;0;0;
2004 51 1;101;656045110101;1;0;1;0;0;0;0;0;0;
2004 51 1;102;656050220057;1;0;0;0;0;0;0;1;0;
2004 51 1;103;656045050009;1;1;0;0;0;0;0;0;0;
2004 51 1;104;656045110098;1;0;1;0;0;0;0;0;0;
2004 51 1;105;656050260075;1;0;0;0;0;0;0;0;1;
2004 51 1;106;656045110102;1;0;1;0;0;0;0;0;0;
2004 51 1;107;656045050002;1;0;0;0;0;0;0;0;0;
2004 51 1;108;656045130077;1;1;0;0;1;0;0;0;0;
2004 51 1;109;656045110273;1;0;1;0;0;0;0;0;1;
2004 51 1;110;656045050179;1;0;0;0;0;0;0;0;0;
2004 51 1;111;656045040046;1;0;1;0;0;0;0;0;0;
2004 51 1;112;656050220058;1;0;0;0;0;0;0;1;0;
2004 51 1;113;656045040044;1;0;1;0;0;0;0;0;0;
2004 51 1;114;656045120010;1;1;0;0;1;0;0;0;0;
2004 51 1;115;656045110303;1;0;1;0;0;0;0;0;1;
2004 51 1;116;656045110187;9;0;0;0;0;0;0;1;0;
2004 51 1;117;656045110189;9;0;0;0;0;0;0;1;0;
2004 51 1;118;656045110194;9;0;0;0;0;0;0;1;0;
2004 51 1;119;656045103951;3;1;0;0;0;0;0;0;0;
2004 51 1;120;656044892686;7;0;0;1;0;0;0;1;0;
2004 51 1;121;656045110292;1;0;1;0;0;0;0;0;1;
2004 51 1;122;656045030364;1;0;0;0;0;0;0;0;0;
2004 51 1;123;656045050095;1;0;1;0;0;0;0;0;0;
2004 51 1;124;656045050096;1;1;0;0;1;0;0;0;0;
2004 51 1;125;656045110313;1;0;1;0;0;0;0;0;1;
2004 51 1;126;656045030371;1;0;0;0;0;0;0;0;0;
2004 51 1;127;656045050178;1;0;0;0;0;0;0;0;0;
2004 51 1;128;656045110103;1;0;1;0;0;0;0;0;0;
2004 51 1;129;656044940066;1;1;0;0;0;0;0;0;0;
2004 51 1;130;656045050180;1;0;0;0;0;0;0;0;0;
2004 51 1;131;656045110252;1;0;1;0;0;0;0;0;1;
2004 51 1;132;656050470200;1;0;0;0;0;0;0;1;0;
2004 51 1;133;656045050064;1;0;1;0;0;0;0;0;0;
2004 51 1;134;656045050098;1;1;0;0;1;0;0;0;0;
2004 51 1;135;656050470048;1;0;0;0;0;0;0;1;0;
2004 51 1;136;656045110286;1;0;1;0;0;0;0;0;1;
2004 51 1;137;656045050053;1;0;0;0;0;0;0;0;0;
2004 51 1;138;656045020013;1;1;0;0;0;0;0;0;0;
2004 51 1;139;656050470050;1;0;0;0;0;0;0;1;0;
2004 51 1;140;656045110285;1;0;1;0;0;0;0;0;1;
2004 51 1;141;656045050168;1;0;0;0;0;0;0;0;0;
2004 51 1;142;656045050104;1;0;1;0;0;0;0;0;0;
2004 51 1;143;656045120011;1;1;0;0;1;0;0;0;0;
2004 51 1;144;656045050167;1;0;0;0;0;0;0;0;0;
2004 51 1;145;656045050105;1;0;1;0;0;0;0;0;0;
2004 51 1;146;656050260035;1;0;0;0;0;0;0;0;1;
2004 51 1;147;656045050107;1;0;1;0;0;0;0;0;0;
2004 51 1;148;656045050049;1;1;0;0;1;1;0;0;0;
2004 51 1;149;656045130157;1;0;0;0;0;0;0;1;0;
2004 51 1;150;656045030367;1;0;0;0;0;0;0;0;0;
2004 51 1;151;656045110284;1;0;1;0;0;0;0;0;1;
2004 51 1;152;656050240058;1;0;0;0;0;0;0;0;0;
2004 51 1;153;656045110024;1;1;0;0;0;0;0;0;0;
2004 51 1;154;656050240088;1;0;0;0;0;0;0;0;0;
2004 51 1;155;656045050102;1;0;1;0;0;0;0;0;0;
2004 51 1;156;656045130168;1;0;0;0;0;0;0;0;0;
2004 51 1;157;656045110253;1;0;1;0;0;0;0;0;1;
2004 51 1;158;656045130073;1;1;0;0;1;0;0;0;0;
2004 51 1;159;656045040149;1;0;1;0;0;0;0;0;0;
2004 51 1;160;656050250137;1;0;0;0;0;0;0;1;0;
2004 51 1;161;656045120147;1;0;1;0;0;0;0;0;0;
2004 51 1;162;656050260069;1;0;0;0;0;0;0;0;1;
2004 51 1;163;656045130163;1;0;1;0;0;0;0;0;0;
2004 51 1;164;656045120006;1;1;0;0;1;0;0;0;0;
2004 51 1;165;656050210035;1;0;0;1;0;0;0;1;0;
2004 51 1;166;656050260056;1;0;0;0;0;0;0;0;0;
2004 51 1;167;656050240086;1;0;0;0;0;0;0;0;0;
2004 51 1;168;656045110282;1;0;1;0;0;0;0;0;1;
2004 51 1;169;656044930308;1;1;0;0;0;0;0;0;0;
2004 51 1;170;656045030370;1;0;0;0;0;0;0;0;0;
2004 51 1;171;656045120084;1;0;1;0;0;0;0;0;0;
2004 51 1;172;656050470163;1;0;0;0;0;0;0;1;0;
2004 51 1;173;656045030378;1;0;0;0;0;0;0;0;0;
2004 51 1;174;656045110264;1;0;1;0;0;0;0;0;1;
2004 51 1;175;656045130074;1;1;0;0;1;0;0;0;0;
2004 51 1;176;656045050157;1;0;0;0;0;0;0;0;0;
2004 51 1;177;656045120142;1;0;1;0;0;0;0;0;0;
2004 51 1;178;656045050046;1;0;0;0;0;0;0;0;0;
2004 51 1;179;656045030368;1;0;0;0;0;0;0;0;0;
2004 51 1;180;656045020016;1;1;0;0;0;0;0;0;0;
2004 51 1;181;656045110281;1;0;1;0;0;0;0;0;1;
2004 51 1;182;656045030365;1;0;0;0;0;0;0;0;0;
2004 51 1;183;656050260092;1;0;0;0;0;0;0;0;0;
2004 51 1;184;656045130141;1;0;1;0;0;0;0;0;0;
2004 51 1;185;656045120003;1;1;0;0;1;0;0;0;0;
2004 51 1;186;656050260052;1;0;0;0;0;0;0;0;1;
2004 51 1;187;656045130188;1;0;1;0;0;0;0;0;0;
2004 51 1;188;656050470168;1;0;0;0;0;0;0;1;0;
2004 51 1;189;656045120233;1;0;1;0;0;0;0;0;0;
2004 51 1;190;656045040021;1;1;0;0;0;0;0;0;0;
2004 51 1;191;656045130186;1;0;1;0;0;0;0;0;0;
2004 51 1;192;656050210048;1;0;0;0;1;0;0;0;1;
2004 51 1;193;656050320021;1;0;0;0;0;0;0;0;0;
2004 51 1;194;656050210058;1;0;0;1;0;0;0;1;0;
2004 51 1;195;656045040119;1;1;0;0;0;0;0;0;0;
2004 51 1;196;656045110280;1;0;1;0;0;0;0;0;1;
2004 51 1;197;656044940223;5;0;0;0;0;0;0;1;0;
2004 51 1;198;656044940251;5;0;0;0;0;0;0;1;0;
2004 51 1;199;656044940249;5;0;0;0;0;0;0;1;0;
2004 51 1;200;656045103893;3;1;0;0;1;0;0;0;0;
2004 51 1;201;656045120074;5;0;0;0;0;0;0;0;0;
2004 51 1;202;656044940230;5;0;0;0;0;0;0;1;0;
2004 51 1;203;656045120065;5;0;0;0;0;0;0;1;0;
2004 51 1;204;656045110255;1;0;1;0;0;0;0;0;1;
2004 51 1;205;656045120050;1;1;0;0;0;0;0;0;0;
2004 51 1;206;656050250124;1;0;0;0;0;0;0;0;0;
2004 51 1;207;656045130140;1;0;1;0;0;0;0;0;0;
2004 51 1;208;656050260077;1;0;0;0;0;0;0;1;0;
2004 51 1;209;656045110317;1;0;1;0;0;0;0;0;1;
2004 51 1;210;656045170008;1;1;0;0;1;0;0;0;0;
2004 51 1;211;656045120236;1;0;1;0;0;0;0;0;0;
2004 51 1;212;656050240102;1;0;0;0;0;0;0;0;0;
2004 51 1;213;656045130233;1;0;1;0;0;0;0;0;0;
2004 51 1;214;656050250161;1;0;0;0;0;0;0;1;0;
2004 51 1;215;656050240136;1;0;1;0;0;0;0;0;1;
2004 51 1;216;656045050050;1;1;0;0;1;1;0;0;0;
2004 51 1;217;656045110198;9;0;0;0;0;0;0;1;0;
2004 51 1;218;656045110200;9;0;0;0;0;0;0;1;0;
2004 51 1;219;656045110202;9;0;0;0;0;0;0;1;0;
2004 51 1;220;656045060037;9;0;0;0;0;0;0;1;0;
2004 51 1;221;656045110145;9;0;0;0;0;0;0;1;0;
2004 51 1;222;656045103948;3;1;0;0;0;0;0;0;0;
2004 51 1;223;656044940008;5;0;0;0;0;0;0;1;0;
2004 51 1;224;656044930272;2;0;0;1;0;0;0;1;0;
2004 51 1;225;656044910216;10;0;0;0;0;0;0;0;0;
2004 51 1;226;656050230028;10;0;0;0;0;0;0;1;0;
2004 51 1;227;656045103907;10;1;0;0;1;0;0;0;0;
2004 51 1;228;656050230029;10;0;0;0;0;0;0;1;0;
2004 51 1;229;656044920023;10;0;0;0;0;0;0;0;0;
2004 51 1;230;656050230031;10;0;0;0;0;0;0;0;0;
2004 51 1;231;656045040088;10;0;0;0;0;0;0;1;0;
2004 51 1;232;656045103889;10;1;0;0;1;0;0;0;0;
2004 51 1;233;656050230014;10;0;0;0;0;0;0;0;0;
2004 51 1;234;656045060005;10;0;0;0;0;0;0;1;0;
2004 51 1;235;656045060035;10;0;0;0;0;0;0;1;0;
2004 51 1;236;656045110301;1;0;1;0;0;0;0;0;1;
2004 51 1;237;656045120031;1;1;0;0;0;0;0;0;0;
2004 51 1;238;656045130266;1;0;0;0;0;0;0;0;0;
2004 51 1;239;656050250075;1;0;0;0;0;0;0;0;0;
2004 51 1;240;656045130234;1;0;1;0;0;0;0;0;0;
2004 51 1;241;656050260082;1;0;0;0;0;0;0;0;1;
2004 51 1;242;656045050088;1;1;0;0;1;0;0;0;0;
2004 51 1;243;656045130236;1;0;1;0;0;0;0;0;0;
2004 51 1;244;656050240031;1;0;0;0;0;0;0;0;0;
2004 51 1;245;656050320147;1;0;0;0;0;0;0;1;0;
2004 51 1;246;656045130116;1;0;1;0;0;0;0;0;0;
2004 51 1;247;656045103897;1;1;0;0;0;0;0;0;0;
2004 51 1;248;656050260044;1;0;0;0;0;0;0;0;1;
2004 51 1;249;656050470185;1;0;0;0;0;0;0;1;0;
2004 51 1;250;656045130221;1;0;1;0;0;0;0;0;0;
2004 51 1;251;656045110027;1;1;0;0;1;0;0;0;0;
2004 51 1;252;656050260008;1;0;0;0;0;0;0;0;0;
2004 51 1;253;656045130170;1;0;1;0;0;0;0;0;0;
2004 51 1;254;656050260013;1;0;0;0;0;0;0;0;1;
2004 51 1;255;656050260040;1;0;0;0;0;0;0;0;0;
2004 51 1;256;656045103921;1;1;0;0;0;0;0;0;0;
2004 51 1;257;656045130180;1;0;1;0;0;0;0;0;0;
2004 51 1;258;656050220209;7;0;0;0;0;0;0;1;0;
2004 51 1;259;656044892635;7;0;0;1;0;0;0;1;0;
2004 51 1;260;656045110279;1;0;1;0;0;0;0;0;1;
2004 51 1;261;656045040036;1;1;0;0;1;0;0;0;0;
2004 51 1;262;656045130241;1;0;0;0;0;0;0;1;0;
2004 51 1;263;656045130124;1;0;1;0;0;0;0;0;0;
2004 51 1;264;656050240085;1;0;0;0;0;0;0;0;0;
2004 51 1;265;656045130219;1;0;1;0;0;0;0;0;0;
2004 51 1;266;656045103940;1;1;0;0;0;0;0;0;0;
2004 51 1;267;656045110266;1;0;1;0;0;0;0;0;1;
2004 51 1;268;656044940261;5;0;0;0;0;0;0;1;0;
2004 51 1;269;656045020196;5;0;0;0;0;0;0;1;0;
2004 51 1;270;656044940219;5;0;0;0;0;0;0;1;0;
2004 51 1;271;656045103896;3;1;0;0;1;0;0;0;0;
2004 51 1;272;656050220207;7;0;0;0;0;0;0;1;0;
2004 51 1;273;656050220212;7;0;0;0;0;0;0;1;0;
2004 51 1;274;656050220080;7;0;0;0;0;0;0;1;0;
2004 51 1;275;656050294048;7;0;0;0;0;0;0;1;0;
2004 51 1;276;656045103905;3;1;0;0;1;0;0;0;0;
2004 51 1;277;656044940208;5;0;0;0;0;0;0;1;0;
2004 51 1;278;656044940036;5;0;0;0;0;0;0;1;0;
2004 51 1;279;656044940005;5;0;0;0;0;0;0;1;0;
2004 51 1;280;656044940221;5;0;0;0;0;0;0;1;0;
2004 51 1;281;656045110299;1;0;1;0;0;0;0;0;1;
2004 51 1;282;656050260093;1;0;0;0;0;0;0;0;0;
2004 51 1;283;656045050047;1;1;0;0;1;1;0;0;0;
2004 51 1;284;656045120221;1;0;1;0;0;0;0;0;0;
2004 51 1;285;656050470194;1;0;0;0;0;0;0;1;0;
2004 51 1;286;656045110258;1;0;1;0;0;0;0;0;1;
2004 51 1;287;656050260017;1;0;0;0;0;0;0;0;0;
2004 51 1;288;656050220060;1;0;0;0;0;0;0;1;0;
2004 51 1;289;656044930072;1;1;0;0;0;0;0;0;0;
2004 51 1;290;656050320086;1;0;0;0;0;0;0;0;0;
2004 51 1;291;656045120089;1;0;1;0;0;0;0;0;0;
2004 51 1;292;656050260051;1;0;0;0;0;0;0;0;1;
2004 51 1;293;656050320065;1;0;0;0;0;0;0;0;0;
2004 51 1;294;656045110058;1;1;0;0;1;0;0;0;0;
2004 51 1;295;656045130246;1;0;1;0;0;0;0;0;0;
2004 51 1;296;656050470204;1;0;0;0;0;0;0;1;0;
2004 51 1;297;656050260084;1;0;0;0;0;0;0;0;1;
2004 51 1;298;656050250158;1;0;0;0;0;0;0;0;0;
2004 51 1;299;656045020015;1;1;0;0;0;0;0;0;0;
2004 51 1;300;656045130253;1;0;1;0;0;0;0;0;0;
2004 51 1;301;656050210020;1;0;0;1;0;0;0;1;0;
2004 51 1;302;656045130156;1;0;1;0;0;0;0;0;0;
2004 51 1;303;656045120069;1;0;0;0;1;0;0;0;1;
2004 51 1;304;656045020012;1;1;0;0;0;0;0;0;0;
2004 51 1;305;656045130109;1;0;1;0;0;0;0;0;0;
2004 51 1;306;656050250112;1;0;0;0;0;0;0;0;0;
2004 51 1;307;656045120168;1;0;1;0;0;0;0;0;0;
2004 51 1;308;656050240039;1;0;0;0;0;0;0;0;0;
2004 51 1;309;656045110314;1;0;1;0;0;0;0;0;1;
2004 51 1;310;656045110047;1;1;0;0;1;0;0;0;0;
2004 51 1;311;656050410084;2;0;0;0;0;0;0;1;0;
2004 51 1;312;656045130130;2;0;1;0;0;0;0;0;1;
2004 51 1;313;656050494067;2;0;0;0;0;0;0;1;0;
2004 51 1;314;656050494068;2;0;0;0;0;0;0;1;0;
2004 51 1;315;656050240055;2;1;0;0;1;1;0;0;0;
2004 51 1;316;656044930184;2;0;0;1;0;0;0;1;0;
2004 51 1;317;656050410028;2;0;1;0;0;0;0;0;0;
2004 51 1;318;656050494069;2;0;0;0;0;0;0;1;0;
2004 51 1;319;656045130249;2;0;1;0;0;0;0;0;1;
2004 51 1;320;656050410091;2;0;0;0;0;0;0;1;0;
2004 51 1;321;656045030357;2;1;0;0;1;0;1;0;0;
2004 51 1;322;656050494066;2;0;0;0;0;0;0;1;0;
2004 51 1;323;656050410035;2;0;1;0;0;0;0;0;0;
2004 51 1;324;656050494075;2;0;0;0;0;0;0;1;0;
2004 51 1;325;656050220148;2;0;0;0;0;0;0;1;0;
2004 51 1;326;656045110032;2;1;0;0;0;0;0;0;0;
2004 51 1;327;656050220089;2;0;0;0;0;0;0;1;0;
2004 51 1;328;656050220145;2;0;1;0;1;0;0;0;1;
2004 51 1;329;656050220096;2;0;0;0;0;0;0;1;0;
2004 51 1;330;656050410047;2;0;1;0;0;0;0;0;0;
2004 51 1;331;656045110046;2;1;0;0;0;0;0;0;0;
2004 51 1;332;656050220220;2;0;0;0;0;0;0;1;0;
2004 51 1;333;656045130105;2;0;1;0;0;0;0;0;1;
2004 51 1;334;656050220083;2;0;0;0;0;0;0;1;0;
2004 51 1;335;656050294049;2;0;0;0;0;0;0;1;0;
2004 51 1;336;656045110049;2;1;0;0;0;0;0;0;0;
2004 51 1;337;656050220073;2;0;0;0;0;0;0;1;0;
2004 51 1;338;656045030376;2;0;0;0;0;0;0;0;0;
2004 51 1;339;656050220178;2;0;1;0;1;0;0;0;1;
2004 51 1;340;656050220222;2;0;0;0;0;0;0;1;0;
2004 51 1;341;656045110025;2;1;0;0;0;0;0;0;0;
2004 51 1;342;656044950153;2;0;0;0;0;0;0;0;0;
2004 51 1;343;656050220097;2;0;0;0;0;0;0;1;0;
2004 51 1;344;656050220102;2;0;0;0;0;0;0;1;0;
2004 51 1;345;656050240081;2;0;1;0;0;0;0;0;0;
2004 51 1;346;656044950064;2;0;0;0;0;0;0;1;0;
2004 51 1;347;656050240032;2;1;0;0;1;1;0;0;0;
2004 51 1;348;656045030256;2;0;0;0;0;0;0;1;0;
2004 51 1;349;656045130256;2;0;1;0;0;0;0;0;1;
2004 51 1;350;656045030086;2;0;0;0;0;0;0;1;0;
2004 51 1;351;656045130072;2;0;0;0;0;0;0;0;0;
2004 51 1;352;656044950007;2;1;0;0;0;0;0;0;0;
2004 51 1;353;656045030264;2;0;0;0;0;0;0;1;0;
2004 51 1;354;656044950015;2;0;0;0;0;0;0;1;0;
2004 51 1;355;656050410108;2;0;0;0;1;0;0;0;1;
2004 51 1;356;656045030245;2;0;0;0;0;0;0;1;0;
2004 51 1;357;656044950006;2;1;0;0;0;0;0;0;0;
2004 51 1;358;656045030113;2;0;0;0;0;0;0;1;0;
2004 51 1;359;656045030174;2;0;0;0;0;0;0;1;0;
2004 51 1;360;656045030373;2;0;0;0;0;0;0;0;0;
2004 51 1;361;656044930099;2;0;0;1;0;0;0;1;0;
2004 51 1;362;656045094033;3;1;0;0;1;0;0;0;0;
2004 51 1;363;656045120144;3;0;1;0;0;0;0;0;1;
2004 51 1;364;656050220150;3;0;0;0;0;0;0;1;0;
2004 51 1;365;656045020126;3;0;0;0;0;0;0;0;0;
2004 51 1;366;656044920308;3;0;1;0;0;0;0;0;0;
2004 51 1;367;656045120030;3;1;0;0;0;0;0;0;0;
2004 51 1;368;656045120104;3;0;1;0;0;0;0;0;1;
2004 51 1;369;656045020248;3;0;0;0;0;0;0;0;0;
2004 51 1;370;656045020120;3;0;0;0;0;0;0;0;0;
2004 51 1;371;656050220147;3;0;0;0;0;0;0;1;0;
2004 51 1;372;656045193960;3;1;0;0;0;0;0;0;0;
2004 51 1;373;656045120229;3;0;1;0;1;0;0;0;1;
2004 51 1;374;656050220156;3;0;0;0;0;0;0;1;0;
2004 51 1;375;656050240104;3;0;1;0;0;0;0;0;0;
2004 51 1;376;656044920016;3;1;0;0;0;0;0;0;0;
2004 51 1;377;656045120117;3;0;1;0;0;0;0;0;1;
2004 51 1;378;656045030111;2;0;0;0;0;0;0;1;0;
2004 51 1;379;656045030185;2;0;0;0;0;0;0;1;0;
2004 51 1;380;656045030374;2;0;0;0;0;0;0;0;0;
2004 51 1;381;656045130060;2;1;0;0;1;0;0;0;0;
2004 51 1;382;656044950062;2;0;0;0;0;0;0;1;0;
2004 51 1;383;656045130146;2;0;1;0;0;0;0;0;1;
2004 51 1;384;656045030250;2;0;0;0;0;0;0;1;0;
2004 51 1;385;656044950109;2;0;0;0;0;0;0;1;0;
2004 51 1;386;656045130089;2;0;0;0;0;0;0;0;0;
2004 51 1;387;656050220016;2;1;0;0;1;0;0;0;0;
2004 51 1;388;656045030216;2;0;0;0;0;0;0;1;0;
2004 51 1;389;656045130269;2;0;1;0;0;0;0;0;1;
2004 51 1;390;656044930158;2;0;0;1;0;0;0;1;0;
2004 51 1;391;656045130239;2;0;1;0;0;0;0;0;0;
2004 51 1;392;656045030263;2;0;0;0;0;0;0;1;0;
2004 51 1;393;656045030182;2;1;0;0;1;0;0;0;0;
2004 51 1;394;656045030126;2;0;0;0;0;0;0;1;0;
2004 51 1;395;656045130122;2;0;1;0;0;0;0;0;1;
2004 51 1;396;656045030217;2;0;0;0;0;0;0;1;0;
2004 51 1;397;656044950100;2;0;0;0;0;0;0;1;0;
2004 51 1;398;656050240017;2;1;0;0;1;1;0;0;0;
2004 51 1;399;656045110097;7;0;0;0;0;0;0;0;0;
2004 51 1;400;656044950128;7;0;0;0;0;0;0;0;0;
2004 51 1;401;656044950054;7;0;0;0;0;0;0;0;0;
2004 51 1;402;656050494070;7;0;0;0;0;0;0;1;0;
2004 51 1;403;656045110191;7;0;0;0;0;0;0;0;0;
2004 51 1;404;656045050033;7;1;0;0;1;0;0;0;0;
2004 51 1;405;656050220072;7;0;0;0;0;0;0;1;0;
2004 51 1;406;656045110295;7;0;1;0;0;0;0;0;1;
2004 51 1;407;656045120101;7;0;0;0;0;0;0;0;0;
2004 51 1;408;656045110172;7;0;0;0;0;0;0;0;0;
2004 51 1;409;656050220090;7;0;0;0;0;0;0;1;0;
2004 51 1;410;656044950014;7;0;0;0;0;0;0;0;0;
2004 51 1;411;656045040177;7;1;0;0;1;0;0;0;0;
2004 51 1;412;656050220076;7;0;0;0;0;0;0;1;0;
2004 51 1;413;656050410100;7;0;1;0;0;0;0;0;0;
2004 51 1;414;656050220224;7;0;0;0;0;0;0;1;0;
2004 51 1;415;656044950009;7;0;0;0;0;0;0;0;0;
2004 51 1;416;656045110013;3;1;0;0;0;0;0;0;0;
2004 51 1;417;656044950070;2;0;0;0;0;0;0;1;0;
2004 51 1;418;656050410105;2;0;0;0;1;0;0;0;1;
2004 51 1;419;656044930226;2;0;0;1;0;0;0;1;0;
2004 51 1;420;656045120198;3;0;1;0;0;0;0;0;0;
2004 51 1;421;656045110073;3;1;0;0;0;0;0;0;0;
2004 51 1;422;656045020259;3;0;0;0;0;0;0;0;0;
2004 51 1;423;656050220141;3;0;0;0;0;0;0;1;0;
2004 51 1;424;656045120202;3;0;1;0;0;0;0;0;1;
2004 51 1;425;656045020273;3;0;0;0;0;0;0;0;0;
2004 51 1;426;656045094007;3;1;0;0;1;0;0;0;0;
2004 51 1;427;656050240114;3;0;1;0;0;0;0;0;0;
2004 51 1;428;656050220151;3;0;0;0;0;0;0;1;0;
2004 51 1;429;656045020286;3;0;0;0;0;0;0;0;0;
2004 51 1;430;656045120211;3;0;1;0;0;0;0;0;1;
2004 51 1;431;656045010086;3;1;0;0;0;0;0;0;0;
2004 51 1;432;656045020173;3;0;0;0;0;0;0;0;0;
2004 51 1;433;656044920304;3;0;1;0;0;0;0;0;0;
2004 51 1;434;656045020299;3;0;0;0;0;0;0;0;0;
2004 51 1;435;656050220139;3;0;1;0;1;0;0;0;1;
2004 51 1;436;656045010085;3;1;0;0;0;0;0;0;0;
2004 51 1;437;656045020308;3;0;0;0;0;0;0;0;0;
2004 51 1;438;656045120098;3;0;1;0;0;0;0;0;1;
2004 51 1;439;656050220143;3;0;0;0;0;0;0;1;0;
2004 51 1;440;656045120076;3;0;0;0;0;0;0;0;0;
2004 51 1;441;656045120064;3;0;0;0;0;0;0;0;0;
2004 51 1;442;656045110039;3;1;0;0;0;0;0;0;0;
2004 51 1;443;656044950063;3;0;0;0;0;0;0;0;0;
2004 51 1;444;656045120192;3;0;1;0;0;0;0;0;1;
2004 51 1;445;656045020193;3;0;0;0;0;0;0;0;0;
2004 51 1;446;656045020319;3;0;0;0;0;0;0;0;0;
2004 51 1;447;656045110048;3;1;0;0;1;0;0;0;0;
2004 51 1;448;656045120204;3;0;1;0;0;0;0;0;1;
2004 51 1;449;656045030106;2;0;0;0;0;0;0;1;0;
2004 51 1;450;656045130041;2;0;0;0;0;0;0;0;0;
2004 51 1;451;656045030175;2;0;0;0;0;0;0;1;0;
2004 51 1;452;656044930174;2;0;0;1;0;0;0;1;0;
2004 51 1;453;656045193942;3;1;0;0;0;0;0;0;0;
2004 51 1;454;656045110158;7;0;0;0;0;0;0;0;0;
2004 51 1;455;656045040029;7;0;0;0;0;0;0;1;0;
2004 51 1;456;656050410070;7;0;1;0;0;0;0;0;0;
2004 51 1;457;656045040178;7;0;0;0;0;0;0;1;0;
2004 51 1;458;656045050030;7;1;0;0;1;1;0;0;0;
2004 51 1;459;656045120240;7;0;0;0;0;0;0;0;0;
2004 51 1;460;656045040049;7;0;0;0;0;0;0;1;0;
2004 51 1;461;656044950036;7;0;0;0;0;0;0;0;0;
2004 51 1;462;656044940298;7;0;0;0;0;0;0;0;0;
2004 51 1;463;656050220103;7;0;0;0;0;0;0;1;0;
2004 51 1;464;656045110030;3;1;0;0;0;0;0;0;0;
2004 51 1;465;656045120145;3;0;1;0;0;0;0;0;1;
2004 51 1;466;656045120077;3;0;0;0;0;0;0;0;0;
2004 51 1;467;656045120078;3;0;0;0;0;0;0;0;0;
2004 51 1;468;656045120156;3;0;1;0;0;0;0;0;1;
2004 51 1;469;656045093998;3;1;0;0;1;0;0;0;0;
2004 51 1;470;656050240121;3;0;1;0;0;0;0;0;0;
2004 51 1;471;656050220087;3;0;0;0;0;0;0;1;0;
2004 51 1;472;656045020325;3;0;0;0;0;0;0;0;0;
2004 51 1;473;656045120154;3;0;1;0;0;0;0;0;1;
2004 51 1;474;656045060051;3;1;0;0;0;0;0;0;0;
2004 51 1;475;656045020211;3;0;0;0;0;0;0;0;0;
2004 51 1;476;656045120235;3;0;1;0;0;0;0;0;1;
2004 51 1;477;656045020197;3;0;0;0;0;0;0;1;0;
2004 51 1;478;656045120122;3;0;1;0;0;0;0;0;0;
2004 51 1;479;656045093990;3;1;0;0;1;0;0;0;0;
2004 51 1;480;656050240041;3;0;1;0;0;0;0;0;0;
2004 51 1;481;656045020212;3;0;0;0;0;0;0;0;0;
2004 51 1;482;656045120203;3;0;1;0;0;0;0;0;1;
2004 51 1;483;656045020087;3;0;0;0;0;0;0;0;0;
2004 51 1;484;656045110055;3;1;0;0;0;0;0;0;0;
2004 51 1;485;656045120115;3;0;1;0;0;0;0;0;1;
2004 51 1;486;656044830169;2;0;0;1;0;0;0;1;0;
2004 51 1;487;656045030224;2;0;0;0;0;0;0;1;0;
2004 51 1;488;656050220183;2;0;1;0;0;0;0;0;0;
2004 51 1;489;656050220017;2;1;0;0;1;0;0;0;0;
2004 51 1;490;656045030178;2;0;0;0;0;0;0;1;0;
2004 51 1;491;656045030225;2;0;0;0;0;0;0;1;0;
2004 51 1;492;656045130227;2;0;0;0;0;0;0;0;0;
2004 51 1;493;656045130173;2;0;1;0;0;0;0;0;1;
2004 51 1;494;656045030179;2;0;0;0;0;0;0;1;0;
2004 51 1;495;656045030107;2;1;0;0;1;0;1;0;0;
2004 51 1;496;656045030184;2;0;0;0;0;0;0;1;0;
2004 51 1;497;656050220158;2;0;1;0;0;0;0;0;0;
2004 51 1;498;656050220130;2;0;0;0;0;0;0;1;0;
2004 51 1;499;656050220138;2;0;0;0;0;0;0;1;0;
2004 51 1;500;656044950002;2;1;0;0;0;0;0;0;0;
2004 51 1;501;656050220135;2;0;0;0;0;0;0;1;0;
2004 51 1;502;656050220155;2;0;1;0;0;0;0;0;1;
2004 51 1;503;656050220112;2;0;0;0;0;0;0;1;0;
2004 51 1;504;656050220105;2;0;0;0;0;0;0;1;0;
2004 51 1;505;656050240037;2;1;0;0;1;1;0;0;0;
2004 51 1;506;656044950212;7;0;0;0;0;0;0;0;0;
2004 51 1;507;656050220109;7;0;0;0;0;0;0;1;0;
2004 51 1;508;656050410075;7;0;1;0;0;0;0;0;0;
2004 51 1;509;656044950241;7;0;0;0;0;0;0;0;0;
2004 51 1;510;656050220191;7;0;0;0;0;0;0;1;0;
2004 51 1;511;656050410083;7;0;1;0;0;0;0;0;0;
2004 51 1;512;656050220020;7;1;0;0;1;0;0;0;0;
2004 51 1;513;656050220069;7;0;0;0;0;0;0;1;0;
2004 51 1;514;656050410080;7;0;1;0;0;0;0;0;0;
2004 51 1;515;656045120092;7;0;0;0;0;0;0;0;0;
2004 51 1;516;656044892250;7;0;0;1;0;0;0;1;0;
2004 51 1;517;656045110304;7;0;1;0;0;0;0;0;1;
2004 51 1;518;656045050026;7;1;0;0;1;0;0;0;0;
2004 51 1;519;656050220184;7;0;0;0;0;0;0;1;0;
2004 51 1;520;656044930389;7;0;1;0;0;0;0;0;0;
2004 51 1;521;656045120097;7;0;0;0;0;0;0;0;0;
2004 51 1;522;656050220195;7;0;0;0;0;0;0;1;0;
2004 51 1;523;656045120021;7;1;0;0;1;0;0;0;0;
2004 51 1;524;656045120125;7;0;0;0;0;0;0;0;0;
2004 51 1;525;656045120123;7;0;0;0;0;0;0;0;0;
2004 51 1;526;656050220185;7;0;0;0;0;0;0;1;0;
2004 51 1;527;656045120181;3;0;1;0;0;0;0;0;1;
2004 51 1;528;656045193944;3;1;0;0;0;0;0;0;0;
2004 51 1;529;656044920313;3;0;1;0;0;0;0;0;0;
2004 51 1;530;656045020085;3;0;0;0;0;0;0;0;0;
2004 51 1;531;656045020144;3;0;0;0;0;0;0;0;0;
2004 51 1;532;656045120152;3;0;1;0;0;0;0;0;1;
2004 51 1;533;656045094045;3;1;0;0;1;0;0;0;0;
2004 51 1;534;656045020141;3;0;0;0;0;0;0;0;0;
2004 51 1;535;656044950075;3;0;0;0;0;0;0;0;0;
2004 51 1;536;656050240092;3;0;1;0;0;0;0;0;0;
2004 51 1;537;656045020112;3;0;0;0;0;0;0;1;0;
2004 51 1;538;656045120150;3;0;1;0;0;0;0;0;1;
2004 51 1;539;656045110022;3;1;0;0;0;0;0;0;0;
2004 51 1;540;656045020138;3;0;0;0;0;0;0;0;0;
2004 51 1;541;656045120241;3;0;1;0;0;0;0;0;1;
2004 51 1;542;656045020246;3;0;0;0;0;0;0;1;0;
2004 51 1;543;656044920303;3;0;1;0;0;0;0;0;0;
2004 51 1;544;656045094040;3;1;0;0;1;0;0;0;0;
2004 51 1;545;656045020137;3;0;0;0;0;0;0;0;0;
2004 51 1;546;656045020122;3;0;0;0;0;0;0;0;0;
2004 51 1;547;656045120237;3;0;1;0;0;0;0;0;1;
2004 51 1;548;656045020127;3;0;0;0;0;0;0;1;0;
2004 51 1;549;656045020183;3;0;0;0;0;0;0;0;0;
2004 51 1;550;656044920302;3;0;1;0;0;0;0;0;0;
2004 51 1;551;656045093991;3;1;0;0;1;0;0;0;0;
2004 51 1;552;656045120196;3;0;1;0;0;0;0;0;1;
2004 51 1;553;656045020159;3;0;0;0;0;0;0;0;0;
2004 51 1;554;656044920305;3;0;1;0;0;0;0;0;0;
2004 51 1;555;656045020199;3;0;0;0;0;0;0;0;0;
2004 51 1;556;656045060054;3;1;0;0;0;0;0;0;0;
2004 51 1;557;656045020209;3;0;0;0;0;0;0;0;0;
2004 51 1;558;656050220192;3;0;1;0;1;0;0;0;1;
2004 51 1;559;656045020117;3;0;0;0;0;0;0;1;0;
2004 51 1;560;656050240056;3;0;1;0;0;0;0;0;0;
2004 51 1;561;656045193943;3;1;0;0;0;0;0;0;0;
2004 51 1;562;656045120224;3;0;1;0;0;0;0;0;1;
2004 51 1;563;656045020136;3;0;0;0;0;0;0;0;0;
2004 51 1;564;656045020147;3;0;0;0;0;0;0;0;0;
2004 51 1;565;656050220088;3;0;1;0;0;0;0;0;0;
2004 51 1;566;656045094015;3;1;0;0;1;0;0;0;0;
2004 51 1;567;656045120187;3;0;1;0;0;0;0;0;1;
2004 51 1;568;656045020124;3;0;0;0;0;0;0;0;0;
2004 51 1;569;656044940068;3;0;0;1;0;0;0;1;0;
2004 51 1;570;656045120234;3;0;1;0;0;0;0;0;1;
2004 51 1;571;656045094036;3;1;0;0;0;0;0;0;0;
2004 51 1;572;656045020257;3;0;0;0;0;0;0;0;0;
2004 51 1;573;656050220170;3;0;1;0;0;0;0;0;0;
2004 51 1;574;656045020174;3;0;0;0;0;0;0;1;0;
2004 51 1;575;656050220163;3;0;1;0;1;0;0;0;1;
2004 51 1;576;656045193927;3;1;0;0;0;0;0;0;0;
2004 51 1;577;656050220113;3;0;1;0;0;0;0;0;0;
2004 51 1;578;656045020210;3;0;0;0;0;0;0;0;0;
2004 51 1;579;656045120095;3;0;1;0;0;0;0;0;1;
2004 51 1;580;656045020181;3;0;0;0;0;0;0;0;0;
2004 51 1;581;656045120109;3;0;1;0;0;0;0;0;1;
2004 51 1;582;656045110061;3;1;0;0;1;0;0;0;0;
2004 51 1;583;656045020253;3;0;0;0;0;0;0;0;0;
2004 51 1;584;656044950053;3;0;0;0;0;0;0;0;0;
2004 51 1;585;656050220164;3;0;0;0;0;0;0;1;0;
2004 51 1;586;656045120195;3;0;1;0;0;0;0;0;1;
2004 51 1;587;656045193928;3;1;0;0;0;0;0;0;0;
2004 51 1;588;656050220142;3;0;1;0;0;0;0;0;1;
2004 51 1;589;656045020178;3;0;0;0;0;0;0;0;0;
2004 51 1;590;656050220167;3;0;1;0;0;0;0;0;0;
2004 51 1;591;656050220127;3;0;0;0;0;0;0;1;0;
2004 51 1;592;656045093983;3;1;0;0;1;0;0;0;0;
2004 51 1;593;656050220146;3;0;1;0;0;0;0;0;1;
2004 51 1;594;656050220160;3;0;0;0;0;0;0;1;0;
2004 51 1;595;656050220157;3;0;1;0;0;0;0;0;0;
2004 51 1;596;656044950069;3;0;0;0;0;0;0;0;0;
2004 51 1;597;656050220115;3;0;0;0;0;0;0;1;0;
2004 51 1;598;656050220152;3;0;1;0;0;0;0;0;1;
2004 51 1;599;656045094027;3;1;0;0;1;0;0;0;0;
2004 51 1;600;656045120073;3;0;0;0;0;0;0;0;0;
2004 51 1;601;656045120126;3;0;0;0;0;0;0;0;0;
2004 51 1;602;656050220071;3;0;1;0;0;0;0;0;1;
2004 51 1;603;656050220136;3;0;0;0;0;0;0;1;0;
2004 51 1;604;656045120110;3;0;0;0;0;0;0;0;0;
2004 51 1;605;656045060049;3;1;0;0;0;0;0;0;0;
2004 51 1;606;656050220137;3;0;1;0;0;0;0;0;0;
2004 51 1;607;656050340170;3;0;0;0;1;0;0;0;1;
2004 51 1;608;656044930102;2;0;0;1;0;0;0;1;0;
2004 51 1;609;656050220210;2;0;1;0;0;0;0;0;0;
2004 51 1;610;656050220154;2;0;0;0;0;0;0;1;0;
2004 51 1;611;656045060074;3;1;0;0;0;0;0;0;0;
2004 51 1;612;656050494018;6;1;0;0;1;1;0;0;0;
2004 51 1;613;656050240044;6;0;1;0;0;0;0;0;1;
2004 51 1;614;656044940273;6;0;0;0;0;0;0;1;0;
2004 51 1;615;656050240147;6;0;1;0;0;0;0;0;0;
2004 51 1;616;656044940265;6;0;0;0;0;0;0;0;0;
2004 51 1;617;656045060077;6;1;0;0;0;0;0;0;0;
2004 51 1;618;656050240129;6;0;1;0;0;0;0;0;1;
2004 51 1;619;656050230099;6;0;0;0;0;0;0;0;0;
2004 51 1;620;656050220024;6;0;1;0;0;0;0;0;0;
2004 51 1;621;656050230002;6;0;0;0;0;0;0;0;0;
2004 51 1;622;656045120013;6;1;0;0;1;0;0;0;0;
2004 51 1;623;656050240076;6;0;1;0;0;0;0;0;1;
2004 51 1;624;656044940296;6;0;0;0;0;0;0;1;0;
2004 51 1;625;656050220066;6;0;1;0;0;0;0;0;0;
2004 51 1;626;656050240057;6;0;0;0;0;0;0;0;0;
2004 51 1;627;656045060053;6;1;0;0;0;0;0;0;0;
2004 51 1;628;656050240074;6;0;1;0;0;0;0;0;1;
2004 51 1;629;656050230004;6;0;0;0;0;0;0;0;0;
2004 51 1;630;656050240071;6;0;1;0;0;0;0;0;0;
2004 51 1;631;656044940317;6;0;0;0;0;0;0;0;0;
2004 51 1;632;656044893322;6;1;0;0;1;0;0;0;0;
2004 51 1;633;656050240117;6;0;1;0;0;0;0;0;1;
2004 51 1;634;656050230160;8;0;0;0;0;0;0;1;0;
2004 51 1;635;656045130243;8;0;0;0;0;0;0;0;0;
2004 51 1;636;656045130240;8;0;0;0;0;0;0;0;0;
2004 51 1;637;656045010250;9;0;0;0;0;0;0;1;0;
2004 51 1;638;656050494011;9;1;0;0;1;1;0;0;0;
2004 51 1;639;656045040005;9;0;1;0;0;0;0;0;1;
2004 51 1;640;656045040001;9;0;0;0;0;0;0;1;0;
2004 51 1;641;656045010196;9;0;0;0;0;0;0;0;0;
2004 51 1;642;656045010197;9;0;0;0;0;0;0;1;0;
2004 51 1;643;656050440045;9;1;0;0;0;0;0;0;0;
2004 51 1;644;656050240078;9;0;0;0;0;0;0;0;0;
2004 51 1;645;656045110192;9;0;0;0;0;0;0;1;0;
2004 51 1;646;656045010219;9;0;1;0;1;0;0;0;1;
2004 51 1;647;656045110132;9;0;0;0;0;0;0;0;0;
2004 51 1;648;656045060046;9;0;0;0;0;0;0;1;0;
2004 51 1;649;656050430070;9;1;0;0;0;0;0;0;0;
2004 51 1;650;656045010238;9;0;1;0;0;0;0;0;0;
2004 51 1;651;656045110077;9;0;0;0;0;0;0;1;0;
2004 51 1;652;656045110246;9;0;0;0;0;0;0;1;0;
2004 51 1;653;656045010214;9;0;1;0;0;0;0;0;1;
2004 51 1;654;656045120009;9;1;0;0;1;0;0;0;0;
2004 51 1;655;656045110081;9;0;0;0;0;0;0;1;0;
2004 51 1;656;656045110031;9;0;0;0;0;0;0;0;0;
2004 51 1;657;656045010277;9;0;1;0;0;0;0;0;0;
2004 51 1;658;656045110082;9;0;0;0;0;0;0;1;0;
2004 51 1;659;656045010218;9;0;1;0;0;0;0;0;1;
2004 51 1;660;656044893751;9;1;0;0;1;0;0;0;0;
2004 51 1;661;656045110243;9;0;0;0;0;0;0;1;0;
2004 51 1;662;656045010245;9;0;1;0;0;0;0;0;0;
2004 51 1;663;656044950052;9;0;0;0;0;0;0;0;0;
2004 51 1;664;656045060007;9;0;0;0;0;0;0;1;0;
2004 51 1;665;656045110270;9;0;1;0;0;0;0;0;1;
2004 51 1;666;656044893127;9;1;0;0;1;0;0;0;0;
2004 51 1;667;656045110242;9;0;0;0;0;0;0;1;0;
2004 51 1;668;656050250148;9;0;1;0;0;0;0;0;0;
2004 51 1;669;656045060009;9;0;0;0;0;0;0;1;0;
2004 51 1;670;656045110193;9;0;0;0;0;0;0;0;0;
2004 51 1;671;656050250181;9;0;0;0;0;0;0;0;0;
2004 51 1;672;656045110092;9;0;0;0;0;0;0;1;0;
2004 51 1;673;656045010154;9;1;0;0;1;0;0;0;0;
2004 51 1;674;656045110297;9;0;1;0;0;0;0;0;0;
2004 51 1;675;656045110095;9;0;0;0;0;0;0;1;0;
2004 51 1;676;656045110265;9;0;1;0;0;0;0;0;1;
2004 51 1;677;656050250101;9;0;0;0;0;0;0;0;0;
2004 51 1;678;656045060044;9;0;0;0;0;0;0;1;0;
2004 51 1;679;656045110290;9;0;1;0;0;0;0;0;0;
2004 51 1;680;656045193950;9;1;0;0;1;0;0;0;0;
2004 51 1;681;656045110108;9;0;0;0;0;0;0;1;0;
2004 51 1;682;656045010180;9;0;1;0;0;0;0;0;1;
2004 51 1;683;656045110237;9;0;0;0;0;0;0;1;0;
2004 51 1;684;656044950050;9;0;0;0;0;0;0;0;0;
2004 51 1;685;656045110034;9;1;0;0;0;0;0;0;0;
2004 51 1;686;656045110113;9;0;0;0;0;0;0;1;0;
2004 51 1;687;656045110133;9;0;0;0;0;0;0;0;0;
2004 51 1;688;656045010189;9;0;1;0;0;0;0;0;1;
2004 51 1;689;656045110116;9;0;0;0;0;0;0;1;0;
2004 51 1;690;656045010195;9;1;0;0;1;1;0;0;0;
2004 51 1;691;656045010207;9;0;1;0;0;0;0;0;0;
2004 51 1;692;656045110119;9;0;0;0;0;0;0;1;0;
2004 51 1;693;656044950047;9;0;0;0;0;0;0;0;0;
2004 51 1;694;656050240067;9;0;1;0;0;0;0;0;0;
2004 51 1;695;656045110127;9;0;0;0;0;0;0;1;0;
2004 51 1;696;656045110321;9;0;1;0;0;0;0;0;1;
2004 51 1;697;656045110038;9;1;0;0;1;0;0;0;0;
2004 51 1;698;656045110129;9;0;0;0;0;0;0;1;0;
2004 51 1;699;656045010266;9;0;1;0;0;0;0;0;0;
2004 51 1;700;656045110233;9;0;0;0;0;0;0;1;0;
2004 51 1;701;656045110251;9;0;1;0;0;0;0;0;0;
2004 51 1;702;656045110137;9;0;0;0;0;0;0;1;0;
2004 51 1;703;656045110254;9;0;1;0;0;0;0;0;1;
2004 51 1;704;656044893756;9;1;0;0;1;0;0;0;0;
2004 51 1;705;656045110226;9;0;0;0;0;0;0;1;0;
2004 51 1;706;656045110283;9;0;1;0;0;0;0;0;0;
2004 51 1;707;656045110201;9;0;0;0;0;0;0;0;0;
2004 51 1;708;656045110142;9;0;0;0;0;0;0;1;0;
2004 51 1;709;656045110019;9;1;0;0;0;0;0;0;0;
2004 51 1;710;656045110323;9;0;1;0;0;0;0;0;1;
2004 51 1;711;656045110156;9;0;0;0;0;0;0;1;0;
2004 51 1;712;656045110170;9;0;0;0;0;0;0;0;0;
2004 51 1;713;656045060016;9;0;0;0;0;0;0;1;0;
2004 51 1;714;656045120026;9;1;0;0;1;0;0;0;0;
2004 51 1;715;656050230196;9;0;0;0;0;0;0;0;0;
2004 51 1;716;656045060017;9;0;0;0;0;0;0;1;0;
2004 51 1;717;656045110302;9;0;1;0;0;0;0;0;1;
2004 51 1;718;656045060018;9;0;0;0;0;0;0;1;0;
2004 51 1;719;656045193924;9;1;0;0;0;0;0;0;0;
2004 51 1;720;656050230216;9;0;0;0;0;0;0;0;0;
2004 51 1;721;656045060019;9;0;0;0;0;0;0;1;0;
2004 51 1;722;656050230213;9;0;0;0;0;0;0;0;0;
2004 51 1;723;656045060042;9;0;0;0;0;0;0;1;0;
2004 51 1;724;656045010178;9;1;0;0;1;1;0;0;0;
2004 51 1;725;656045060020;9;0;0;0;0;0;0;1;0;
2004 51 1;726;656045010240;9;0;1;0;0;0;0;0;1;
2004 51 1;727;656045060021;9;0;0;0;0;0;0;1;0;
2004 51 1;728;656050250169;9;0;0;0;0;0;0;0;0;
2004 51 1;729;656044950038;9;0;1;0;0;0;0;0;0;
2004 51 1;730;656045060022;9;0;0;0;0;0;0;1;0;
2004 51 1;731;656045193954;6;1;0;0;1;0;0;0;0;
2004 51 1;732;656050240149;6;0;1;0;0;0;0;0;1;
2004 51 1;733;656045030054;6;0;0;0;0;0;0;1;0;
2004 51 1;734;656044940305;6;0;0;0;0;0;0;0;0;
2004 51 1;735;656050230030;6;0;0;0;0;0;0;0;0;
2004 51 1;736;656045060056;6;1;0;0;0;0;0;0;0;
2004 51 1;737;656045030055;6;0;0;0;0;0;0;1;0;
2004 51 1;738;656050240060;6;0;1;0;0;0;0;0;1;
2004 51 1;739;656050230009;6;0;0;0;0;0;0;0;0;
2004 51 1;740;656044950111;6;0;0;0;0;0;0;0;0;
2004 51 1;741;656045060061;6;1;0;0;1;0;0;0;0;
2004 51 1;742;656050220037;6;0;1;0;0;0;0;0;0;
2004 51 1;743;656045030063;6;0;0;0;0;0;0;1;0;
2004 51 1;744;656050230025;6;0;0;0;0;0;0;0;0;
2004 51 1;745;656050240064;6;0;1;0;0;0;0;0;1;
2004 51 1;746;656045193945;6;1;0;0;0;0;0;0;0;
2004 51 1;747;656045030060;6;0;0;0;0;0;0;1;0;
2004 51 1;748;656050220038;6;0;1;0;0;0;0;0;0;
2004 51 1;749;656050230198;6;0;0;0;0;0;0;0;0;
2004 51 1;750;656050220008;6;0;1;0;0;0;0;0;0;
2004 51 1;751;656045060067;6;1;0;0;1;0;0;0;0;
2004 51 1;752;656045040171;6;0;1;0;0;0;0;0;1;
2004 51 1;753;656050320052;6;0;0;0;0;0;0;0;0;
2004 51 1;754;656050220040;6;0;1;0;0;0;0;0;0;
2004 51 1;755;656045030048;6;0;0;0;0;0;0;1;0;
2004 51 1;756;656045193923;6;1;0;0;0;0;0;0;0;
2004 51 1;757;656045040130;6;0;1;0;0;0;0;0;1;
2004 51 1;758;656045030168;8;0;0;0;0;0;0;1;0;
2004 51 1;759;656045130086;8;0;0;0;0;0;0;0;0;
2004 51 1;760;656045130059;8;0;0;0;0;0;0;0;0;
2004 51 1;761;656044892636;9;1;0;0;1;0;0;0;0;
2004 51 1;762;656045060023;9;0;0;0;0;0;0;1;0;
2004 51 1;763;656045010271;9;0;1;0;0;0;0;0;0;
2004 51 1;764;656050350248;9;0;0;0;0;0;0;0;0;
2004 51 1;765;656045060024;9;0;0;0;0;0;0;1;0;
2004 51 1;766;656045193956;9;1;0;0;0;0;0;0;0;
2004 51 1;767;656050230205;9;0;0;0;0;0;0;0;0;
2004 51 1;768;656045060041;9;0;0;0;0;0;0;1;0;
2004 51 1;769;656050240046;9;0;1;0;0;0;0;0;0;
2004 51 1;770;656045110164;9;0;0;0;0;0;0;1;0;
2004 51 1;771;656044893061;9;1;0;0;1;1;0;0;0;
2004 51 1;772;656045110312;9;0;1;0;0;0;0;0;1;
2004 51 1;773;656045110165;9;0;0;0;0;0;0;1;0;
2004 51 1;774;656045010188;9;0;1;0;0;0;0;0;0;
2004 51 1;775;656045060025;9;0;0;0;0;0;0;1;0;
2004 51 1;776;656044892657;9;1;0;0;1;0;0;0;0;
2004 51 1;777;656045010175;9;0;1;0;0;0;0;0;0;
2004 51 1;778;656045060026;9;0;0;0;0;0;0;1;0;
2004 51 1;779;656045110320;9;0;1;0;0;0;0;0;1;
2004 51 1;780;656050230218;9;0;0;0;0;0;0;0;0;
2004 51 1;781;656045060002;9;0;0;0;0;0;0;1;0;
2004 51 1;782;656045060027;9;0;0;0;0;0;0;1;0;
2004 51 1;783;656044892235;9;1;0;0;1;0;0;0;0;
2004 51 1;784;656045130142;8;0;1;0;0;0;0;0;0;
2004 51 1;785;656045030283;8;0;0;0;0;0;0;1;0;
2004 51 1;786;656045130267;8;0;0;0;0;0;0;0;0;
2004 51 1;787;656045130061;8;0;0;0;0;0;0;0;0;
2004 51 1;788;656045193920;6;1;0;0;0;0;0;0;0;
2004 51 1;789;656045060028;9;0;0;0;0;0;0;1;0;
2004 51 1;790;656050350267;9;0;0;0;0;0;0;0;0;
2004 51 1;791;656045010258;9;0;1;0;0;0;0;0;1;
2004 51 1;792;656045060029;9;0;0;0;0;0;0;1;0;
2004 51 1;793;656050420026;9;1;0;0;1;0;1;0;0;
2004 51 1;794;656045060030;9;0;0;0;0;0;0;1;0;
2004 51 1;795;656045010169;9;0;1;0;0;0;0;0;0;
2004 51 1;796;656045060031;9;0;0;0;0;0;0;1;0;
2004 51 1;797;656050240061;6;0;1;0;0;0;0;0;1;
2004 51 1;798;656045060050;6;1;0;0;0;0;0;0;0;
2004 51 1;799;656045030093;8;0;0;0;0;0;0;1;0;
2004 51 1;800;656044950074;8;0;0;0;0;0;0;0;0;
2004 51 1;801;656045030290;8;0;0;0;0;0;0;1;0;
2004 51 1;802;656050220043;6;0;1;0;0;0;0;0;0;
2004 51 1;803;656050494022;6;1;0;0;1;1;0;0;0;
2004 51 1;804;656045040115;6;0;1;0;0;0;0;0;1;
2004 51 1;805;656050230217;6;0;0;0;0;0;0;0;0;
2004 51 1;806;656050230219;6;0;0;0;0;0;0;0;0;
2004 51 1;807;656050230200;6;0;0;0;0;0;0;0;0;
2004 51 1;808;656045060047;6;1;0;0;0;0;0;0;0;
2004 51 1;809;656045040114;6;0;1;0;0;0;0;0;1;
2004 51 1;810;656045060032;9;0;0;0;0;0;0;1;0;
2004 51 1;811;656050240148;9;0;1;0;0;0;0;0;0;
2004 51 1;812;656045110173;9;0;0;0;0;0;0;1;0;
2004 51 1;813;656045110009;9;1;0;0;1;0;0;0;0;
2004 51 1;814;656045110257;9;0;1;0;0;0;0;0;0;
2004 51 1;815;656045110175;9;0;0;0;0;0;0;1;0;
2004 51 1;816;656050230215;9;0;0;0;0;0;0;0;0;
2004 51 1;817;656045110277;9;0;1;0;0;0;0;0;1;
2004 51 1;818;656045110216;9;0;0;0;0;0;0;1;0;
2004 51 1;819;656044892733;9;1;0;0;1;0;0;0;0;
2004 51 1;820;656045010276;9;0;1;0;0;0;0;0;0;
2004 51 1;821;656045110213;9;0;0;0;0;0;0;1;0;
2004 51 1;822;656050350257;9;0;0;0;0;0;0;0;0;
2004 51 1;823;656050230214;9;0;0;0;0;0;0;0;0;
2004 51 1;824;656045060040;9;0;0;0;0;0;0;1;0;
2004 51 1;825;656045110276;9;0;1;0;0;0;0;0;1;
2004 51 1;826;656050350301;9;1;0;0;1;0;0;0;0;
2004 51 1;827;656045110177;9;0;0;0;0;0;0;1;0;
2004 51 1;828;656045110178;9;0;0;0;0;0;0;1;0;
2004 51 1;829;656050230210;9;0;0;0;0;0;0;0;0;
2004 51 1;830;656045110179;9;0;0;0;0;0;0;1;0;
2004 51 1;831;656045110305;9;0;1;0;0;0;0;0;1;
2004 51 1;832;656044892042;9;1;0;0;1;1;0;0;0;
2004 51 1;833;656045110180;9;0;0;0;0;0;0;1;0;
2004 51 1;834;656050350281;9;0;0;0;0;0;0;0;0;
2004 51 1;835;656050240122;9;0;1;0;0;0;0;0;0;
2004 51 1;836;656045110182;9;0;0;0;0;0;0;1;0;
2004 51 1;837;656045110023;9;1;0;0;0;0;0;0;0;
2004 51 1;838;656045110274;9;0;1;0;0;0;0;0;1;
2004 51 1;839;656045110183;9;0;0;0;0;0;0;1;0;
2004 51 1;840;656045010179;9;0;1;0;0;0;0;0;0;
2004 51 1;841;656045110204;9;0;0;0;0;0;0;1;0;
2004 51 1;842;656050350202;9;1;0;0;1;0;0;0;0;
2004 51 1;843;656050230195;9;0;0;0;0;0;0;0;0;
2004 51 1;844;656045110188;9;0;0;0;0;0;0;1;0;
2004 51 1;845;656045010261;9;0;1;0;0;0;0;0;1;
2004 51 1;846;656050230212;9;0;0;0;0;0;0;0;0;
2004 51 1;847;656045110076;9;0;0;0;0;0;0;1;0;
2004 51 1;848;656050350200;9;1;0;0;1;0;0;0;0;
2004 51 1;849;656045030366;8;0;0;0;0;0;0;0;0;
2004 51 1;850;656045030134;8;0;0;0;0;0;0;1;0;
2004 51 1;851;656045130206;8;0;0;0;0;0;0;0;0;
2004 51 1;852;656045130224;8;0;0;0;0;0;0;0;0;
2004 51 1;853;656045060069;6;1;0;0;0;0;0;0;0;
2004 51 1;854;656045030152;8;0;0;0;0;0;0;1;0;
2004 51 1;855;656044950131;8;0;0;0;0;0;0;0;0;
2004 51 1;856;656045130080;8;0;0;0;0;0;0;0;0;
2004 51 1;857;656045030148;8;0;0;0;0;0;0;1;0;
2004 51 1;858;656045040162;6;1;0;0;0;0;0;0;0;
2004 51 1;859;656045130202;8;0;1;0;0;0;0;0;1;
2004 51 1;860;656045030282;8;0;0;0;0;0;0;1;0;
2004 51 1;861;656044950135;8;0;0;0;0;0;0;0;0;
2004 51 1;862;656045130225;8;0;0;0;0;0;0;0;0;
2004 51 1;863;656045130260;8;0;0;0;0;0;0;0;0;
2004 51 1;864;656044892761;6;1;0;0;1;1;0;0;0;
2004 51 1;865;656045030146;8;0;0;0;0;0;0;1;0;
2004 51 1;866;656045030097;8;0;1;0;0;0;0;0;1;
2004 51 1;867;656045130257;8;0;0;0;0;0;0;0;0;
2004 51 1;868;656045030143;8;0;0;0;0;0;0;1;0;
2004 51 1;869;656045060060;6;1;0;0;0;0;0;0;0;
2004 51 1;870;656045130222;8;0;0;0;0;0;0;0;0;
2004 51 1;871;656045030277;8;0;0;0;0;0;0;1;0;
2004 51 1;872;656044950144;8;0;0;0;0;0;0;0;0;
2004 51 1;873;656045130228;8;0;0;0;0;0;0;0;0;
2004 51 1;874;656050230153;8;0;0;0;0;0;0;1;0;
2004 51 1;875;656045110018;6;1;0;0;1;0;0;0;0;
2004 51 1;876;656045130207;8;0;1;0;0;0;0;0;1;
2004 51 1;877;656050230133;8;0;0;0;0;0;0;1;0;
2004 51 1;878;656044930228;8;0;1;0;0;0;0;0;0;
2004 51 1;879;656045130232;8;0;0;0;0;0;0;0;0;
2004 51 1;880;656045060072;6;1;0;0;0;0;0;0;0;
2004 51 1;881;656050230192;8;0;0;0;0;0;0;1;0;
2004 51 1;882;656045040098;6;0;1;0;1;0;0;0;1;
2004 51 1;883;656050350157;6;0;0;0;0;0;0;0;0;
2004 51 1;884;656050220056;6;0;1;0;0;0;0;0;0;
2004 51 1;885;656045060064;6;1;0;0;0;0;0;0;0;
2004 51 1;886;656045040188;6;0;1;0;0;0;0;0;1;
2004 51 1;887;656045130264;8;0;0;0;0;0;0;0;0;
2004 51 1;888;656045130248;8;0;0;0;0;0;0;0;0;
2004 51 1;889;656050230147;8;0;0;0;0;0;0;1;0;
2004 51 1;890;656045040087;6;1;0;0;1;1;0;0;0;
2004 51 1;891;656045130250;8;0;0;0;0;0;0;0;0;
2004 51 1;892;656050230123;8;0;0;0;0;0;0;1;0;
2004 51 1;893;656045130214;8;0;0;0;0;0;0;0;0;
2004 51 1;894;656050230199;8;0;0;0;0;0;0;0;0;
2004 51 1;895;656050230185;8;0;0;0;0;0;0;1;0;
2004 51 1;896;656050240089;6;0;1;0;0;0;0;0;1;
2004 51 1;897;656045060058;6;1;0;0;1;0;0;0;0;
2004 51 1;898;656045040183;6;0;1;0;0;0;0;0;0;
2004 51 1;899;656044940301;6;0;0;0;0;0;0;1;0;
2004 51 1;900;656045040143;6;0;1;0;0;0;0;0;1;
2004 51 1;901;656050410166;6;0;0;0;0;0;0;0;0;
2004 51 1;902;656050240143;6;0;1;0;0;0;0;0;0;
2004 51 1;903;656045060065;6;1;0;0;0;0;0;0;0;
2004 51 1;904;656050350321;6;0;0;0;0;0;0;0;0;
2004 51 1;905;656050230197;6;0;0;0;0;0;0;0;0;
2004 51 1;906;656045040166;6;0;1;0;0;0;0;0;1;
2004 51 1;907;656045030050;6;0;0;0;0;0;0;1;0;
2004 51 1;908;656050350235;6;1;0;0;1;0;0;0;0;
2004 51 1;909;656050350328;6;0;0;0;0;0;0;0;0;
2004 51 1;910;656050240084;6;0;1;0;0;0;0;0;1;
2004 51 1;911;656045040037;6;0;0;0;0;0;0;1;0;
2004 51 1;912;656050220065;6;0;1;0;0;0;0;0;0;
2004 51 1;913;656045193929;6;1;0;0;0;0;0;0;0;
2004 51 1;914;656044940318;6;0;0;0;0;0;0;1;0;
2004 51 1;915;656050350311;6;0;0;0;0;0;0;0;0;
2004 51 1;916;656050240035;6;0;1;0;0;0;0;0;1;
2004 51 1;917;656050230220;6;0;0;0;0;0;0;0;0;
2004 51 1;918;656050240024;6;0;1;0;0;0;0;0;0;
2004 51 1;919;656050494009;6;1;0;0;1;1;0;0;0;
2004 51 1;920;656045040084;6;0;1;0;0;0;0;0;1;
2004 51 1;921;656050230149;8;0;0;0;0;0;0;1;0;