Date;SeqRank;Ident;Paint Color;HPRC1;HPRC2;HPRC3;HPRC4;HPRC5;HPRC6;LPRC1;LPRC2;LPRC3;LPRC4;LPRC5;LPRC6;LPRC7;LPRC8;LPRC9;LPRC10;LPRC11;LPRC12;LPRC13;LPRC14;
2004 48 5;922;25044850273;20;1;0;1;1;1;1;0;0;0;0;0;0;0;1;0;0;0;0;0;0;
2004 48 5;923;25044850175;20;1;0;0;0;0;0;0;0;0;0;0;0;0;1;0;0;0;0;0;0;
2004 48 5;924;25044910304;20;0;0;1;0;1;1;0;0;0;0;0;0;0;1;0;0;0;0;0;0;
2004 48 5;925;25044911012;20;1;0;1;0;0;0;0;0;0;0;0;0;1;0;0;0;0;1;0;0;
2004 48 5;926;25044850160;20;0;1;0;0;1;0;0;0;1;1;0;1;0;1;0;0;1;0;0;0;
2004 48 5;927;25044911304;20;1;0;1;1;0;1;0;0;0;0;0;0;0;0;0;1;1;0;0;0;
2004 48 5;928;25044840320;20;0;0;0;0;1;0;0;0;0;0;0;0;0;1;0;0;0;0;0;0;
2004 48 5;929;25044920621;20;1;0;1;0;0;1;0;0;0;0;0;1;0;1;0;0;1;0;0;0;
2004 48 5;930;25044910159;20;1;0;1;0;1;1;0;0;0;0;0;0;0;0;0;0;0;0;0;0;
2004 48 5;931;25044911125;20;0;0;0;0;0;0;0;0;0;0;0;0;1;1;0;0;0;0;0;0;
2004 48 5;932;25044850234;20;1;0;1;1;1;1;0;0;0;0;0;0;0;1;0;0;0;0;0;0;
2004 48 5;933;25044850042;20;1;0;1;0;0;1;0;0;0;0;0;1;0;0;0;0;1;0;0;0;
2004 48 5;934;25044911158;20;0;0;0;0;0;0;0;0;0;0;0;0;0;1;0;0;0;0;0;0;
2004 48 5;935;25044840022;20;1;0;1;0;0;1;0;0;0;0;0;0;0;0;0;0;1;0;0;0;
2004 48 5;936;25044940592;20;1;0;1;1;0;1;0;1;1;0;0;1;0;1;0;1;1;1;0;0;
2004 48 5;937;25044840621;20;0;0;0;0;0;0;0;0;0;1;0;0;0;1;0;0;0;0;0;0;
2004 48 5;938;25044850040;20;1;0;1;0;0;1;0;0;0;0;0;1;0;0;0;0;1;0;0;0;
2004 48 5;939;25044950539;20;0;0;1;0;0;1;0;0;0;0;0;0;0;1;0;0;1;0;0;0;
2004 48 5;940;25044840561;20;1;0;0;0;1;0;0;0;0;0;0;0;1;1;0;0;0;0;0;0;
2004 48 5;941;25044920338;20;1;0;1;1;0;1;0;0;0;0;0;0;0;0;0;0;1;0;0;0;
2004 48 5;942;25044950300;20;0;0;1;0;0;1;1;0;0;0;0;0;0;1;0;0;1;0;0;0;
2004 48 5;943;25044840079;20;1;0;0;0;1;0;0;0;0;0;0;0;0;0;0;0;0;0;0;0;
2004 48 5;944;25044911146;20;0;0;1;0;0;0;0;0;0;0;0;0;0;1;0;0;0;1;0;0;
2004 48 5;945;25044910858;20;1;1;1;1;1;1;0;0;1;0;0;1;0;1;0;0;1;0;0;0;
2004 48 5;946;25044840474;20;1;0;0;0;0;0;0;0;0;1;0;0;0;1;0;0;0;0;0;0;
2004 48 5;947;25044840073;20;0;0;0;0;1;0;0;0;0;0;0;0;0;0;0;0;0;0;0;0;
2004 48 5;948;25044840043;20;1;0;1;0;0;1;0;0;0;0;0;0;0;1;0;0;1;0;0;0;
2004 48 5;949;25044950258;20;1;0;1;1;0;1;0;0;0;0;0;0;0;1;0;0;1;0;0;0;
2004 48 5;950;25044840076;20;0;0;0;0;1;0;0;0;0;0;0;0;0;0;0;0;0;0;0;0;
2004 48 5;951;25044850026;20;1;0;1;0;0;1;0;0;0;0;0;1;0;1;0;0;1;0;0;0;
2004 48 5;952;25044840042;20;1;0;1;0;0;1;0;0;0;0;0;0;0;1;0;0;1;0;0;0;
2004 48 5;953;25044911038;20;0;0;0;0;0;0;0;0;0;1;0;0;0;1;0;0;0;0;0;0;
2004 48 5;954;25044940589;20;1;0;1;1;0;1;0;1;1;0;0;1;0;1;0;1;1;1;0;0;
2004 48 5;955;25044910208;20;1;0;1;0;1;1;0;0;0;0;0;0;0;0;0;0;0;0;0;0;
2004 48 5;956;25044940717;20;0;0;0;0;0;0;0;0;0;0;0;0;0;1;0;0;0;0;0;0;
2004 48 5;957;25044850043;20;1;0;1;0;0;1;0;0;0;0;0;1;0;0;0;0;1;0;0;0;
2004 48 5;958;25044950418;20;0;0;1;0;0;1;0;0;0;0;0;0;0;1;0;0;1;0;0;0;
2004 48 5;959;25044920482;20;1;0;0;0;0;0;1;0;0;0;0;0;0;1;0;0;0;0;0;0;
2004 48 5;960;25044950308;20;0;0;0;0;0;1;0;0;0;0;0;0;0;1;0;0;1;0;0;0;
2004 48 5;961;25044950378;20;1;0;1;1;0;1;0;0;0;0;0;1;0;0;0;0;1;0;0;0;
2004 48 5;962;25045010305;20;0;0;0;0;0;0;0;0;0;0;0;0;0;1;0;0;0;0;0;0;
2004 48 5;963;25044910381;20;1;1;1;0;1;1;0;0;1;0;0;1;0;1;0;0;1;0;0;0;
2004 48 5;964;25044911011;20;1;0;1;0;0;0;0;0;0;0;0;0;1;0;0;0;0;1;0;0;
2004 48 5;965;25044911196;20;0;0;0;0;0;0;0;0;0;0;0;0;0;1;0;0;1;0;0;0;
2004 48 5;966;25044850243;20;1;0;1;1;1;1;0;0;0;0;0;0;0;1;0;0;0;0;0;0;
2004 48 5;967;25044850177;20;1;0;0;0;0;0;0;0;0;0;0;0;0;1;0;0;0;0;0;0;
2004 48 5;968;25044840075;20;0;0;0;0;1;0;0;0;0;0;0;0;0;0;0;0;0;0;0;0;
2004 48 5;969;25044850909;20;0;0;0;0;0;1;0;0;0;0;0;1;0;1;0;0;1;0;0;0;
2004 48 5;970;25044850272;20;1;0;1;1;1;1;0;0;0;0;0;0;0;1;0;0;0;0;0;0;
2004 48 5;971;25044840270;20;1;0;0;0;0;0;0;0;0;1;0;0;0;1;0;0;0;0;0;0;
2004 48 5;972;25044940739;20;0;0;1;0;0;1;1;0;0;0;0;0;0;0;0;0;1;0;0;0;
2004 48 5;973;25044850039;20;1;0;1;0;0;1;0;0;0;0;0;1;0;0;0;0;1;0;0;0;
2004 48 5;974;25044911255;20;0;0;0;0;0;0;0;0;0;0;0;0;1;1;0;0;0;0;0;0;
2004 48 5;975;25044950303;20;1;0;1;1;0;1;0;0;0;0;0;0;0;1;0;0;1;0;0;0;
2004 48 5;976;25044830231;20;1;1;0;0;1;1;0;0;1;0;0;1;0;0;0;0;1;0;1;0;
2004 48 5;977;25044911225;20;0;0;0;0;0;0;0;0;0;1;0;0;0;1;0;0;0;0;0;0;
2004 48 5;978;25044920619;20;1;0;1;0;0;1;0;0;0;0;0;1;0;1;0;0;1;0;0;0;
2004 48 5;979;25044920344;20;1;0;1;1;0;1;0;1;0;0;0;1;0;1;0;0;1;1;0;0;
2004 48 5;980;25044940629;20;0;0;0;0;0;0;1;0;0;0;0;0;0;1;0;0;0;0;0;0;
2004 48 5;981;25044911323;20;1;0;0;0;0;1;1;0;0;0;0;0;0;0;0;1;1;0;0;0;
2004 48 5;982;25044940661;20;0;0;0;0;0;0;1;0;0;0;0;0;0;1;0;0;0;0;0;0;
2004 48 5;983;25045010183;20;0;0;1;0;0;1;1;0;0;0;0;0;0;0;0;0;1;1;0;1;
2004 48 5;984;25044911317;20;1;0;1;0;0;1;1;0;0;0;0;0;0;0;0;0;1;0;0;0;
2004 48 5;985;25045020530;20;0;0;0;0;0;0;0;0;0;1;0;0;0;0;0;0;0;0;0;1;
2004 48 5;986;25044940219;20;0;1;1;0;1;1;0;0;1;0;0;1;0;0;0;0;1;0;0;0;
2004 48 5;987;25044911321;20;1;0;1;1;0;1;0;0;0;0;0;0;0;0;0;1;1;0;0;1;
2004 48 5;988;25045020529;20;0;0;0;0;0;0;0;0;0;1;0;0;0;0;0;0;0;0;0;1;
2004 48 5;989;25044911311;20;0;0;1;0;0;1;1;0;0;0;0;0;0;0;0;0;1;0;0;0;
2004 48 5;990;25044940635;20;0;0;0;0;0;0;0;0;0;0;0;0;0;1;0;0;0;0;0;0;
2004 48 5;991;25044911318;20;1;0;1;1;0;1;1;0;0;0;0;0;0;0;0;1;1;0;0;1;
2004 48 5;992;25044940465;20;0;0;0;0;0;0;0;0;0;0;0;0;1;1;0;0;0;0;0;0;
2004 48 5;993;25044911315;20;1;0;1;0;0;1;1;0;0;0;0;0;0;0;0;0;1;0;0;0;
2004 48 5;994;25045020528;20;0;0;0;0;0;0;0;0;0;1;0;0;0;0;0;0;0;0;0;1;
2004 48 5;995;25044911322;20;1;0;1;0;0;1;1;0;0;0;0;0;0;0;0;0;1;0;0;1;
2004 48 5;996;25045010184;19;1;0;1;0;0;1;1;0;0;0;0;0;0;0;0;0;1;1;0;1;
2004 49 1;1;25044911328;19;0;0;0;0;0;0;0;0;0;0;0;1;0;0;0;0;0;0;0;1;
2004 49 1;2;25044850037;19;1;0;1;0;0;1;0;0;0;0;0;0;0;0;0;0;1;0;0;1;
2004 49 1;3;25044920184;19;1;0;1;0;1;1;0;0;0;0;0;0;0;0;0;0;0;0;0;1;
2004 49 1;4;25044830049;19;0;0;0;0;0;0;0;0;0;1;0;1;0;0;0;0;1;0;0;1;
2004 49 1;5;25044911411;19;1;0;1;1;0;1;0;0;0;0;0;0;0;0;0;0;1;0;0;1;
2004 49 1;6;25044920260;19;0;0;1;0;1;1;0;0;0;0;0;0;0;0;0;0;0;0;0;1;
2004 49 1;7;25044911438;13;1;0;0;0;0;0;0;0;0;0;0;0;0;1;0;0;0;0;0;0;
2004 49 1;8;25044850036;19;1;0;1;0;0;1;0;0;0;0;0;1;0;0;0;0;1;0;0;1;
2004 49 1;9;25044920259;19;0;0;1;0;1;1;0;0;0;0;0;0;0;0;0;0;0;0;0;1;
2004 49 1;10;25044911071;13;1;0;0;0;0;0;0;0;0;0;0;1;1;1;0;0;1;0;0;0;
2004 49 1;11;25044911363;19;1;0;1;1;0;1;0;0;0;0;0;0;0;0;0;0;1;0;0;1;
2004 49 1;12;25044920263;13;0;0;1;0;1;1;0;0;0;0;0;0;0;1;0;0;0;0;0;0;
2004 49 1;13;25044850872;13;0;0;0;0;0;0;0;0;0;1;0;0;0;1;0;0;0;0;0;0;
2004 49 1;14;25044950197;13;1;0;1;0;0;1;0;0;0;0;0;0;0;1;0;0;1;0;0;0;
2004 49 1;15;25044911360;19;1;0;1;1;0;1;0;0;0;0;0;0;0;0;0;0;1;0;0;1;
2004 49 1;16;25044911327;13;0;0;0;0;0;0;0;0;0;0;0;0;0;1;0;0;0;0;0;0;
2004 49 1;17;25044920141;19;1;0;1;0;1;1;0;0;0;0;0;0;0;0;0;0;0;0;0;1;
2004 49 1;18;25044911395;19;1;0;1;1;0;1;0;0;0;0;0;0;0;0;0;0;1;0;0;1;
2004 49 1;19;25044850697;13;0;0;0;0;0;0;0;0;0;1;0;0;0;1;0;0;0;0;0;0;
2004 49 1;20;25044850153;13;1;1;1;0;1;0;0;0;1;0;0;1;0;1;0;0;1;0;0;0;
2004 49 1;21;25044920669;13;0;0;0;0;0;0;0;0;0;0;0;0;0;1;0;0;0;0;0;0;
2004 49 1;22;25044911451;19;1;0;1;1;0;1;0;1;0;0;0;1;0;0;0;1;1;0;0;1;
2004 49 1;23;25044920257;19;0;0;1;0;1;1;0;0;0;0;0;0;0;0;0;0;0;0;0;1;
2004 49 1;24;25044911259;13;1;0;0;0;0;0;0;0;0;0;0;0;0;1;0;0;0;1;0;0;
2004 49 1;25;25044840046;15;0;0;1;0;0;1;1;0;0;0;0;0;0;1;0;0;1;0;0;0;
2004 49 1;26;25044910394;19;1;0;1;1;1;1;0;0;0;0;0;1;0;0;0;1;1;0;0;1;
2004 49 1;27;25044911116;13;1;0;0;0;0;0;0;0;0;1;0;0;0;1;0;0;0;0;0;0;
2004 49 1;28;25044911312;19;0;0;1;0;0;1;0;0;0;0;0;0;0;0;0;0;1;0;0;1;
2004 49 1;29;25044910018;13;1;0;1;0;1;1;0;0;0;0;0;0;0;1;0;0;0;0;0;0;
2004 49 1;30;25044911422;13;0;0;0;0;0;0;0;0;0;0;0;0;0;1;0;0;0;0;0;0;
2004 49 1;31;25044911361;19;1;0;1;1;0;1;0;0;0;0;0;0;0;0;0;0;1;0;0;1;
2004 49 1;32;25044850147;13;1;1;0;0;1;0;0;0;1;0;0;1;1;1;0;0;1;0;0;0;
2004 49 1;33;25044850698;13;0;0;0;0;0;0;0;0;0;1;0;0;0;1;0;0;0;0;0;0;
2004 49 1;34;25044920067;19;1;0;1;0;1;1;0;0;0;0;0;0;0;0;0;0;0;0;0;1;
2004 49 1;35;25044911335;19;1;0;1;1;0;1;0;0;0;0;0;0;0;0;0;0;1;0;0;1;
2004 49 1;36;25044920668;13;0;0;0;0;0;0;0;0;0;0;0;0;0;1;0;0;0;0;0;0;
2004 49 1;37;25044910247;13;1;0;1;0;1;1;0;0;0;0;0;0;0;1;0;0;0;0;0;0;
2004 49 1;38;25044911439;19;1;0;1;0;0;1;0;0;0;0;0;0;0;0;0;1;1;0;0;1;
2004 49 1;39;25044850615;13;0;0;0;0;0;0;0;0;0;1;0;0;0;1;0;0;0;0;0;0;
2004 49 1;40;25044920258;19;0;0;1;0;1;1;0;0;0;0;0;0;0;0;0;0;0;0;0;1;
2004 49 1;41;25044911344;19;1;0;1;1;0;1;0;0;0;0;0;0;0;0;0;0;1;0;0;1;
2004 49 1;42;25044911416;13;0;0;0;0;0;0;0;0;0;0;0;0;0;1;0;0;0;0;0;0;
2004 49 1;43;25044920245;19;0;0;1;0;1;1;0;0;0;0;0;0;0;0;0;0;0;0;0;1;
2004 49 1;44;25044911413;19;1;0;1;1;0;1;0;0;0;0;0;0;0;0;0;0;1;0;0;1;
2004 49 1;45;25044850365;13;0;0;0;0;0;0;0;0;0;1;0;0;0;1;0;0;0;0;0;0;
2004 49 1;46;25044910364;13;1;0;1;0;1;1;0;0;0;0;0;0;0;1;0;0;0;0;0;0;
2004 49 1;47;25044911401;19;1;0;1;1;0;1;0;0;0;0;0;0;0;0;0;0;1;0;0;1;
2004 49 1;48;25044911427;13;0;0;0;0;0;0;0;0;0;0;0;0;1;1;0;0;0;0;0;0;
2004 49 1;49;25044920254;19;0;0;1;0;1;1;0;0;0;0;0;0;0;0;0;0;0;0;0;1;
2004 49 1;50;25044911357;19;1;0;1;1;0;1;0;0;0;0;0;0;0;0;0;0;1;0;0;1;
2004 49 1;51;25044920499;19;1;0;0;0;0;0;0;0;0;1;0;1;0;0;0;0;1;0;0;1;
2004 49 1;52;25044920072;19;0;0;1;0;1;1;0;0;0;0;0;0;0;0;0;0;0;0;0;1;
2004 49 1;53;25044911421;13;1;0;0;0;0;0;0;0;0;0;0;0;0;1;0;0;0;0;0;0;
2004 49 1;54;25044911324;19;1;0;1;1;0;1;0;0;0;0;0;1;0;0;0;0;1;0;0;1;
2004 49 1;55;25044920253;19;0;0;1;0;1;1;0;0;0;0;0;0;0;0;0;0;0;0;0;1;
2004 49 1;56;25044911247;15;1;0;0;0;0;0;0;0;0;0;0;0;0;1;0;0;0;0;0;0;
2004 49 1;57;25044840036;15;0;0;1;0;0;1;1;0;0;0;0;0;0;1;0;0;1;0;0;0;
2004 49 1;58;25044911313;19;1;1;1;1;1;1;0;0;1;0;0;1;0;0;0;1;1;0;0;1;
2004 49 1;59;25044850466;13;0;0;0;0;0;0;0;0;0;1;0;0;0;1;0;0;0;0;0;0;
2004 49 1;60;25044911384;19;1;0;1;1;0;1;0;0;0;0;0;0;0;0;0;0;1;0;0;1;
2004 49 1;61;25044920155;19;1;0;1;0;1;1;0;0;0;0;0;0;0;0;0;0;0;0;0;1;
2004 49 1;62;25044850923;13;0;0;0;0;0;0;0;0;0;0;0;0;0;1;0;0;0;0;0;0;
2004 49 1;63;25044850907;13;0;0;0;0;0;0;0;0;0;0;0;0;0;1;0;0;0;0;0;0;
2004 49 1;64;25044911412;19;1;0;1;1;0;1;0;0;0;0;0;0;0;0;0;0;1;0;0;1;
2004 49 1;65;25044920132;19;0;0;1;0;1;1;0;0;0;0;0;0;0;0;0;0;0;0;0;1;
2004 49 1;66;25044850098;4;1;0;0;0;0;0;0;0;0;0;0;1;0;0;0;0;1;0;1;0;
2004 49 1;67;25044911133;15;0;0;1;0;0;0;0;0;0;0;0;0;0;1;0;0;0;1;0;0;
2004 49 1;68;25044920665;19;1;1;1;1;1;1;0;0;1;0;0;1;0;0;0;0;1;0;0;1;
2004 49 1;69;25044850899;13;0;0;0;0;0;0;0;0;0;0;0;0;0;1;0;0;0;0;0;0;
2004 49 1;70;25044850005;13;0;0;0;0;0;0;0;0;0;1;0;0;0;1;0;0;0;0;0;0;
2004 49 1;71;25044910096;13;1;0;1;0;1;1;0;0;0;0;0;0;0;1;0;0;0;0;0;0;
2004 49 1;72;25044911339;19;1;0;1;1;0;1;0;0;0;0;0;0;0;0;0;0;1;0;0;1;
2004 49 1;73;25044911330;13;0;0;0;0;0;0;0;0;0;0;0;1;0;1;0;0;0;0;0;0;
2004 49 1;74;25044920074;19;1;0;1;0;1;1;0;0;0;0;0;0;0;0;0;0;0;0;0;1;
2004 49 1;75;25044920233;19;1;0;1;0;0;1;0;0;0;0;0;0;0;0;0;0;1;0;0;1;
2004 49 1;76;25044911333;13;0;0;0;0;0;0;0;0;0;0;0;1;0;1;0;0;0;0;0;0;
2004 49 1;77;25044911378;19;1;0;1;1;0;1;0;0;0;0;0;0;0;0;0;0;1;0;0;1;
2004 49 1;78;25044920117;19;1;0;1;0;1;1;0;0;0;0;0;0;0;0;0;0;0;0;0;1;
2004 49 1;79;25044850004;13;0;0;0;0;0;0;0;0;0;1;0;0;0;1;0;0;0;0;0;0;
2004 49 1;80;25044911381;19;1;0;1;1;0;1;0;0;0;0;0;0;0;0;0;0;1;0;0;1;
2004 49 1;81;25044911325;19;1;1;1;0;1;1;0;0;1;0;0;1;0;0;0;1;1;0;0;1;
2004 49 1;82;25044850683;13;0;0;0;0;0;0;0;0;0;0;0;0;0;1;0;0;0;0;0;0;
2004 49 1;83;25044911441;19;0;0;1;0;0;1;0;0;0;0;0;1;0;0;0;0;1;0;0;1;
2004 49 1;84;25044920065;19;1;0;1;0;1;1;0;0;0;0;0;0;0;0;0;0;0;0;0;1;
2004 49 1;85;25044820029;13;0;0;0;0;0;0;0;0;0;1;0;0;0;1;0;0;1;0;0;0;
2004 49 1;86;25044911374;19;1;0;1;1;0;1;0;0;0;0;0;0;0;0;0;0;1;0;0;1;
2004 49 1;87;25044920073;19;1;0;1;0;1;1;0;0;0;0;0;0;0;0;0;0;0;0;0;1;
2004 49 1;88;25044850714;13;0;0;0;0;0;0;0;0;0;0;0;0;0;1;0;0;0;0;0;0;
2004 49 1;89;25044911402;19;1;0;1;1;0;1;0;0;0;0;0;0;0;0;0;0;1;0;0;1;
2004 49 1;90;25044920005;19;1;0;1;0;1;1;0;0;0;0;0;0;0;0;0;0;0;0;0;1;
2004 49 1;91;25044850901;15;0;0;0;0;0;0;0;0;0;0;0;0;0;1;0;0;0;0;0;0;
2004 49 1;92;25044840047;15;0;0;1;0;0;1;1;0;0;0;0;0;0;1;0;0;1;0;0;0;
2004 49 1;93;25044940224;19;1;1;1;1;1;1;0;0;1;0;0;1;0;0;0;1;1;0;0;1;
2004 49 1;94;25044911063;13;1;0;0;0;0;0;0;0;0;0;0;0;1;1;0;0;0;0;0;0;
2004 49 1;95;25044850741;13;0;0;0;0;0;0;0;0;0;0;0;0;0;1;0;0;0;0;0;0;
2004 49 1;96;25044920187;19;1;0;1;0;1;1;0;0;0;0;0;0;0;0;0;0;0;0;0;1;
2004 49 1;97;25044911342;19;1;0;1;1;0;1;0;0;0;0;0;0;0;0;0;0;1;0;0;1;
2004 49 1;98;25044850738;13;0;0;0;0;0;0;0;0;0;0;0;0;0;1;0;0;0;0;0;0;
2004 49 1;99;25044910934;13;0;0;0;0;0;0;0;0;0;0;0;0;1;1;0;0;0;0;0;0;
2004 49 1;100;25044910255;13;1;0;1;0;1;1;0;0;0;0;0;0;0;1;0;0;0;0;0;0;
2004 49 1;101;25044911450;19;1;0;1;1;0;1;0;0;0;0;0;0;0;0;0;1;1;0;0;1;
2004 49 1;102;25044911106;13;0;0;0;0;0;0;0;0;0;1;0;0;0;1;0;0;0;0;0;0;
2004 49 1;103;25044910064;19;1;0;1;0;1;1;0;0;0;0;0;0;0;0;0;0;1;0;0;1;
2004 49 1;104;25044940695;19;1;0;1;0;0;1;0;0;0;0;0;1;0;0;0;0;0;0;0;1;
2004 49 1;105;25044850599;13;0;0;0;0;0;0;0;0;0;0;0;0;0;1;0;0;0;0;0;0;
2004 49 1;106;25044950108;19;1;1;1;0;1;1;0;0;1;0;0;1;0;0;0;1;1;0;0;1;
2004 49 1;107;25044911345;19;1;0;1;1;0;1;0;0;0;0;0;0;0;0;0;0;1;0;0;1;
2004 49 1;108;25044910936;13;0;0;0;0;0;0;0;0;0;0;0;0;1;1;0;0;0;0;0;0;
2004 49 1;109;25044920265;19;1;0;1;0;1;1;0;0;0;0;0;0;0;0;0;0;0;0;0;1;
2004 49 1;110;25044910669;19;1;0;1;0;0;1;0;0;0;0;0;1;0;0;0;0;1;0;0;1;
2004 49 1;111;25044911234;13;0;0;0;0;0;0;0;0;0;1;0;0;0;1;0;0;0;0;0;0;
2004 49 1;112;25044920119;19;1;0;1;0;1;1;0;0;0;0;0;0;0;0;0;0;0;0;0;1;
2004 49 1;113;25044911354;19;1;0;1;1;0;1;0;0;0;0;0;0;0;0;0;0;1;0;0;1;
2004 49 1;114;25044850695;13;0;0;0;0;0;0;0;0;0;0;0;0;0;1;0;0;0;0;0;0;
2004 49 1;115;25044910040;13;1;0;1;0;1;1;0;0;0;0;0;0;0;1;0;0;0;0;0;0;
2004 49 1;116;25044911114;13;0;0;0;0;0;0;0;0;0;0;0;0;1;1;0;0;0;0;0;0;
2004 49 1;117;25044911393;19;1;0;1;1;0;1;0;0;0;0;0;0;0;0;0;0;1;0;0;1;
2004 49 1;118;25044920153;19;1;0;1;0;1;1;0;0;0;0;0;0;0;0;0;0;0;0;0;1;
2004 49 1;119;25044850493;13;0;0;0;0;0;0;0;0;0;1;0;0;1;1;0;0;0;0;0;0;
2004 49 1;120;25044850739;13;0;0;0;0;0;0;0;0;0;0;0;0;0;1;0;0;0;0;0;0;
2004 49 1;121;25044911415;19;1;1;1;1;1;1;0;0;1;0;0;1;0;0;0;0;1;0;0;1;
2004 49 1;122;25044840035;15;0;0;1;0;0;1;1;0;0;0;0;0;0;1;0;0;1;0;0;0;
2004 49 1;123;25044910989;15;0;0;0;0;0;0;0;0;0;0;0;0;0;1;0;0;0;0;0;0;
2004 49 1;124;25044920140;19;1;0;1;0;1;1;0;0;0;0;0;0;0;0;0;0;0;0;0;1;
2004 49 1;125;25044911404;19;1;0;1;1;0;1;0;0;0;0;0;0;0;0;0;0;1;0;0;1;
2004 49 1;126;25044830048;19;0;0;0;0;0;0;0;0;0;1;0;1;0;0;0;0;1;0;0;1;
2004 49 1;127;25044920066;19;1;0;1;0;1;1;0;0;0;0;0;0;0;0;0;0;0;0;0;1;
2004 49 1;128;25044850742;13;0;0;0;0;0;0;0;0;0;0;0;0;0;1;0;0;0;0;0;0;
2004 49 1;129;25044911362;19;1;0;1;1;0;1;0;0;0;0;0;0;0;0;0;0;1;0;0;1;
2004 49 1;130;25044850523;13;1;0;0;0;1;0;0;0;0;0;0;0;1;1;0;0;0;0;0;0;
2004 49 1;131;25045020227;19;0;0;1;0;0;1;0;0;0;0;0;0;0;0;0;0;1;0;0;1;
2004 49 1;132;25044850737;13;0;0;0;0;0;0;0;0;0;0;0;0;0;1;0;0;0;0;0;0;
2004 49 1;133;25044920661;19;1;1;1;1;1;1;0;0;1;0;0;1;0;0;0;0;1;0;0;1;
2004 49 1;134;25044920512;14;1;0;0;0;0;0;0;0;0;0;0;0;0;1;0;0;0;0;0;0;
2004 49 1;135;25044940283;14;0;0;1;0;0;0;0;0;0;0;0;0;0;1;0;0;1;1;0;0;
2004 49 1;136;25044920248;19;0;0;1;0;1;1;0;0;0;0;0;0;0;0;0;0;0;0;0;1;
2004 49 1;137;25044911099;13;0;0;0;0;0;0;0;0;0;1;0;0;0;1;0;0;0;0;0;0;
2004 49 1;138;25044911341;19;1;0;1;1;0;1;0;0;0;0;0;0;0;0;0;0;1;0;0;1;
2004 49 1;139;25044920217;19;1;0;1;0;1;1;0;0;0;0;0;0;0;0;0;0;0;0;0;1;
2004 49 1;140;25044850685;13;0;0;0;0;0;0;0;0;0;0;0;0;0;1;0;0;0;0;0;0;
2004 49 1;141;25044910751;19;0;0;1;0;0;1;0;0;0;0;0;1;0;0;0;0;1;0;0;1;
2004 49 1;142;25044920154;19;1;0;1;0;1;1;0;0;0;0;0;0;0;0;0;0;0;0;0;1;
2004 49 1;143;25044910915;8;0;0;0;0;0;0;0;0;0;1;0;0;0;0;0;0;0;0;1;0;
2004 49 1;144;25044911390;19;1;0;1;1;0;1;0;0;0;0;0;0;0;0;0;0;1;0;0;1;
2004 49 1;145;25044940214;15;0;1;1;0;1;1;0;0;1;0;0;1;0;1;0;1;1;0;0;0;
2004 49 1;146;25044911428;13;1;0;0;0;0;0;0;0;0;0;0;0;0;1;0;0;0;0;0;0;
2004 49 1;147;25044920085;19;0;0;1;0;1;1;0;0;0;0;0;0;0;0;0;0;0;0;0;1;
2004 49 1;148;25044911336;19;1;0;1;1;0;1;0;0;0;0;0;0;0;0;0;0;1;0;0;1;
2004 49 1;149;25044911104;13;0;0;0;0;0;0;0;0;0;1;0;0;0;1;0;0;0;0;0;0;
2004 49 1;150;25044910256;13;1;0;1;0;1;1;0;0;0;0;0;0;0;1;0;0;0;0;0;0;
2004 49 1;151;25044850686;13;0;0;0;0;0;0;0;0;0;0;0;0;0;1;0;0;0;0;0;0;
2004 49 1;152;25044911389;19;1;0;1;1;0;1;0;0;0;0;0;0;0;0;0;0;1;0;0;1;
2004 49 1;153;25044920142;19;1;0;1;0;1;1;0;0;0;0;0;0;0;0;0;0;0;0;0;1;
2004 49 1;154;25044850684;13;0;0;0;0;0;0;0;0;0;0;0;0;0;1;0;0;0;0;0;0;
2004 49 1;155;25044840033;15;0;0;1;0;0;1;1;0;0;0;0;0;0;1;0;0;1;0;0;0;
2004 49 1;156;25044920032;19;1;1;1;1;1;1;0;0;1;0;0;1;0;0;0;0;1;0;0;1;
2004 49 1;157;25044850736;13;0;0;0;0;0;0;0;0;0;0;0;0;0;1;0;0;0;0;0;0;
2004 49 1;158;25044850518;13;1;0;0;0;1;0;0;0;0;0;0;0;1;1;0;0;0;0;0;0;
2004 49 1;159;25044911028;13;0;0;0;0;0;0;0;0;0;1;0;0;0;1;0;0;0;0;0;0;
2004 49 1;160;25044911338;19;1;0;1;1;0;1;0;0;0;0;0;0;0;0;0;0;1;0;0;1;
2004 49 1;161;25044920075;19;1;0;1;0;1;1;0;0;0;0;0;0;0;0;0;0;0;0;0;1;
2004 49 1;162;25044920493;13;0;0;0;0;0;0;0;0;0;0;0;1;1;1;0;0;0;0;0;0;
2004 49 1;163;25044911410;19;1;0;1;1;0;1;0;0;0;0;0;0;0;0;0;0;1;0;0;1;
2004 49 1;164;25044920083;19;0;0;1;0;1;1;0;0;0;0;0;0;0;0;0;0;0;0;0;1;
2004 49 1;165;25044911423;19;1;0;0;0;0;0;0;0;0;1;0;1;0;0;0;0;0;0;0;1;
2004 49 1;166;25044920525;19;0;0;1;0;0;0;0;0;0;0;0;0;0;0;0;0;0;1;0;1;
2004 49 1;167;25044911347;19;1;0;1;1;0;1;0;0;0;0;0;0;0;0;0;0;1;0;0;1;
2004 49 1;168;25044850128;13;1;1;0;0;1;0;0;0;1;0;0;1;1;1;0;0;1;0;0;0;
2004 49 1;169;25044850696;13;0;0;0;0;0;0;0;0;0;0;0;0;0;1;0;0;0;0;0;0;
2004 49 1;170;25044910670;19;1;0;1;0;0;1;0;0;0;0;0;1;0;0;0;0;1;0;0;1;
2004 49 1;171;25044911383;19;1;0;1;1;0;1;0;0;0;0;0;0;0;0;0;0;1;0;0;1;
2004 49 1;172;25044911184;13;0;0;0;0;0;0;0;0;0;0;0;0;1;1;0;0;0;0;0;0;
2004 49 1;173;25044920099;13;0;0;1;0;1;1;0;0;0;0;0;0;0;1;0;0;0;0;0;0;
2004 49 1;174;25044850740;13;0;0;0;0;0;0;0;0;0;0;0;0;0;1;0;0;0;0;0;0;
2004 49 1;175;25044911314;19;1;0;1;1;0;1;0;0;0;0;0;1;0;0;0;0;1;0;0;1;
2004 49 1;176;25044910008;13;1;0;1;0;1;1;0;0;0;0;0;0;0;1;0;0;0;0;0;0;
2004 49 1;177;25044911168;13;0;0;0;0;0;0;0;0;0;1;0;0;0;1;0;0;0;0;0;0;
2004 49 1;178;25044911444;19;0;0;0;0;0;1;0;0;0;0;0;0;0;0;0;0;0;0;0;1;
2004 49 1;179;25044920051;19;1;1;1;1;1;1;0;0;1;0;0;1;0;0;0;0;1;0;0;1;
2004 49 1;180;25044820033;19;1;0;0;0;0;0;0;0;0;0;0;1;0;0;0;0;1;0;0;1;
2004 49 1;181;25045010185;15;0;0;1;0;0;1;1;0;0;0;0;0;0;1;0;0;1;1;0;0;
2004 49 1;182;25044910148;13;1;0;1;0;1;1;0;0;0;0;0;0;0;1;0;0;0;0;0;0;
2004 49 1;183;25044850624;13;0;0;0;0;0;0;0;0;0;0;0;0;0;1;0;0;0;0;0;0;
2004 49 1;184;25044911379;19;1;0;1;1;0;1;0;0;0;0;0;0;0;0;0;0;1;0;0;1;
2004 49 1;185;25044950384;17;1;0;1;0;0;1;0;1;0;0;0;1;0;1;0;1;1;0;0;0;
2004 49 1;186;25044850463;13;0;0;0;0;0;0;0;0;0;0;0;0;0;1;0;0;0;0;0;0;
2004 49 1;187;25044920186;19;1;0;1;0;1;1;0;0;0;0;0;0;0;0;0;0;0;0;0;1;
2004 49 1;188;25044911394;19;1;0;1;1;0;1;0;0;0;0;0;0;0;0;0;0;1;0;0;1;
2004 49 1;189;25044920670;19;0;0;0;0;0;0;0;0;0;1;0;0;0;0;0;0;0;0;0;1;
2004 49 1;190;25044920161;19;1;0;1;0;1;1;0;0;0;0;0;0;0;0;0;0;0;0;0;1;
2004 49 1;191;25044911437;13;1;0;0;0;0;0;0;0;0;0;0;0;0;1;0;0;0;0;0;0;
2004 49 1;192;25044940248;13;0;1;1;0;1;1;0;0;1;0;0;1;0;1;0;0;1;0;0;0;
2004 49 1;193;25044911366;19;1;0;1;1;0;1;0;0;0;0;0;0;0;0;0;0;1;0;0;1;
2004 49 1;194;25044911031;13;1;0;0;0;0;0;0;0;0;0;0;1;0;1;0;0;0;0;0;0;
2004 49 1;195;25044920086;19;0;0;1;0;1;1;0;0;0;0;0;0;0;0;0;0;0;0;0;1;
2004 49 1;196;25044911350;19;1;0;1;1;0;1;0;0;0;0;0;0;0;0;0;0;1;0;0;1;
2004 49 1;197;25044920442;19;1;0;0;0;0;0;0;0;0;1;0;1;0;0;0;0;0;0;0;1;
2004 49 1;198;25044920210;19;0;0;1;0;1;1;0;0;0;0;0;0;0;0;0;0;0;0;0;1;
2004 49 1;199;25044850547;13;0;0;0;0;0;0;0;0;0;0;0;0;0;1;0;0;0;0;0;0;
2004 49 1;200;25044911375;19;1;0;1;1;0;1;0;0;0;0;0;0;0;0;0;0;1;0;0;1;
2004 49 1;201;25044910172;13;1;0;1;0;1;1;0;0;0;0;0;0;0;1;0;0;0;0;0;0;
2004 49 1;202;25044850563;13;0;0;0;0;0;0;0;0;0;0;0;0;0;1;0;0;0;0;0;0;
2004 49 1;203;25044911217;13;1;0;0;0;0;0;0;0;0;0;0;0;1;1;0;0;0;0;0;0;
2004 49 1;204;25044911369;19;1;0;1;1;0;1;0;0;0;0;0;0;0;0;0;0;1;0;0;1;
2004 49 1;205;25044940244;19;0;1;0;0;1;1;0;0;1;0;0;1;0;0;0;0;1;0;0;1;
2004 49 1;206;25044840312;13;1;0;1;0;0;0;0;0;0;0;0;0;0;1;0;0;0;1;0;0;
2004 49 1;207;25044911030;13;0;0;0;0;0;0;0;0;0;0;0;0;1;1;0;0;0;0;0;0;
2004 49 1;208;25044911419;19;1;0;1;1;0;1;0;0;0;0;0;1;0;0;0;1;1;0;0;1;
2004 49 1;209;25044910150;13;1;0;1;0;1;1;0;0;0;0;0;0;0;1;0;0;0;0;0;0;
2004 49 1;210;25044911101;13;0;0;0;0;0;0;0;0;0;1;0;0;0;1;0;0;0;0;0;0;
2004 49 1;211;25044911431;13;0;0;0;0;0;0;1;0;0;0;0;0;0;1;0;0;1;0;0;0;
2004 49 1;212;25044920003;19;1;0;1;0;1;1;0;0;0;0;0;0;0;0;0;0;0;0;0;1;
2004 49 1;213;25044450343;19;1;0;0;0;0;1;0;0;0;0;0;0;0;0;0;0;1;0;0;1;
2004 49 1;214;25044940691;19;0;0;1;0;0;0;0;0;0;0;0;0;0;0;0;0;0;1;0;1;
2004 49 1;215;25044940232;19;1;1;1;1;1;1;0;0;1;0;0;1;0;0;0;0;1;0;0;1;
2004 49 1;216;25044911029;15;0;0;0;0;0;0;0;0;0;1;0;0;0;1;0;0;0;0;0;0;
2004 49 1;217;25044850032;15;1;0;1;0;0;1;0;0;0;0;0;1;0;1;0;0;1;0;0;0;
2004 49 1;218;25044920084;19;0;0;1;0;1;1;0;0;0;0;0;0;0;0;0;0;0;0;0;1;
2004 49 1;219;25044940611;15;0;0;0;0;0;0;0;0;0;0;0;0;0;1;0;0;1;0;0;0;
2004 49 1;220;25044911373;19;1;0;1;1;0;1;0;0;0;0;0;0;0;0;0;0;1;0;0;1;
2004 49 1;221;25044920090;19;0;0;1;0;1;1;0;0;0;0;0;0;0;0;0;0;0;0;0;1;
2004 49 1;222;25044911036;15;1;0;0;0;0;0;0;1;0;1;0;1;0;1;0;0;1;0;0;0;
2004 49 1;223;25044940665;15;0;0;0;0;0;0;0;0;0;0;0;0;1;1;0;0;0;0;0;0;
2004 49 1;224;25044911367;19;1;0;1;1;0;1;0;0;0;0;0;0;0;0;0;0;1;0;0;1;
2004 49 1;225;25044940688;19;0;0;1;0;0;0;0;0;0;0;0;0;0;0;0;0;0;1;0;1;
2004 49 1;226;25044940241;13;0;1;0;0;1;1;0;0;1;0;0;1;0;1;0;1;1;0;0;0;
2004 49 1;227;25044850568;13;0;0;0;0;0;0;0;0;0;0;0;0;0;1;0;0;0;0;0;0;
2004 49 1;228;25044911355;19;1;0;1;1;0;1;0;0;0;0;0;0;0;0;0;0;1;0;0;1;
2004 49 1;229;25044910151;13;1;0;1;0;1;1;0;0;0;0;0;0;0;1;0;0;0;0;0;0;
2004 49 1;230;25044910956;13;0;0;0;0;0;0;0;0;0;0;0;0;0;1;0;0;0;0;0;0;
2004 49 1;231;25044920429;13;0;0;0;0;0;0;0;0;0;0;0;0;1;1;0;0;0;0;0;0;
2004 49 1;232;25044911414;19;1;0;1;1;0;1;0;0;0;0;0;0;0;0;0;0;1;0;0;1;
2004 49 1;233;25044920004;19;1;0;1;0;1;1;0;0;0;0;0;0;0;0;0;0;0;0;0;1;
2004 49 1;234;25044830050;19;0;0;0;0;0;0;0;0;0;1;0;1;0;0;0;0;1;0;0;1;
2004 49 1;235;25044911400;19;1;0;1;1;0;1;0;0;0;0;0;0;0;0;0;0;1;0;0;1;
2004 49 1;236;25044920246;19;0;0;1;0;1;1;0;0;0;0;0;0;0;0;0;0;0;0;0;1;
2004 49 1;237;25044911249;13;1;0;0;0;0;0;0;0;0;0;0;0;1;1;0;0;0;0;0;0;
2004 49 1;238;25044940288;17;0;0;1;0;0;0;0;0;0;0;0;0;0;1;0;0;1;1;0;0;
2004 49 1;239;25044940240;19;1;1;1;1;1;1;0;0;1;0;0;1;0;0;0;0;1;0;0;1;
2004 49 1;240;25044911047;15;1;0;0;0;0;0;0;0;0;1;0;0;0;1;0;0;0;0;0;0;
2004 49 1;241;25044840032;15;0;0;1;0;0;1;1;0;0;0;0;0;0;1;0;0;1;0;0;0;
2004 49 1;242;25044920002;19;1;0;1;0;1;1;0;0;0;0;0;0;0;0;0;0;0;0;0;1;
2004 49 1;243;25044920518;19;0;0;0;0;0;0;0;0;0;0;0;0;1;0;0;0;0;0;0;1;
2004 49 1;244;25044911371;19;1;0;1;1;0;1;0;0;0;0;0;0;0;0;0;0;1;0;0;1;
2004 49 1;245;25044910238;19;1;0;1;0;1;1;0;0;0;0;0;0;0;0;0;0;1;0;0;1;
2004 49 1;246;25044911103;13;0;0;0;0;0;0;0;0;0;1;0;0;0;1;0;0;0;0;0;0;
2004 49 1;247;25044910671;19;1;0;1;0;0;1;0;0;0;0;0;1;0;0;0;0;1;0;0;1;
2004 49 1;248;25044920357;13;0;0;0;0;0;0;0;0;0;0;0;0;1;1;0;0;0;0;0;0;
2004 49 1;249;25044940231;19;1;1;1;1;1;1;0;0;1;0;0;1;0;0;0;0;1;0;0;1;
2004 49 1;250;25044920231;19;1;0;1;0;0;1;0;0;0;0;0;0;0;0;0;0;1;0;0;1;
2004 49 1;251;25044911073;13;0;0;0;0;0;0;0;0;0;0;0;0;0;1;0;0;0;0;0;0;
2004 49 1;252;25044910365;13;1;0;1;0;1;1;0;0;0;0;0;0;0;1;0;0;0;0;0;0;
2004 49 1;253;25044911356;19;1;0;1;1;0;1;0;0;0;0;0;0;0;0;0;0;1;0;0;1;
2004 49 1;254;25044911100;13;0;0;0;0;0;0;0;0;0;1;0;0;0;1;0;0;0;0;0;0;
2004 49 1;255;25044910057;13;1;0;1;0;1;1;0;0;0;0;0;0;0;1;0;0;0;0;0;0;
2004 49 1;256;25044910672;19;1;0;1;0;0;1;0;0;0;0;0;1;0;0;0;0;1;0;0;1;
2004 49 1;257;25044920431;13;0;0;0;0;0;0;0;0;0;0;0;0;1;1;0;0;0;0;0;0;
2004 49 1;258;25044911409;19;1;0;1;1;0;1;0;0;0;0;0;0;0;0;0;0;1;0;0;1;
2004 49 1;259;25044920118;19;1;0;1;0;1;1;0;0;0;0;0;0;0;0;0;0;0;0;0;1;
2004 49 1;260;25044911162;13;0;0;0;0;0;0;0;0;0;1;0;0;0;1;0;0;0;0;0;0;
2004 49 1;261;25044910984;13;0;0;0;0;0;0;0;0;0;0;0;0;0;1;0;0;0;0;0;0;
2004 49 1;262;25044950212;13;1;0;1;0;0;1;0;0;0;0;0;0;0;1;0;0;1;0;0;0;
2004 49 1;263;25044940230;19;1;1;1;1;1;1;0;0;1;0;0;1;0;0;0;0;1;0;0;1;
2004 49 1;264;25044910975;13;0;0;0;0;0;0;0;0;0;0;0;0;0;1;0;0;0;0;0;0;
2004 49 1;265;25044910668;19;1;0;1;0;0;1;0;0;0;0;0;1;0;0;0;0;1;0;0;1;
2004 49 1;266;25045020161;19;0;0;1;0;0;1;1;0;0;0;0;0;0;0;0;0;1;1;0;1;
2004 49 1;267;25044850510;13;0;0;0;0;1;0;0;0;0;0;0;0;1;1;0;0;0;0;0;0;
2004 49 1;268;25044911337;19;1;0;1;1;0;1;0;0;0;0;0;0;0;0;0;0;1;0;0;1;
2004 49 1;269;25044911182;13;1;0;0;0;0;0;0;0;0;1;0;0;0;1;0;0;0;0;0;0;
2004 49 1;270;25044920081;19;0;0;1;0;1;1;0;0;0;0;0;0;0;0;0;0;0;0;0;1;
2004 49 1;271;25044920234;19;1;0;1;0;0;1;0;0;0;0;0;0;0;0;0;0;1;0;0;1;
2004 49 1;272;25044910978;13;0;0;0;0;0;0;0;0;0;0;0;0;0;1;0;0;0;0;0;0;
2004 49 1;273;25044940223;19;1;1;1;1;1;1;0;0;1;0;0;1;0;0;0;0;1;0;0;1;
2004 49 1;274;25044950218;13;1;0;1;0;0;1;0;0;0;0;0;0;0;1;0;0;1;0;0;0;
2004 49 1;275;25044911329;13;0;0;0;0;0;0;0;0;0;0;0;1;0;1;0;0;0;0;0;0;
2004 49 1;276;25044950215;13;1;0;1;0;0;1;0;0;0;0;0;0;0;1;0;0;1;0;0;0;
2004 49 1;277;25044920212;19;0;0;1;0;1;1;0;0;0;0;0;0;0;0;0;0;0;0;0;1;
2004 49 1;278;25044911144;13;1;0;0;0;0;0;0;0;0;0;0;1;1;1;0;0;0;0;0;0;
2004 49 1;279;25044911349;19;1;0;1;1;0;1;0;0;0;0;0;0;0;0;0;0;1;0;0;1;
2004 49 1;280;25044920087;19;0;0;1;0;1;1;0;0;0;0;0;0;0;0;0;0;0;0;0;1;
2004 49 1;281;25044920476;19;1;0;0;0;0;0;0;0;0;1;0;1;0;0;0;0;0;0;0;1;
2004 49 1;282;25044940038;19;0;0;0;0;1;1;0;0;0;0;0;0;0;0;0;0;1;0;0;1;
2004 49 1;283;25044911406;19;1;0;1;1;0;1;0;0;0;0;0;0;0;0;0;0;1;0;0;1;
2004 49 1;284;25044911148;13;0;0;0;0;0;0;0;0;0;0;0;0;0;1;0;0;0;1;0;0;
2004 49 1;285;25044910178;13;1;0;1;0;1;1;0;0;0;0;0;0;0;1;0;0;0;0;0;0;
2004 49 1;286;25044910976;13;0;0;0;0;0;0;0;0;0;0;0;0;0;1;0;0;0;0;0;0;
2004 49 1;287;25044911454;19;1;0;1;1;0;1;0;0;0;0;0;1;0;0;0;0;1;0;0;1;
2004 49 1;288;25044920202;19;1;0;1;0;1;1;0;0;0;0;0;0;0;0;0;0;0;0;0;1;
2004 49 1;289;25044940647;13;0;0;0;0;0;0;0;0;0;1;0;0;0;1;0;0;1;0;0;0;
2004 49 1;290;25044910058;13;1;0;1;0;1;1;0;0;0;0;0;0;0;1;0;0;0;0;0;0;
2004 49 1;291;25044911368;19;1;0;1;1;0;1;0;0;0;0;0;0;0;0;0;0;1;0;0;1;
2004 49 1;292;25044910949;13;0;0;0;0;0;0;0;0;0;0;0;0;0;1;0;0;0;0;0;0;
2004 49 1;293;25044950135;19;0;1;1;0;1;1;0;0;1;0;0;1;1;0;0;0;1;0;0;1;
2004 49 1;294;25044911382;19;1;0;1;1;0;1;0;0;0;0;0;0;0;0;0;0;1;0;0;1;
2004 49 1;295;25045020604;13;1;0;0;0;0;0;0;0;0;0;0;0;0;1;0;0;0;0;0;0;
2004 49 1;296;25044920673;13;0;0;0;0;0;0;1;0;0;0;0;0;1;1;0;0;0;0;0;0;
2004 49 1;297;25044910667;19;1;0;1;0;0;1;0;0;0;0;0;1;0;0;0;0;1;0;0;1;
2004 49 1;298;25044920091;19;0;0;1;0;1;1;0;0;0;0;0;0;0;0;0;0;0;0;0;1;
2004 49 1;299;25044911175;13;0;0;0;0;0;0;0;0;0;0;0;0;0;1;0;0;0;0;0;0;
2004 49 1;300;25044911359;19;1;0;1;1;0;1;0;0;0;0;0;0;0;0;0;0;1;0;0;1;
2004 49 1;301;25044910248;13;1;0;1;0;1;1;0;0;0;0;0;0;0;1;0;0;0;0;0;0;
2004 49 1;302;25044911053;13;0;0;0;0;0;0;0;0;0;0;0;0;0;1;0;0;0;0;0;0;
2004 49 1;303;25044911143;13;1;0;1;0;0;0;0;0;0;0;0;1;0;1;0;0;0;0;0;0;
2004 49 1;304;25044920359;13;0;0;0;0;0;0;0;0;0;0;0;0;1;1;0;0;0;0;0;0;
2004 49 1;305;25044940221;19;1;1;1;1;1;1;0;0;1;0;0;1;0;0;0;0;1;0;0;1;
2004 49 1;306;25044850105;7;1;0;0;0;0;0;0;0;0;1;0;0;0;0;0;0;1;0;1;0;
2004 49 1;307;25044940690;19;0;0;1;0;0;0;0;0;0;0;0;0;0;0;0;0;0;1;0;1;
2004 49 1;308;25044920144;19;1;0;1;0;1;1;0;0;0;0;0;0;0;0;0;0;0;0;0;1;
2004 49 1;309;25044940580;19;0;0;0;0;0;0;0;0;0;0;0;0;0;0;0;0;0;0;0;1;
2004 49 1;310;25044911392;19;1;0;1;1;0;1;0;0;0;0;0;0;0;0;0;0;1;0;0;1;
2004 49 1;311;25044920082;19;0;0;1;0;1;1;0;0;0;0;0;0;0;0;0;0;0;0;0;1;
2004 49 1;312;25044911229;13;1;0;0;0;0;0;0;0;0;1;0;1;0;1;0;0;0;0;0;0;
2004 49 1;313;25044911456;15;0;0;1;0;0;1;0;0;0;0;0;0;0;1;0;0;0;0;0;0;
2004 49 1;314;25044911364;19;1;0;1;1;0;1;0;0;0;0;0;0;0;0;0;0;1;0;0;1;
2004 49 1;315;25044850137;13;1;1;0;0;1;0;0;0;1;0;0;1;1;1;0;0;1;0;0;0;
2004 49 1;316;25044911183;13;0;0;1;0;0;0;0;0;0;0;0;0;0;1;0;0;0;1;0;0;
2004 49 1;317;25044911048;13;0;0;0;0;0;0;0;0;0;0;0;0;0;1;0;0;0;0;0;0;
2004 49 1;318;25044911388;19;1;0;1;1;0;1;0;0;0;0;0;0;0;0;0;0;1;0;0;1;
2004 49 1;319;25044910003;19;1;0;1;0;1;1;0;0;0;0;0;0;0;0;0;0;1;0;0;1;
2004 49 1;320;25044910925;13;0;0;0;0;0;0;0;0;0;0;0;0;0;1;0;0;0;0;0;0;
2004 49 1;321;25044911405;19;1;0;1;1;0;1;0;0;0;0;0;0;0;0;0;0;1;0;0;1;
2004 49 1;322;25044920160;19;1;0;1;0;1;1;0;0;0;0;0;0;0;0;0;0;0;0;0;1;
2004 49 1;323;25044911191;13;0;0;0;0;0;0;0;0;0;1;0;0;0;1;0;0;0;0;0;0;
2004 49 1;324;25044911434;13;0;0;0;0;0;0;1;0;0;0;0;0;1;1;0;0;0;0;0;0;
2004 49 1;325;25044911348;19;1;0;1;1;0;1;0;0;0;0;0;0;0;0;0;0;1;0;0;1;
2004 49 1;326;25044920027;13;0;0;0;0;1;1;0;0;0;0;0;0;0;1;0;0;0;0;0;0;
2004 49 1;327;25044910993;13;0;0;0;0;0;0;0;0;0;0;0;0;0;1;0;0;0;0;0;0;
2004 49 1;328;25044911270;13;0;0;0;0;0;1;0;0;0;0;0;0;0;1;0;0;0;0;0;0;
2004 49 1;329;25044940212;19;1;1;1;1;1;1;0;0;1;0;0;1;0;0;0;0;1;0;0;1;
2004 49 1;330;25044940689;19;0;0;1;0;0;0;0;0;0;0;0;0;0;0;0;0;0;1;0;1;
2004 49 1;331;25044911098;13;0;0;0;0;0;0;0;0;0;1;0;0;0;1;0;0;0;0;0;0;
2004 49 1;332;25044920089;19;0;0;1;0;1;1;0;0;0;0;0;0;0;0;0;0;0;0;0;1;
2004 49 1;333;25044911408;19;1;0;1;1;0;1;0;0;0;0;0;0;0;0;0;0;1;0;0;1;
2004 49 1;334;25044920361;13;0;0;0;0;0;0;0;0;0;0;0;0;1;1;0;0;0;0;0;0;
2004 49 1;335;25044850021;17;1;0;1;0;0;1;0;0;0;0;0;1;0;1;0;0;1;0;0;0;
2004 49 1;336;25044920145;19;1;0;1;0;1;1;0;0;0;0;0;0;0;0;0;0;0;0;0;1;
2004 49 1;337;25044940278;19;0;0;0;0;0;0;0;0;0;0;0;0;0;0;0;0;0;0;0;1;
2004 49 1;338;25044911370;19;1;0;1;1;0;1;0;0;0;0;0;0;0;0;0;0;1;0;0;1;
2004 49 1;339;25044850152;13;1;1;0;0;1;0;0;0;1;1;0;1;0;1;0;0;1;0;0;0;
2004 49 1;340;25044920544;13;0;0;0;0;0;0;0;0;0;0;0;0;0;1;0;0;0;0;0;0;
2004 49 1;341;25044911358;19;1;0;1;1;0;1;0;0;0;0;0;0;0;0;0;0;1;0;0;1;
2004 49 1;342;25044920114;19;1;0;1;0;1;1;0;0;0;0;0;0;0;0;0;0;0;0;0;1;
2004 49 1;343;25044920432;13;0;0;0;0;0;0;0;0;0;0;0;0;1;1;0;0;0;0;0;0;
2004 49 1;344;25044911399;19;1;0;1;1;0;1;0;0;0;0;0;0;0;0;0;0;1;0;0;1;
2004 49 1;345;25044920088;19;0;0;1;0;1;1;0;0;0;0;0;0;0;0;0;0;0;0;0;1;
2004 49 1;346;25044911190;13;1;0;0;0;0;0;0;0;0;0;0;1;0;1;0;0;0;0;0;0;
2004 49 1;347;25044911164;13;0;0;0;0;0;0;0;0;0;1;0;0;0;1;0;0;0;0;0;0;
2004 49 1;348;25044910259;13;1;0;1;0;1;1;0;0;0;0;0;0;0;1;0;0;0;0;0;0;
2004 49 1;349;25044911458;19;1;0;1;1;0;1;0;0;0;0;0;1;0;0;0;1;1;0;0;1;
2004 49 1;350;25044830036;13;0;0;0;0;0;0;0;0;0;0;0;0;0;1;0;0;1;0;0;0;
2004 49 1;351;25044920060;19;1;0;1;0;1;1;0;0;0;0;0;0;0;0;0;0;0;0;0;1;
2004 49 1;352;25044911452;19;0;0;0;0;0;1;1;0;0;0;0;0;0;0;0;1;1;0;0;1;
2004 49 1;353;25044911163;13;0;0;0;0;0;0;0;0;0;1;0;0;0;1;0;0;0;0;0;0;
2004 49 1;354;25044850118;13;1;1;0;0;1;0;0;0;1;0;0;1;1;1;0;0;1;0;0;0;
2004 49 1;355;25044911340;19;1;0;1;1;0;1;0;0;0;0;0;0;0;0;0;0;1;0;0;1;
2004 49 1;356;25044950616;19;0;0;1;0;0;0;0;0;0;0;0;0;0;0;0;0;0;1;0;1;
2004 49 1;357;25044920449;13;0;0;0;0;0;0;0;0;0;0;0;0;0;1;0;0;0;0;0;0;
2004 49 1;358;25044920131;19;0;0;1;0;1;1;0;0;0;0;0;0;0;0;0;0;0;0;0;1;
2004 49 1;359;25044911377;19;1;0;1;1;0;1;0;0;0;0;0;0;0;0;0;0;1;0;0;1;
2004 49 1;360;25044911007;13;0;0;0;0;0;0;0;0;0;0;0;0;0;1;0;0;1;0;0;0;
2004 49 1;361;25044920070;13;0;0;1;0;1;1;0;0;0;0;0;0;0;1;0;0;0;0;0;0;
2004 49 1;362;25044911365;19;1;0;1;1;0;1;0;0;0;0;0;0;0;0;0;0;1;0;0;1;
2004 49 1;363;25044920451;13;0;0;0;0;0;0;0;0;0;0;0;0;0;1;0;0;0;0;0;0;
2004 49 1;364;25044920128;13;1;1;0;0;1;1;0;0;1;0;0;1;0;1;0;0;1;0;0;0;
2004 49 1;365;25044920441;13;0;0;0;0;0;0;0;0;0;0;0;0;0;1;0;0;0;0;0;0;
2004 49 1;366;25044911352;19;1;0;1;1;0;1;0;0;0;0;0;0;0;0;0;0;1;0;0;1;
2004 49 1;367;25044910066;19;1;0;1;0;1;1;0;0;0;0;0;0;0;0;0;0;1;0;0;1;
2004 49 1;368;25044911250;13;0;0;0;0;0;0;0;0;0;1;0;0;0;1;0;0;0;0;0;0;
2004 49 1;369;25044920354;13;0;0;0;0;0;0;0;0;0;0;0;0;1;1;0;0;0;0;0;0;
2004 49 1;370;25044911396;19;1;0;1;1;0;1;0;0;0;0;0;0;0;0;0;0;1;0;0;1;
2004 49 1;371;25044920143;19;1;0;1;0;1;1;0;0;0;0;0;0;0;0;0;0;0;0;0;1;
2004 49 1;372;25044920355;13;0;0;0;0;0;0;0;0;0;0;0;0;1;1;0;0;0;0;0;0;
2004 49 1;373;25044911062;13;0;0;1;0;0;0;0;0;0;0;0;1;0;1;0;0;0;1;0;0;
2004 49 1;374;25044911387;19;1;0;1;1;0;1;0;0;0;0;0;0;0;0;0;0;1;0;0;1;
2004 49 1;375;25044850133;13;1;1;0;0;1;0;0;0;1;1;0;1;0;1;0;0;1;0;0;0;
2004 49 1;376;25044920443;13;0;0;0;0;0;0;0;0;0;0;0;0;0;1;0;0;0;0;0;0;
2004 49 1;377;25045010232;19;1;0;1;1;0;1;0;0;0;0;0;1;0;0;0;0;1;0;0;1;
2004 49 1;378;25044920106;19;1;0;1;0;1;1;0;0;0;0;0;0;0;0;0;0;0;0;0;1;
2004 49 1;379;25044850053;14;0;0;0;0;0;0;0;0;0;0;0;0;0;1;0;0;1;0;0;0;
2004 49 1;380;25044911351;19;1;0;1;1;0;1;0;0;0;0;0;0;0;0;0;0;1;0;0;1;
2004 49 1;381;25044920165;19;0;0;1;0;1;1;0;0;0;0;0;0;0;0;0;0;0;0;0;1;
2004 49 1;382;25044911041;14;1;0;0;0;0;0;0;0;0;1;0;0;0;1;0;0;0;0;0;0;
2004 49 1;383;25044850016;17;1;0;1;0;0;1;0;0;0;0;0;1;0;1;0;0;1;0;0;0;
2004 49 1;384;25044940541;14;0;0;0;0;0;0;0;0;0;0;0;0;0;1;0;0;0;0;0;0;
2004 49 1;385;25044940206;19;1;1;1;1;1;1;0;0;1;0;0;1;0;0;0;0;1;0;0;1;
2004 49 1;386;25044840029;15;0;0;1;0;0;1;1;0;0;0;0;0;0;1;0;0;1;0;0;0;
2004 49 1;387;25044910988;15;0;0;0;0;0;0;0;0;0;0;0;0;0;1;0;0;0;0;0;0;
2004 49 1;388;25044910065;19;1;0;1;0;1;1;0;0;0;0;0;0;0;0;0;0;1;0;0;1;
2004 49 1;389;25044911398;19;1;0;1;1;0;1;0;0;0;0;0;0;0;0;0;0;1;0;0;1;
2004 49 1;390;25044910806;6;0;0;0;0;0;0;0;0;0;1;0;0;0;0;0;0;0;0;1;0;
2004 49 1;391;25044920063;19;1;0;1;0;1;1;0;0;0;0;0;0;0;0;0;0;0;0;0;1;
2004 49 1;392;25044910673;19;1;0;1;0;0;1;0;0;0;0;0;1;0;0;0;0;1;0;0;1;
2004 49 1;393;25044920356;13;0;0;0;0;0;0;0;0;0;0;0;0;1;1;0;0;0;0;0;0;
2004 49 1;394;25044911386;19;1;0;1;1;0;1;0;0;0;0;0;0;0;0;0;0;1;0;0;1;
2004 49 1;395;25044910261;19;1;0;1;0;1;1;0;0;0;0;0;0;0;0;0;0;1;0;0;1;
2004 49 1;396;25044911165;13;0;0;0;0;0;0;0;0;0;1;0;0;0;1;0;0;0;0;0;0;
2004 49 1;397;25044911372;19;1;0;1;1;0;1;0;0;0;0;0;0;0;0;0;0;1;0;0;1;
2004 49 1;398;25044910143;13;1;0;1;0;1;1;0;0;0;0;0;0;0;1;0;0;0;0;0;0;
2004 49 1;399;25044940286;13;0;0;0;0;0;0;0;0;0;0;0;0;1;1;0;0;1;1;0;0;
2004 49 1;400;25044920463;19;1;0;1;0;0;0;0;0;0;0;0;0;0;0;0;0;0;0;0;1;
2004 49 1;401;25044911380;19;1;0;1;1;0;1;0;0;0;0;0;0;0;0;0;0;1;0;0;1;
2004 49 1;402;25044911161;13;0;0;0;0;0;0;0;0;0;1;0;0;0;1;0;0;0;0;0;0;
2004 49 1;403;25044850169;13;0;1;0;0;1;0;0;0;1;0;0;1;0;1;0;0;1;0;0;0;
2004 49 1;404;25044940281;19;0;0;0;0;0;0;0;0;0;0;0;0;0;0;0;0;0;0;0;1;
2004 49 1;405;25044911346;19;1;0;1;1;0;1;0;0;0;0;0;0;0;0;0;0;1;0;0;1;
2004 49 1;406;25044911075;13;1;0;0;0;0;0;0;0;0;0;0;0;0;1;0;0;0;0;0;0;
2004 49 1;407;25044920094;19;0;0;1;0;1;1;0;0;0;0;0;0;0;0;0;0;0;0;0;1;
2004 49 1;408;25044910842;15;1;0;0;0;0;0;0;0;0;1;0;0;0;1;0;0;0;0;0;0;
2004 49 1;409;25044911334;19;1;0;1;1;0;1;0;0;0;0;0;0;0;0;0;0;1;0;0;1;
2004 49 1;410;25044920093;19;0;0;1;0;1;1;0;0;0;0;0;0;0;0;0;0;0;0;0;1;
2004 49 1;411;25044910992;16;0;0;0;0;0;0;0;0;0;0;0;0;0;1;0;0;0;0;0;0;
2004 49 1;412;25044920125;16;1;0;1;0;0;1;0;0;0;0;0;0;0;1;0;0;1;0;0;0;
2004 49 1;413;25044940205;16;0;1;1;1;1;1;0;0;1;0;0;1;0;1;0;0;1;0;0;0;
2004 49 1;414;25044920505;19;1;0;0;0;0;0;0;0;0;1;0;0;1;0;0;0;0;0;0;1;
2004 49 1;415;25044911420;16;1;0;1;0;0;1;0;0;0;0;0;1;0;1;0;0;1;0;0;0;
2004 49 1;416;25044920071;19;0;0;1;0;1;1;0;0;0;0;0;0;0;0;0;0;0;0;0;1;
2004 49 1;417;25044920436;19;1;0;0;0;0;0;0;0;0;0;0;1;0;0;0;0;0;0;0;1;
2004 49 1;418;25044911320;19;1;0;1;1;0;1;1;0;0;0;0;0;0;0;0;1;1;0;0;1;
2004 49 1;419;25044850625;17;0;0;0;0;1;0;0;0;0;0;0;1;1;1;0;0;0;0;0;0;
2004 49 1;420;25044911453;16;0;0;1;0;0;1;0;0;0;0;0;0;0;1;0;0;1;0;0;0;
2004 49 1;421;25044911167;13;0;0;0;0;0;0;0;0;0;1;0;0;0;1;0;0;0;0;0;0;
2004 49 1;422;25044911319;19;1;0;1;1;0;1;0;0;0;0;0;0;0;0;0;0;1;0;0;1;
2004 49 1;423;25044920151;19;1;0;1;0;1;1;0;0;0;0;0;0;0;0;0;0;1;0;0;1;
2004 49 1;424;25044920450;13;0;0;0;0;0;0;0;0;0;0;0;0;0;1;0;0;0;0;0;0;
2004 49 1;425;25044850023;16;1;0;1;0;0;1;0;0;0;0;0;1;0;1;0;0;1;0;0;0;
2004 49 1;426;25044950123;19;1;1;1;1;1;1;0;0;1;0;0;1;0;0;0;0;1;0;0;1;
2004 49 1;427;25044940673;19;0;0;0;0;0;0;0;0;0;0;0;0;0;0;0;0;0;0;0;1;
2004 49 1;428;25044850025;16;1;0;1;0;0;1;0;0;0;0;0;1;0;1;0;0;1;0;0;0;
2004 49 1;429;25044940284;16;0;0;1;0;0;0;0;0;0;0;0;0;0;1;0;0;1;1;0;0;
2004 49 1;430;25044911436;16;0;0;0;0;0;1;0;0;0;0;0;0;0;1;0;1;1;0;0;0;
2004 49 1;431;25044910165;19;1;0;0;0;1;0;0;0;0;0;0;0;0;0;0;0;0;0;0;1;
2004 49 1;432;25044911403;19;1;0;1;1;0;1;0;0;0;0;0;0;0;0;0;0;1;0;0;1;
2004 49 1;433;25044940713;19;0;0;1;0;0;0;0;0;0;0;0;1;0;0;0;0;1;0;0;1;
2004 49 1;434;25044850515;13;1;0;0;0;1;0;0;0;0;0;0;0;1;1;0;0;0;0;0;0;
2004 49 1;435;25044911449;16;0;0;1;0;0;1;0;0;0;0;0;1;0;1;0;0;1;0;0;0;
2004 49 1;436;25044911343;19;1;0;1;1;0;1;0;0;0;0;0;0;0;0;0;0;1;0;0;1;
2004 49 1;437;25044850132;15;1;1;0;0;1;0;0;0;1;1;0;1;0;1;0;0;1;0;0;0;
2004 49 1;438;25044911435;16;0;0;1;0;0;1;0;0;0;0;0;0;0;1;0;0;1;0;0;0;
2004 49 1;439;25044940684;19;0;0;0;0;0;0;0;0;0;0;0;0;0;0;0;0;0;0;0;1;
2004 49 1;440;25044911397;19;1;0;1;1;0;1;0;0;0;0;0;0;0;0;0;0;1;0;0;1;
2004 49 1;441;25044920236;16;0;0;1;0;0;1;0;0;0;0;0;1;0;1;0;0;1;0;0;0;
2004 49 1;442;25044920516;16;0;0;0;0;0;0;0;0;0;0;0;0;0;1;0;0;0;1;0;0;
2004 49 1;443;25044920126;19;1;0;1;0;1;1;0;0;0;0;0;0;0;0;0;0;0;0;0;1;
2004 49 1;444;25044950274;16;1;0;1;0;0;1;0;0;0;0;0;1;1;1;0;1;1;0;0;0;
2004 49 1;445;25044920479;16;0;0;0;0;0;0;0;0;0;1;0;0;0;1;0;0;1;0;0;0;
2004 49 1;446;25044920203;19;1;0;1;0;1;1;0;0;0;0;0;0;0;0;0;0;0;0;0;1;
2004 49 1;447;25045020638;19;0;0;1;1;0;1;0;0;0;0;0;1;0;0;0;0;1;0;0;1;
2004 49 1;448;25044911433;19;1;0;0;0;0;0;0;0;0;0;0;0;0;0;0;0;0;0;0;1;
2004 49 1;449;25044940218;16;0;1;1;0;1;1;0;0;1;0;0;1;0;1;0;0;1;0;0;0;
2004 49 1;450;25045010594;16;0;0;1;0;0;1;1;0;0;0;0;0;0;1;0;0;1;0;0;0;
2004 49 1;451;25044911117;16;0;0;0;0;0;0;0;0;0;1;0;0;0;1;0;0;0;0;0;0;
2004 49 1;452;25044920116;19;1;0;1;0;1;1;0;0;0;0;0;0;0;0;0;0;0;0;0;1;
2004 49 1;453;25044911376;19;1;0;1;1;0;1;0;0;0;0;0;0;0;0;0;0;1;0;0;1;
2004 49 1;454;25044920480;13;0;0;0;0;0;0;0;0;0;0;0;0;0;1;0;0;0;0;0;0;
2004 49 1;455;25044920115;19;1;0;1;0;1;1;0;0;0;0;0;0;0;0;0;0;0;0;0;1;
2004 49 1;456;25044850024;16;1;0;1;0;0;1;0;0;0;0;0;1;0;1;0;0;1;0;0;0;
2004 49 1;457;25044920452;13;0;0;0;0;0;0;0;0;0;0;0;0;0;1;0;0;0;0;0;0;
2004 49 1;458;25044911385;19;1;0;1;1;0;1;0;0;0;0;0;0;0;0;0;0;1;0;0;1;
2004 49 1;459;25044911455;16;0;0;1;0;0;1;0;0;0;0;0;0;0;1;0;0;1;0;0;0;
2004 49 1;460;25044850119;13;1;1;0;0;1;0;0;0;1;1;0;1;0;1;0;0;1;0;0;0;
2004 49 1;461;25044950381;16;0;0;1;0;0;1;0;0;0;0;0;0;0;1;0;0;1;0;0;0;
2004 49 1;462;25044911391;19;1;0;1;1;0;1;0;0;0;0;0;0;0;0;0;0;1;0;0;1;
2004 49 1;463;25044940692;19;0;0;0;0;0;0;0;0;0;0;0;0;1;0;0;0;0;0;0;1;
2004 49 1;464;25044850027;16;1;0;1;0;0;1;0;0;0;0;0;1;0;1;0;0;1;0;0;0;
2004 49 1;465;25044920095;19;0;0;1;0;1;1;0;0;0;0;0;0;0;0;0;0;0;0;0;1;
2004 49 1;466;25044820090;16;1;0;0;0;0;0;0;0;0;1;0;0;1;1;0;0;1;0;0;0;
2004 49 1;467;25044911353;19;1;0;1;1;0;1;0;0;0;0;0;0;0;0;0;0;1;0;0;1;
2004 49 1;468;25044850660;13;0;0;0;0;1;0;0;0;0;0;0;0;0;1;0;0;0;0;0;0;
2004 49 1;469;25044950298;16;0;0;1;0;0;1;0;0;0;0;0;1;0;1;0;0;1;0;0;0;
2004 49 1;470;25044940552;19;0;0;0;0;0;0;0;0;0;0;0;0;1;0;0;0;0;0;0;1;
2004 49 1;471;25044911407;19;1;0;1;1;0;1;0;0;0;0;0;0;0;0;0;0;1;0;0;1;
2004 49 1;472;25044950566;16;1;0;1;0;0;1;0;0;0;0;0;1;0;1;0;0;0;0;0;0;
2004 49 1;473;25044840133;5;0;1;0;0;1;0;0;0;1;1;0;1;0;0;0;0;1;0;1;0;
2004 49 1;474;25045050048;16;1;0;1;0;0;1;0;0;0;0;0;0;0;1;0;0;1;0;0;0;
2004 49 1;475;25044950477;16;1;0;1;1;0;1;0;0;0;0;0;1;0;1;0;1;1;0;0;0;
2004 49 1;476;25044850511;13;0;0;0;0;1;0;0;0;0;0;0;0;1;1;0;0;0;0;0;0;
2004 49 1;477;25044910612;16;0;0;0;0;0;1;0;0;0;0;0;0;0;1;0;0;1;0;0;0;
2004 49 1;478;25044950264;16;1;0;1;0;0;1;0;0;0;0;0;1;0;1;0;0;1;0;0;0;
2004 49 1;479;25044911228;13;1;0;0;0;0;0;0;0;0;1;0;0;0;1;0;0;0;0;0;0;
2004 49 1;480;25044850509;13;0;0;0;0;1;0;0;0;0;0;0;0;1;1;0;0;0;0;0;0;
2004 49 1;481;25044911447;19;1;0;1;1;0;1;1;0;0;0;0;0;0;0;1;1;1;0;0;1;
2004 49 1;482;25044910019;13;1;0;1;0;1;1;0;0;0;0;0;0;0;1;0;0;0;0;0;0;
2004 49 1;483;25044920471;13;0;0;0;0;0;0;0;0;0;0;0;0;0;1;0;0;0;0;0;0;
2004 49 1;484;25044911016;13;1;0;1;0;0;0;0;0;0;0;0;0;1;1;0;0;0;1;0;0;
2004 49 1;485;25044820844;13;0;1;0;0;1;1;0;0;1;0;0;1;0;1;0;0;1;0;0;0;
2004 49 1;486;25044911166;13;0;0;0;0;0;0;0;0;0;1;0;0;0;1;0;0;0;0;0;0;
2004 49 1;487;25044950205;13;1;0;1;0;0;1;0;0;0;0;0;0;0;1;0;0;1;0;0;0;
2004 49 1;488;25044910031;13;1;0;1;0;1;1;0;0;0;0;0;0;0;1;0;0;0;0;0;0;
2004 49 1;489;25044920539;13;0;0;0;0;0;0;0;0;0;0;0;0;0;1;0;0;0;0;0;0;
2004 49 1;490;25044950207;13;1;0;1;0;0;1;0;0;0;0;0;0;0;1;0;0;1;0;0;0;
2004 49 1;491;25044910147;13;1;0;1;0;1;1;0;0;0;0;0;0;0;1;0;0;0;0;0;0;
2004 49 1;492;25044911432;11;0;0;0;0;0;0;0;0;0;1;0;0;1;0;0;0;0;0;0;0;
2004 49 1;493;25044920453;13;0;0;0;0;0;0;0;0;0;0;0;0;0;1;0;0;0;0;0;0;
2004 49 1;494;25044910033;13;1;0;1;0;1;1;0;0;0;0;0;0;0;1;0;0;0;0;0;0;
2004 49 1;495;25044920517;13;0;0;0;0;0;0;0;0;0;0;0;0;0;1;0;0;0;0;0;0;
2004 49 1;496;25044920560;13;0;0;0;0;0;0;0;0;0;0;0;0;0;1;0;0;0;0;0;0;
2004 49 1;497;25044850148;13;1;1;0;0;1;0;0;0;1;0;0;1;1;1;0;0;1;0;0;0;
2004 49 1;498;25044840313;13;1;0;1;0;0;0;0;0;0;0;0;0;0;1;0;0;0;1;0;0;
2004 49 1;499;25044911331;13;0;0;0;0;0;0;0;0;0;0;0;1;0;1;0;0;0;0;0;0;
2004 49 1;500;25044910252;13;1;0;1;0;1;1;0;0;0;0;0;0;0;1;0;0;0;0;0;0;
2004 49 1;501;25044911332;13;0;0;0;0;0;0;0;0;0;0;0;1;0;1;0;0;0;0;0;0;
2004 49 1;502;25044911268;18;1;0;1;0;0;1;1;0;0;0;0;0;0;0;1;1;1;0;0;0;
2004 49 1;503;25044910173;13;1;0;1;0;1;1;0;0;0;0;0;0;0;1;0;0;0;0;0;0;
2004 49 1;504;25044911105;13;0;0;0;0;0;0;0;0;0;1;0;0;0;1;0;0;0;0;0;0;
2004 49 1;505;25044850309;13;1;0;1;0;0;0;0;1;0;0;0;1;0;1;0;0;1;1;0;0;
2004 49 1;506;25044850519;13;1;0;0;0;1;0;0;0;0;0;0;0;1;1;0;0;0;0;0;0;
2004 49 1;507;25044920507;13;0;0;0;0;0;0;0;0;0;0;0;0;0;1;0;0;0;0;0;0;
2004 49 1;508;25044920237;13;0;0;1;0;0;1;0;0;0;0;0;1;0;1;0;0;1;0;0;0;
2004 49 1;509;25044910240;13;1;0;1;0;1;1;0;0;0;0;0;0;0;1;0;0;0;0;0;0;
2004 49 1;510;25044920478;13;0;0;0;0;0;0;0;0;0;0;0;0;0;1;0;0;0;0;0;0;
2004 49 1;511;25044840138;1;1;1;1;1;1;1;0;0;1;0;0;1;0;0;0;0;1;0;1;0;
2004 49 1;512;25044950203;13;1;0;1;0;0;1;0;0;0;0;0;0;0;1;0;0;1;0;0;0;
2004 49 1;513;25044920540;13;0;0;0;0;0;0;0;0;0;0;0;0;0;1;0;0;0;0;0;0;
2004 49 1;514;25044910243;13;1;0;1;0;1;1;0;0;0;0;0;0;0;1;0;0;0;0;0;0;
2004 49 1;515;25044911127;13;1;0;0;0;0;0;0;0;0;0;0;0;0;1;0;0;0;0;0;0;
2004 49 1;516;25044920448;13;0;0;0;0;0;0;0;0;0;0;0;0;0;1;0;0;0;0;0;0;
2004 49 1;517;25044910054;13;1;0;1;0;1;1;0;0;0;0;0;0;0;1;0;0;0;0;0;0;
2004 49 1;518;25044920543;13;0;0;0;0;0;0;0;0;0;0;0;0;0;1;0;0;0;0;0;0;
2004 49 1;519;25044940710;11;1;0;1;0;0;1;0;0;0;0;0;1;0;0;0;0;0;0;0;0;
2004 49 1;520;25044911046;13;1;0;0;0;0;0;0;0;0;0;0;0;0;1;0;0;0;0;0;0;
2004 49 1;521;25044940199;17;0;1;1;1;1;1;0;0;1;0;0;1;0;1;0;0;1;1;0;0;
2004 49 1;522;25044950350;17;0;0;0;0;0;1;0;0;0;0;0;0;1;1;0;1;1;0;0;0;
2004 49 1;523;25044911129;13;1;0;0;0;0;0;0;0;0;0;0;1;0;1;0;0;0;0;0;0;
2004 49 1;524;25044920098;13;0;0;1;0;1;1;0;0;0;0;0;0;0;1;0;0;0;0;0;0;
2004 49 1;525;25044911185;13;1;0;0;0;0;0;0;0;0;0;0;1;0;1;0;0;0;0;0;0;
2004 49 1;526;25044950322;13;1;0;1;0;0;1;0;0;0;0;0;0;0;1;0;0;1;0;0;0;
2004 49 1;527;25044940037;11;0;0;1;0;1;1;1;0;0;0;0;0;0;0;1;1;1;0;0;0;
2004 49 1;528;25044911233;13;0;0;0;0;0;0;0;0;0;1;0;0;0;1;0;0;0;0;0;0;
2004 49 1;529;25044911059;13;0;0;1;0;0;0;0;0;0;0;0;0;0;1;0;0;0;1;0;0;
2004 49 1;530;25044910295;13;1;0;1;0;1;1;0;0;0;0;0;0;0;1;0;0;0;0;0;0;
2004 49 1;531;25044911181;13;1;0;0;0;0;0;0;0;0;0;0;0;0;1;0;0;0;0;0;0;
2004 49 1;532;25044940653;13;0;0;0;0;0;1;0;0;0;0;0;0;0;1;0;0;0;0;0;0;
2004 49 1;533;25044910241;13;1;0;1;0;1;1;0;0;0;0;0;0;0;1;0;0;0;0;0;0;
2004 49 1;534;25044911102;13;0;0;0;0;0;0;0;0;0;1;0;0;0;1;0;0;0;0;0;0;
2004 49 1;535;25044920031;11;1;1;1;1;1;1;0;0;1;0;0;1;0;0;0;0;1;0;0;0;
2004 49 1;536;25044920561;13;1;0;0;0;0;0;0;0;0;0;0;0;1;1;0;0;0;0;0;0;
2004 49 1;537;25044920504;13;0;0;0;0;0;0;0;0;0;0;0;0;0;1;0;0;0;0;0;0;
2004 49 1;538;25044910250;13;1;0;1;0;1;1;0;0;0;0;0;0;0;1;0;0;0;0;0;0;
2004 49 1;539;25044911457;13;1;0;1;1;0;1;0;0;0;0;0;0;0;1;0;0;1;0;0;0;
2004 49 1;540;25044920455;13;0;0;0;0;0;0;0;0;0;0;0;0;0;1;0;0;0;0;0;0;
2004 49 1;541;25044910321;13;1;0;1;0;1;1;0;0;0;0;0;0;0;1;0;0;0;0;0;0;
2004 49 1;542;25044911231;13;1;0;0;0;0;0;0;0;0;1;0;1;0;1;0;0;0;0;0;0;
2004 49 1;543;25044920542;13;0;0;0;0;0;0;0;0;0;0;0;0;0;1;0;0;0;0;0;0;
2004 49 1;544;25044910223;13;1;0;1;0;1;1;0;0;0;0;0;0;0;1;0;0;0;0;0;0;
2004 49 1;545;25044920578;13;1;0;0;0;0;0;0;0;0;0;0;0;1;1;0;0;0;0;0;0;
2004 49 1;546;25044911206;18;0;0;1;0;0;1;0;0;0;0;0;1;0;0;1;1;1;0;0;0;
2004 49 1;547;25044910829;15;1;1;1;1;1;1;0;0;1;0;0;1;0;1;0;0;1;0;0;0;
2004 49 1;548;25044920533;13;0;0;0;0;0;0;0;0;0;0;0;0;0;1;0;0;0;0;0;0;
2004 49 1;549;25044940708;11;1;0;1;0;0;1;0;0;0;0;0;1;0;0;0;0;0;0;0;0;
2004 49 1;550;25044850517;13;1;0;0;0;1;0;0;0;0;0;0;0;1;1;0;0;0;0;0;0;
2004 49 1;551;25044920468;13;0;0;0;0;0;0;0;0;0;0;0;0;0;1;0;0;0;0;0;0;
2004 49 1;552;25044910363;13;1;0;1;0;1;1;0;0;0;0;0;0;0;1;0;0;0;0;0;0;
2004 49 1;553;25044911208;13;1;0;0;0;0;0;0;0;0;1;0;0;0;1;0;0;0;0;0;0;
2004 49 1;554;25044920587;13;0;0;0;0;0;0;0;0;0;0;0;1;1;1;0;0;0;0;0;0;
2004 49 1;555;25044910362;13;1;0;1;0;1;1;0;0;0;0;0;0;0;1;0;0;0;0;0;0;
2004 49 1;556;25044911045;13;1;0;0;0;0;0;0;0;0;0;0;0;0;1;0;0;0;0;0;0;
2004 49 1;557;25044910608;11;0;0;0;0;0;1;0;0;0;0;0;0;0;0;0;0;1;0;0;0;
2004 49 1;558;25044850126;13;1;1;0;0;1;0;0;0;1;0;0;1;1;1;0;0;1;0;0;0;
2004 49 1;559;25044910958;13;0;0;0;0;0;0;0;0;0;1;0;0;0;1;0;0;0;0;0;0;
2004 49 1;560;25044911258;13;1;0;0;0;0;0;0;0;0;0;0;0;0;1;0;0;0;1;0;0;
2004 49 1;561;25044910322;13;1;0;1;0;1;1;0;0;0;0;0;0;0;1;0;0;0;0;0;0;
2004 49 1;562;25045010522;13;0;0;0;0;0;1;1;0;0;0;0;0;1;1;0;1;1;0;0;0;
2004 49 1;563;25044911178;13;1;0;0;0;0;0;0;0;0;0;0;0;0;1;0;0;0;0;0;0;
2004 49 1;564;25044910174;13;1;0;1;0;1;1;0;0;0;0;0;0;0;1;0;0;0;0;0;0;
2004 49 1;565;25044910968;13;0;0;0;0;0;0;0;0;0;1;0;0;0;1;0;0;0;0;0;0;
2004 49 1;566;25044911443;19;1;0;1;1;0;1;0;0;0;0;0;1;0;0;1;0;1;0;0;1;
2004 49 1;567;25044910152;13;1;0;1;0;1;1;0;0;0;0;0;0;0;1;0;0;0;0;0;0;
2004 49 1;568;25044920509;13;0;0;0;0;0;0;0;0;0;0;0;0;0;1;0;0;0;0;0;0;
2004 49 1;569;25044911015;13;1;0;1;0;0;0;0;0;0;0;0;0;1;1;0;0;0;1;0;0;
2004 49 1;570;25044910175;13;1;0;1;0;1;1;0;0;0;0;0;0;0;1;0;0;0;0;0;0;
2004 49 1;571;25044910959;13;0;0;0;0;0;0;0;0;0;1;0;0;0;1;0;0;0;0;0;0;
2004 49 1;572;25044920489;13;0;0;0;0;0;0;0;0;0;0;0;0;1;1;0;0;1;0;0;0;
2004 49 1;573;25044910242;13;1;0;1;0;1;1;0;0;0;0;0;0;0;1;0;0;0;0;0;0;
2004 49 1;574;25044940222;12;1;1;1;1;1;1;0;0;1;0;0;1;0;0;0;0;1;0;0;0;
2004 49 1;575;25044920576;13;0;0;0;0;0;0;0;0;0;0;0;0;1;1;0;0;0;0;0;0;
2004 49 1;576;25044911179;13;0;0;1;0;0;0;0;0;0;0;0;0;0;1;0;0;0;1;0;0;
2004 49 1;577;25044910931;13;0;0;0;0;0;0;0;0;0;1;0;0;0;1;0;0;0;0;0;0;
2004 49 1;578;25044910253;13;1;0;1;0;1;1;0;0;0;0;0;0;0;1;0;0;0;0;0;0;
2004 49 1;579;25044920360;13;0;0;0;0;0;0;0;0;0;0;0;0;1;1;0;0;0;0;0;0;
2004 49 1;580;25044920501;13;0;0;0;0;0;0;0;0;0;0;0;0;0;1;0;0;0;0;0;0;
2004 49 1;581;25044910276;13;1;0;1;0;1;1;0;0;0;0;0;0;0;1;0;0;0;0;0;0;
2004 49 1;582;25044910824;10;1;0;1;1;0;1;0;0;0;0;0;0;0;0;0;0;1;0;1;0;
2004 49 1;583;25044920515;13;0;0;0;0;0;0;0;0;0;0;0;0;0;1;0;0;0;0;0;0;
2004 49 1;584;25044910181;13;1;0;1;0;1;1;0;0;0;0;0;0;0;1;0;0;0;0;0;0;
2004 49 1;585;25044910957;13;0;0;0;0;0;0;0;0;0;1;0;0;0;1;0;0;0;0;0;0;
2004 49 1;586;25044911173;13;1;0;0;0;0;0;0;0;0;0;0;0;0;1;0;0;0;0;0;0;
2004 49 1;587;25044850125;13;1;1;0;0;1;0;0;0;1;0;0;1;1;1;0;0;1;0;0;0;
2004 49 1;588;25045010657;13;0;0;1;0;0;1;0;0;0;0;0;0;0;1;0;0;1;0;0;0;
2004 49 1;589;25044920514;13;0;0;0;0;0;0;0;0;0;0;0;0;0;1;0;0;0;0;0;0;
2004 49 1;590;25044910013;13;1;0;1;0;1;1;0;0;0;0;0;0;0;1;0;0;0;0;0;0;
2004 49 1;591;25044911442;19;1;0;1;1;0;1;1;0;0;0;0;0;0;0;1;0;1;0;0;1;
2004 49 1;592;25044910960;13;0;0;0;0;0;0;0;0;0;1;0;0;0;1;0;0;0;0;0;0;
2004 49 1;593;25044920100;13;0;0;1;0;1;1;0;0;0;0;0;0;0;1;0;0;0;0;0;0;
2004 49 1;594;25044911126;13;1;0;0;0;0;0;0;0;0;0;0;0;0;1;0;0;0;0;0;0;
2004 49 1;595;25044920511;13;0;0;0;0;0;0;0;0;0;0;0;0;0;1;0;0;0;0;0;0;
2004 49 1;596;25044910056;13;1;0;1;0;1;1;0;0;0;0;0;0;0;1;0;0;0;0;0;0;
2004 49 1;597;25044911159;13;1;0;0;0;0;0;0;0;0;0;0;1;0;1;0;0;0;0;0;0;
2004 49 1;598;25044940475;13;0;0;0;0;0;0;0;0;0;0;0;0;0;1;0;0;1;0;0;0;
2004 49 1;599;25044910036;13;1;0;1;0;1;1;0;0;0;0;0;0;0;1;0;0;0;0;0;0;
2004 49 1;600;25044911210;18;0;0;0;0;0;0;0;0;0;1;0;0;0;0;0;0;0;0;0;0;
2004 49 1;601;25044911296;18;1;0;1;1;0;1;0;1;1;0;0;1;0;0;0;1;1;1;0;0;
2004 49 1;602;25044910793;18;1;0;0;0;1;0;0;0;0;0;0;0;0;0;0;0;0;0;0;0;
2004 49 1;603;25044911202;18;0;0;0;0;0;0;0;0;0;0;0;0;0;0;0;0;0;0;0;0;
2004 49 1;604;25044910981;18;1;0;0;0;0;0;0;0;0;0;0;0;0;0;0;0;1;0;0;0;
2004 49 1;605;25044910338;13;1;0;1;0;1;1;0;0;0;0;0;0;0;1;0;0;0;0;0;0;
2004 49 1;606;25044920339;13;0;0;0;0;0;0;0;0;0;0;0;0;0;1;0;0;0;0;0;0;
2004 49 1;607;25044911288;18;1;0;1;1;0;1;0;1;1;0;0;1;0;0;0;1;1;1;0;0;
2004 49 1;608;25044910107;13;1;0;1;0;1;1;0;0;0;0;0;0;0;1;0;0;0;0;0;0;
2004 49 1;609;25044920513;13;0;0;0;0;0;0;0;0;0;0;0;0;0;1;0;0;0;0;0;0;
2004 49 1;610;25044911305;18;1;0;1;0;0;1;0;0;0;0;0;1;0;0;0;0;1;0;0;0;
2004 49 1;611;25044911301;18;1;0;1;1;0;1;0;0;0;0;0;0;0;0;0;0;1;0;0;0;
2004 49 1;612;25044910965;18;0;0;0;0;0;0;0;0;0;1;0;0;0;0;0;0;0;0;0;0;
2004 49 1;613;25044910179;13;1;0;1;0;1;1;0;0;0;0;0;0;0;1;0;0;0;0;0;0;
2004 49 1;614;25044911263;18;0;0;0;0;0;0;0;0;0;0;0;0;0;0;0;0;0;0;0;0;
2004 49 1;615;25044910890;18;1;0;1;0;0;0;0;0;0;0;0;0;0;0;0;0;0;1;0;0;
2004 49 1;616;25044910921;18;1;0;1;1;0;1;0;0;0;0;0;1;0;0;0;1;1;0;0;0;
2004 49 1;617;25044910950;18;0;0;0;0;0;0;0;0;0;0;0;0;1;0;0;0;0;0;0;0;
2004 49 1;618;25044910799;18;1;1;0;0;1;1;0;0;1;0;0;1;0;0;0;0;1;0;0;0;
2004 49 1;619;25044910979;18;0;0;0;0;0;0;1;0;0;1;0;0;0;0;0;0;0;0;0;0;
2004 49 1;620;25044911287;18;1;0;1;1;0;1;0;1;1;0;0;1;0;0;0;1;1;1;0;0;
2004 49 1;621;25044910329;13;1;0;1;0;1;1;0;0;0;0;0;0;0;1;0;0;0;0;0;0;
2004 49 1;622;25044920460;13;0;0;0;0;0;0;0;0;0;0;0;0;0;1;0;0;0;0;0;0;
2004 49 1;623;25044910035;13;1;0;1;0;1;1;0;0;0;0;0;0;0;1;0;0;0;0;0;0;
2004 49 1;624;25044911307;18;1;0;1;0;0;1;0;0;0;0;0;1;0;0;0;0;1;0;0;0;
2004 49 1;625;25044910963;18;0;0;0;0;0;0;0;0;0;1;0;0;0;0;0;0;0;0;0;0;
2004 49 1;626;25044910324;13;1;0;1;0;1;1;0;0;0;0;0;0;0;1;0;0;0;0;0;0;
2004 49 1;627;25044911279;18;1;0;1;1;0;1;0;0;1;0;0;0;0;0;0;1;1;1;0;0;
2004 49 1;628;25044920430;13;0;0;0;0;0;0;0;0;0;0;0;0;1;1;0;0;0;0;0;0;
2004 49 1;629;25044920129;13;0;0;1;0;1;1;0;0;0;0;0;0;0;1;0;0;0;0;0;0;
2004 49 1;630;25044911174;13;1;0;0;0;0;0;0;0;0;0;0;0;0;1;0;0;0;0;0;0;
2004 49 1;631;25044910906;18;1;0;1;0;0;0;0;1;0;0;0;1;0;0;0;0;1;1;0;0;
2004 49 1;632;25044910804;18;0;1;0;0;1;0;0;0;1;0;0;1;1;0;0;1;1;0;0;0;
2004 49 1;633;25044910913;18;1;0;0;0;0;0;0;0;0;1;0;0;0;0;0;0;0;0;0;0;
2004 49 1;634;25044911275;18;1;0;1;0;0;1;0;0;0;0;0;0;0;0;0;0;1;0;0;0;
2004 49 1;635;25044920197;13;0;0;0;0;1;1;0;0;0;0;0;0;0;1;0;0;1;0;0;0;
2004 49 1;636;25044920488;13;0;0;1;0;0;0;0;0;0;0;0;1;0;1;0;0;0;0;0;0;
2004 49 1;637;25044911058;13;1;0;0;0;0;0;0;0;0;0;0;0;0;1;0;0;0;0;0;0;
2004 49 1;638;25044910109;13;1;0;1;0;1;1;0;0;0;0;0;0;0;1;0;0;0;0;0;0;
2004 49 1;639;25044910961;13;0;0;0;0;0;0;0;0;0;1;0;0;0;1;0;0;0;0;0;0;
2004 49 1;640;25044911289;18;1;0;1;1;0;1;0;1;1;0;0;1;0;0;0;1;1;1;0;0;
2004 49 1;641;25044911271;18;0;0;0;0;0;1;1;0;0;0;0;0;0;0;0;0;0;0;0;0;
2004 49 1;642;25044910887;18;1;0;1;0;0;0;0;0;0;0;0;0;0;0;0;0;0;1;0;0;
2004 49 1;643;25044910037;13;1;0;1;0;1;1;0;0;0;0;0;0;0;1;0;0;0;0;0;0;
2004 49 1;644;25044940720;13;0;0;0;0;0;1;0;0;0;0;0;0;0;1;0;0;0;0;0;0;
2004 49 1;645;25044910982;13;0;0;0;0;0;0;0;0;0;1;0;0;0;1;0;0;0;0;0;0;
2004 49 1;646;25044850096;1;1;1;1;1;1;1;0;0;1;0;0;1;0;0;0;0;1;0;1;0;
2004 49 1;647;25044910792;18;1;0;1;0;0;1;0;0;0;0;0;0;0;0;0;0;0;0;0;0;
2004 49 1;648;25044920465;13;0;0;0;0;0;0;0;0;0;0;0;0;1;1;0;0;0;0;0;0;
2004 49 1;649;25044910038;13;1;0;1;0;1;1;0;0;0;0;0;0;0;1;0;0;0;0;0;0;
2004 49 1;650;25044911282;18;1;0;1;1;0;1;0;1;1;0;0;1;0;0;0;1;1;1;0;0;
2004 49 1;651;25044910962;13;0;0;0;0;0;0;0;0;0;1;0;0;0;1;0;0;0;0;0;0;
2004 49 1;652;25044910339;13;1;0;1;0;1;1;0;0;0;0;0;0;0;1;0;0;0;0;0;0;
2004 49 1;653;25044911069;13;1;0;0;0;0;0;0;0;0;0;0;0;0;1;0;0;0;0;0;0;
2004 49 1;654;25045010242;18;0;0;1;1;0;1;0;0;0;0;0;0;0;0;0;0;1;0;0;0;
2004 49 1;655;25044911019;18;1;0;1;0;0;0;0;0;0;0;0;0;1;0;0;0;0;1;0;0;
2004 49 1;656;25044911251;18;1;0;0;0;0;0;0;0;0;0;0;0;0;0;0;0;0;0;0;0;
2004 49 1;657;25044810589;18;0;1;0;0;1;0;0;0;1;0;0;1;0;0;0;0;1;0;0;0;
2004 49 1;658;25044911300;18;1;0;1;1;0;1;0;0;0;0;0;0;0;0;0;0;1;0;0;0;
2004 49 1;659;25044911112;13;1;0;0;0;0;0;0;0;0;1;0;0;0;1;0;0;0;0;0;0;
2004 49 1;660;25044940682;13;0;0;0;0;0;1;0;0;0;0;0;0;0;1;0;0;0;0;0;0;
2004 49 1;661;25044910124;13;1;0;1;0;1;1;0;0;0;0;0;0;0;1;0;0;0;0;0;0;
2004 49 1;662;25044910907;18;1;0;1;0;0;0;0;1;0;0;0;1;0;0;0;0;1;1;0;0;
2004 49 1;663;25044920527;13;0;0;0;0;0;0;0;0;0;0;0;0;0;1;0;0;0;0;0;0;
2004 49 1;664;25044910328;13;1;0;1;0;1;1;0;0;0;0;0;0;0;1;0;0;0;0;0;0;
2004 49 1;665;25044911072;18;1;0;1;0;0;1;0;0;0;0;0;1;1;0;0;1;1;0;0;0;
2004 49 1;666;25044911241;18;0;0;0;0;0;0;0;0;0;0;0;0;0;0;0;0;0;0;0;0;
2004 49 1;667;25044910813;16;1;1;1;1;1;1;0;0;1;0;0;1;0;1;1;0;1;0;0;0;
2004 49 1;668;25044911272;18;0;0;0;0;0;1;1;0;0;0;0;0;0;0;0;0;0;0;0;0;
2004 49 1;669;25044910905;18;1;0;1;0;0;0;0;0;0;0;0;0;0;0;0;0;0;1;0;0;
2004 49 1;670;25044810068;18;1;0;0;0;0;0;0;0;0;1;0;0;0;0;0;0;0;0;0;0;
2004 49 1;671;25044920178;17;0;0;1;0;1;1;0;0;0;0;0;0;0;1;0;0;1;0;0;0;
2004 49 1;672;25044550243;18;1;0;0;0;0;0;0;0;0;0;0;0;0;0;0;0;0;0;0;0;
2004 49 1;673;25044911280;18;1;0;1;1;0;1;0;1;1;0;0;1;0;0;0;1;1;1;0;0;
2004 49 1;674;25044920216;13;0;0;1;0;1;1;0;0;0;0;0;0;0;1;0;0;0;0;0;0;
2004 49 1;675;25044920464;13;0;0;0;0;0;0;0;0;0;0;0;0;0;1;0;0;0;0;0;0;
2004 49 1;676;25044911266;18;1;0;1;0;0;1;0;0;0;0;0;1;0;0;0;0;1;0;0;0;
2004 49 1;677;25044910055;13;1;0;1;0;1;1;0;0;0;0;0;0;0;1;0;0;0;0;0;0;
2004 49 1;678;25044910762;18;0;0;0;0;0;0;0;0;0;0;0;0;1;0;0;0;1;0;0;0;
2004 49 1;679;25044911283;18;1;0;1;1;0;1;0;1;1;0;0;1;0;0;0;1;1;1;0;0;
2004 49 1;680;25044910095;13;1;0;1;0;1;1;0;0;0;0;0;0;0;1;0;0;0;0;0;0;
2004 49 1;681;25044850893;13;0;0;0;0;0;0;0;0;0;0;0;1;0;1;0;0;0;0;0;0;
2004 49 1;682;25044910323;13;1;0;1;0;1;1;0;0;0;0;0;0;0;1;0;0;0;0;0;0;
2004 49 1;683;25044911273;18;1;0;1;0;0;1;0;0;0;0;0;0;0;0;0;0;1;0;0;0;
2004 49 1;684;25044910912;18;0;0;0;0;0;0;0;0;0;1;0;1;0;0;0;0;0;0;0;0;
2004 49 1;685;25044910098;13;1;0;1;0;1;1;0;0;0;0;0;0;0;1;0;0;0;0;0;0;
2004 49 1;686;25044910888;18;1;0;1;0;0;0;0;0;0;0;0;0;0;0;0;0;0;1;0;0;
2004 49 1;687;25045010615;17;0;0;0;0;0;1;0;0;0;0;0;0;0;1;0;1;1;0;0;0;
2004 49 1;688;25044910278;13;1;0;1;0;1;1;0;0;0;0;0;0;0;1;0;0;0;0;0;0;
2004 49 1;689;25044810083;18;1;0;0;0;0;0;0;0;0;0;0;1;1;0;0;0;1;0;0;0;
2004 49 1;690;25044910972;18;0;0;0;0;0;0;0;0;0;1;0;0;0;0;0;0;0;0;0;0;
2004 49 1;691;25044911295;18;1;0;1;1;0;1;0;1;1;0;0;1;0;0;0;1;1;1;0;0;
2004 49 1;692;25044910361;13;1;0;1;0;1;1;0;0;0;0;0;0;0;1;0;0;0;0;0;0;
2004 49 1;693;25044920495;13;0;0;0;0;0;0;0;0;0;0;0;0;0;1;0;0;0;0;0;0;
2004 49 1;694;25044910845;13;1;0;0;0;0;0;0;0;0;0;0;1;1;1;0;0;0;0;0;0;
2004 49 1;695;25044920185;13;0;0;1;0;1;1;0;0;0;0;0;0;0;1;0;0;0;0;0;0;
2004 49 1;696;25044910980;18;0;0;0;0;0;0;1;0;0;1;0;0;0;0;0;0;0;0;0;0;
2004 49 1;697;25044911286;18;1;0;1;1;0;1;0;1;1;0;0;1;0;0;0;1;1;1;0;0;
2004 49 1;698;25044910110;13;1;0;1;0;1;1;0;0;0;0;0;0;0;1;0;0;0;0;0;0;
2004 49 1;699;25044910873;18;0;0;0;0;0;0;0;0;0;0;0;0;0;0;0;0;0;0;0;0;
2004 49 1;700;25044911302;18;0;0;1;0;0;1;0;0;0;0;0;0;0;0;0;0;1;0;0;0;
2004 49 1;701;25044910838;18;1;1;1;1;1;1;0;0;1;0;0;1;0;0;0;1;1;0;0;0;
2004 49 1;702;25044910966;18;0;0;0;0;0;0;0;0;0;1;0;0;0;0;0;0;0;0;0;0;
2004 49 1;703;25044910953;18;1;0;0;0;0;0;0;0;0;0;0;1;0;0;0;0;1;0;0;0;
2004 49 1;704;25044920097;13;0;0;1;0;1;1;0;0;0;0;0;0;0;1;0;0;0;0;0;0;
2004 49 1;705;25044911298;18;1;0;1;1;0;1;0;0;0;0;0;0;0;0;0;0;1;0;0;0;
2004 49 1;706;25044910995;18;1;0;0;0;0;0;0;0;0;0;0;1;0;0;0;0;0;0;0;0;
2004 49 1;707;25044940719;13;0;0;0;0;0;0;0;0;0;0;0;0;0;1;0;0;0;0;0;0;
2004 49 1;708;25044910258;13;1;0;1;0;1;1;0;0;0;0;0;0;0;1;0;0;0;0;0;0;
2004 49 1;709;25044911285;18;1;0;1;1;0;1;0;1;1;0;0;1;0;0;0;1;1;1;0;0;
2004 49 1;710;25044940636;13;0;0;0;0;0;0;0;0;0;0;0;0;0;1;0;0;0;0;0;0;
2004 49 1;711;25044910094;13;1;0;1;0;1;1;0;0;0;0;0;0;0;1;0;0;0;0;0;0;
2004 49 1;712;25044950450;17;1;0;1;0;0;1;0;0;0;0;0;1;0;1;0;1;1;0;0;0;
2004 49 1;713;25044910964;18;0;0;0;0;0;0;0;0;0;1;0;0;0;0;0;0;0;0;0;0;
2004 49 1;714;25044911276;18;1;0;1;1;0;1;0;0;0;0;0;1;0;0;0;0;1;0;0;0;
2004 49 1;715;25044920261;13;0;0;1;0;1;1;0;0;0;0;0;0;0;1;0;0;0;0;0;0;
2004 49 1;716;25044810040;18;1;0;0;0;0;0;0;0;0;0;0;0;0;0;0;0;1;0;0;0;
2004 49 1;717;25044911429;17;0;0;1;0;0;1;0;0;0;0;0;1;0;1;0;0;1;0;0;0;
2004 49 1;718;25044850520;13;1;0;0;0;1;0;0;0;0;0;0;0;1;1;0;0;0;0;0;0;
2004 49 1;719;25044911293;18;1;0;1;1;0;1;0;1;1;0;0;1;0;0;0;1;1;1;0;0;
2004 49 1;720;25044810045;18;0;0;0;0;0;0;0;0;0;0;0;0;0;0;0;0;0;0;0;0;
2004 49 1;721;25044850648;17;1;0;0;0;1;0;0;0;0;0;0;1;0;1;0;0;0;0;0;0;
2004 49 1;722;25044911448;17;0;0;1;0;0;1;1;0;0;0;0;0;0;1;0;0;1;0;0;0;
2004 49 1;723;25044911253;18;1;0;0;0;0;0;0;0;0;1;0;1;0;0;0;0;1;0;0;0;
2004 49 1;724;25044920262;13;0;0;1;0;1;1;0;0;0;0;0;0;0;1;0;0;0;0;0;0;
2004 49 1;725;25044911277;18;1;0;1;0;0;1;0;0;0;0;0;1;0;0;0;0;1;0;0;0;
2004 49 1;726;25044911248;13;1;0;0;0;0;0;0;0;0;0;0;0;0;1;0;0;0;0;0;0;
2004 49 1;727;25044920102;13;0;0;1;0;1;1;0;0;0;0;0;0;0;1;0;0;0;0;0;0;
2004 49 1;728;25044911294;18;1;0;1;1;0;1;0;1;1;0;0;1;0;0;0;1;1;1;0;0;
2004 49 1;729;25044940474;13;0;0;0;0;0;0;0;0;0;0;0;0;0;1;0;0;1;0;0;0;
2004 49 1;730;25044910294;13;1;0;1;0;1;1;0;0;0;0;0;0;0;1;0;0;0;0;0;0;
2004 49 1;731;25044850106;2;0;0;0;0;0;0;0;0;0;1;0;0;0;0;0;0;0;0;1;0;
2004 49 1;732;25044911257;18;1;0;0;0;0;0;0;0;0;0;0;1;0;0;0;0;0;0;0;0;
2004 49 1;733;25044910245;13;1;0;1;0;1;1;0;0;0;0;0;0;0;1;0;0;0;0;0;0;
2004 49 1;734;25044920586;13;0;0;0;0;0;0;0;0;0;0;0;0;1;1;0;0;0;0;0;0;
2004 49 1;735;25044911278;18;1;0;1;1;0;1;0;0;1;0;0;0;0;0;0;1;1;1;0;0;
2004 49 1;736;25044920069;13;0;0;1;0;1;1;0;0;0;0;0;0;0;1;0;0;0;0;0;0;
2004 49 1;737;25044911242;13;1;0;0;0;0;0;0;0;0;1;0;0;1;1;0;0;0;0;0;0;
2004 49 1;738;25044810049;18;0;0;0;0;0;0;0;0;0;0;0;1;0;0;0;0;0;0;0;0;
2004 49 1;739;25044920198;13;0;0;0;0;1;1;0;0;0;0;0;0;0;1;0;0;1;0;0;0;
2004 49 1;740;25044911299;18;1;0;1;0;0;1;0;0;0;0;0;1;0;0;0;0;1;0;0;0;
2004 49 1;741;25044911018;18;1;0;1;0;0;0;0;0;0;0;0;0;1;0;0;0;0;1;0;0;
2004 49 1;742;25044910728;18;0;0;0;0;0;0;0;0;0;0;0;0;0;0;0;0;0;0;0;0;
2004 49 1;743;25044910783;18;1;1;1;0;1;0;0;0;1;1;0;1;0;0;0;0;1;0;0;0;
2004 49 1;744;25044910697;18;0;0;0;0;0;0;0;0;0;0;0;0;0;0;0;0;0;0;0;0;
2004 49 1;745;25044911292;18;1;0;1;1;0;1;0;1;1;0;0;1;0;0;0;1;1;1;0;0;
2004 49 1;746;25044910146;13;1;0;1;0;1;1;0;0;0;0;0;0;0;1;0;0;0;0;0;0;
2004 49 1;747;25044940638;13;0;0;0;0;0;0;0;0;0;0;0;0;0;1;0;0;0;0;0;0;
2004 49 1;748;25044910923;18;1;0;1;0;0;1;0;0;0;0;0;1;0;0;0;0;1;0;0;0;
2004 49 1;749;25044911237;18;1;0;1;0;1;0;0;0;0;0;0;0;1;0;0;0;0;0;0;0;
2004 49 1;750;25044810452;18;0;0;0;0;0;0;1;0;0;1;0;0;0;0;0;0;0;0;0;0;
2004 49 1;751;25044910983;18;1;0;1;0;0;1;0;0;0;0;0;0;0;0;0;0;1;0;0;0;
2004 49 1;752;25044810038;18;1;0;0;0;0;0;0;0;0;0;0;1;0;0;0;0;1;0;0;0;
2004 49 1;753;25044920103;13;0;0;1;0;1;1;0;0;0;0;0;0;0;1;0;0;0;0;0;0;
2004 49 1;754;25044911291;18;1;0;1;1;0;1;0;1;1;0;0;1;0;0;0;1;1;1;0;0;
2004 49 1;755;25044910592;18;1;0;0;0;0;0;0;0;0;0;0;0;0;0;0;0;0;0;0;0;
2004 49 1;756;25044910794;18;0;1;0;0;1;0;0;0;1;1;0;1;0;0;0;0;1;0;0;0;
2004 49 1;757;25044910791;18;1;0;1;0;0;1;0;0;0;0;0;0;0;0;0;0;0;0;0;0;
2004 49 1;758;25044911267;18;1;0;1;1;0;1;0;0;0;0;0;1;0;0;0;0;1;0;0;0;
2004 49 1;759;25044940680;13;0;0;0;0;0;0;0;0;0;0;0;0;0;1;0;0;0;0;0;0;
2004 49 1;760;25044910032;13;1;0;1;0;1;1;0;0;0;0;0;0;0;1;0;0;0;0;0;0;
2004 49 1;761;25044910886;18;1;0;1;0;0;0;0;0;0;0;0;0;0;0;0;0;0;1;0;0;
2004 49 1;762;25044920358;13;0;0;0;0;0;0;0;0;0;0;0;0;1;1;0;0;0;0;0;0;
2004 49 1;763;25044910145;13;1;0;1;0;1;1;0;0;0;0;0;0;0;1;0;0;0;0;0;0;
2004 49 1;764;25044910996;18;1;0;1;1;0;1;0;1;0;0;0;1;0;0;0;0;1;0;0;0;
2004 49 1;765;25044810041;18;0;0;0;0;0;0;0;0;0;1;0;0;0;0;0;0;0;0;0;0;
2004 49 1;766;25044810418;18;0;1;0;0;1;0;0;0;1;0;0;1;0;0;0;0;1;0;0;0;
2004 49 1;767;25044911020;18;1;0;1;0;0;0;0;0;0;0;0;0;1;0;0;0;0;1;0;0;
2004 49 1;768;25044940501;13;0;0;0;0;0;0;0;0;0;0;0;0;0;1;0;0;0;0;0;0;
2004 49 1;769;25044910034;13;1;0;1;0;1;1;0;0;0;0;0;0;0;1;0;0;0;0;0;0;
2004 49 1;770;25044911297;18;1;0;1;1;0;1;0;0;0;0;0;1;0;0;0;0;1;0;0;0;
2004 49 1;771;25044920485;13;0;0;0;0;0;0;0;0;0;0;0;0;1;1;0;0;1;0;0;0;
2004 49 1;772;25044910108;13;1;0;1;0;1;1;0;0;0;0;0;0;0;1;0;0;0;0;0;0;
2004 49 1;773;25044910765;18;1;0;1;0;0;1;0;0;0;0;0;1;0;0;0;0;1;0;0;0;
2004 49 1;774;25044810091;18;0;0;0;0;0;0;0;0;0;1;0;0;0;0;0;0;0;0;0;0;
2004 49 1;775;25044911290;18;1;0;1;1;0;1;0;1;1;0;0;1;0;0;0;1;1;1;0;0;
2004 49 1;776;25044910341;13;1;0;1;0;1;1;0;0;0;0;0;0;0;1;0;0;0;0;0;0;
2004 49 1;777;25044940477;13;0;0;0;0;0;0;0;0;0;0;0;0;0;1;0;0;1;0;0;0;
2004 49 1;778;25044940657;13;0;0;0;0;0;0;0;0;0;0;0;0;0;1;0;0;0;0;0;0;
2004 49 1;779;25044910017;13;1;0;1;0;1;1;0;0;0;0;0;0;0;1;0;0;0;0;0;0;
2004 49 1;780;25044910885;18;1;0;1;0;0;0;0;0;0;0;0;0;0;0;0;0;0;1;0;0;
2004 49 1;781;25044810074;18;0;0;0;0;0;0;1;0;0;1;0;0;0;0;0;0;0;0;0;0;
2004 49 1;782;25044910777;18;1;1;1;1;1;1;0;0;1;0;0;1;0;0;0;0;1;0;0;0;
2004 49 1;783;25044940423;18;1;0;1;0;0;1;0;0;0;0;0;0;0;0;0;0;0;0;0;0;
2004 49 1;784;25044920573;13;0;0;0;0;0;0;0;0;0;0;0;0;1;1;0;0;0;0;0;0;
2004 49 1;785;25044910326;13;1;0;1;0;1;1;0;0;0;0;0;0;0;1;0;0;0;0;0;0;
2004 49 1;786;25044911284;18;1;0;1;1;0;1;0;1;1;0;0;1;0;0;0;1;1;1;0;0;
2004 49 1;787;25044940556;13;0;0;0;0;0;0;0;0;0;0;0;0;0;1;0;0;0;0;0;0;
2004 49 1;788;25044910144;13;1;0;1;0;1;1;0;0;0;0;0;0;0;1;0;0;0;0;0;0;
2004 49 1;789;25044911243;18;1;0;0;0;0;0;0;0;0;1;0;1;0;0;0;0;1;0;0;0;
2004 49 1;790;25044910696;18;0;0;0;0;0;0;0;0;0;0;0;0;0;0;0;0;0;0;0;0;
2004 49 1;791;25044911274;18;1;0;1;1;0;1;0;0;0;0;0;0;0;0;0;0;1;0;0;0;
2004 49 1;792;25044850154;13;0;1;0;0;1;0;0;0;1;0;0;1;1;1;0;0;1;0;0;0;
2004 49 1;793;25044910889;18;1;0;1;0;0;0;0;0;0;0;0;0;0;0;0;0;0;1;0;0;
2004 49 1;794;25045010629;17;0;0;1;0;0;1;0;0;0;0;0;1;0;1;0;0;1;0;0;0;
2004 49 1;795;25044940650;13;0;0;0;0;0;0;0;0;0;0;0;0;0;1;0;0;0;0;0;0;
2004 49 1;796;25044910257;13;1;0;1;0;1;1;0;0;0;0;0;0;0;1;0;0;0;0;0;0;
2004 49 1;797;25044910657;18;1;0;1;0;0;1;0;0;0;0;0;1;0;0;0;0;1;0;0;0;
2004 49 1;798;25044910871;18;0;0;0;0;0;0;0;0;0;1;0;0;0;0;0;0;0;0;0;0;
2004 49 1;799;25044910225;13;1;0;1;0;1;1;0;0;0;0;0;0;0;1;0;0;0;0;0;0;
2004 49 1;800;25044911281;18;1;0;1;1;0;1;0;1;1;0;0;1;0;0;0;1;1;1;0;0;
2004 49 1;801;25044940484;13;0;0;0;0;0;0;0;0;0;0;0;0;0;1;0;0;0;0;0;0;
2004 49 1;802;25044910296;13;1;0;1;0;1;1;0;0;0;0;0;0;0;1;0;0;0;0;0;0;
2004 49 1;803;25044950211;13;1;0;1;0;0;1;0;0;0;0;0;0;0;1;0;0;1;0;0;0;
2004 49 1;804;25044940483;13;0;0;0;0;0;0;0;0;0;0;0;0;0;1;0;0;0;0;0;0;
2004 49 1;805;25044910125;13;1;0;1;0;1;1;0;0;0;0;0;0;0;1;0;0;0;0;0;0;
2004 49 1;806;25044950208;13;1;0;1;0;0;1;0;0;0;0;0;0;0;1;0;0;1;0;0;0;
2004 49 1;807;25044940645;13;0;0;0;0;0;0;0;0;0;0;0;0;0;1;0;0;0;0;0;0;
2004 49 1;808;25044940200;19;1;1;1;1;1;1;0;0;1;0;0;1;0;0;1;0;1;0;0;1;
2004 49 1;809;25044840026;15;0;0;1;0;0;1;1;0;0;0;0;0;0;1;0;0;1;0;0;0;
2004 49 1;810;25044910864;13;0;0;0;0;0;0;0;0;0;1;0;0;0;1;0;0;0;0;0;0;
2004 49 1;811;25044910325;13;1;0;1;0;1;1;0;0;0;0;0;0;0;1;0;0;0;0;0;0;
2004 49 1;812;25044950198;13;1;0;1;0;0;1;0;0;0;0;0;0;0;1;0;0;1;0;0;0;
2004 49 1;813;25044850303;13;0;0;0;0;0;0;0;0;0;0;0;1;0;1;0;0;0;0;0;0;
2004 49 1;814;25044850521;13;1;0;0;0;1;0;0;0;0;0;0;0;1;1;0;0;0;0;0;0;
2004 49 1;815;25044850494;13;0;0;1;0;0;0;0;0;0;0;0;0;0;1;0;0;0;0;0;0;
2004 49 1;816;25044911306;11;1;0;0;0;0;1;0;0;0;0;0;0;0;0;0;0;1;0;0;0;
2004 49 1;817;25044850516;13;1;0;0;0;1;0;0;0;0;0;0;0;1;1;0;0;0;0;0;0;
2004 49 1;818;25044920382;13;0;0;0;0;0;0;0;0;0;1;0;0;0;1;0;0;0;0;0;0;
2004 49 1;819;25044910224;13;1;0;1;0;1;1;0;0;0;0;0;0;0;1;0;0;0;0;0;0;
2004 49 1;820;25044920574;13;0;0;0;0;0;0;0;0;0;0;0;0;1;1;0;0;0;0;0;0;
2004 49 1;821;25044950213;13;1;0;1;0;0;1;0;0;0;0;0;0;0;1;0;0;1;0;0;0;
2004 49 1;822;25044950133;13;0;1;1;1;1;1;0;0;1;0;0;1;0;1;1;0;1;0;0;0;
2004 49 1;823;25044940655;13;0;0;0;0;0;0;0;0;0;0;0;0;0;1;0;0;0;0;0;0;
2004 49 1;824;25044910595;11;1;0;0;0;0;1;0;0;0;0;0;0;0;0;0;0;1;0;0;0;
2004 49 1;825;25044910246;13;1;0;1;0;1;1;0;0;0;0;0;0;0;1;0;0;0;0;0;0;
2004 49 1;826;25044940644;13;0;0;0;0;0;0;0;0;0;0;0;0;0;1;0;0;0;0;0;0;
2004 49 1;827;25044911230;13;1;0;0;0;0;0;0;0;0;1;0;1;0;1;0;0;0;0;0;0;
2004 49 1;828;25044910180;13;1;0;1;0;1;1;0;0;0;0;0;0;0;1;0;0;0;0;0;0;
2004 49 1;829;25044940551;13;0;0;0;0;0;0;0;0;0;0;0;0;0;1;0;0;0;0;0;0;
2004 49 1;830;25044950402;13;1;0;1;0;0;1;0;0;0;0;0;1;0;1;0;1;1;0;0;0;
2004 49 1;831;25044910320;13;1;0;1;0;1;1;0;0;0;0;0;0;0;1;0;0;0;0;0;0;
2004 49 1;832;25044920575;13;0;0;0;0;0;0;0;0;0;0;0;0;1;1;0;0;0;0;0;0;
2004 49 1;833;25044950202;13;1;0;1;0;0;1;0;0;0;0;0;0;0;1;0;0;1;0;0;0;
2004 49 1;834;25044850097;1;1;1;1;1;1;1;0;0;1;0;0;1;0;0;0;0;1;0;1;0;
2004 49 1;835;25044920552;13;0;0;0;0;0;0;0;0;0;0;0;0;1;1;0;0;0;0;0;0;
2004 49 1;836;25044950196;13;1;0;1;0;0;1;0;0;0;0;0;0;0;1;0;0;1;0;0;0;
2004 49 1;837;25044910111;13;1;0;1;0;1;1;0;0;0;0;0;0;0;1;0;0;0;0;0;0;
2004 49 1;838;25044920546;13;0;0;0;0;0;0;0;0;0;1;0;0;0;1;0;0;0;0;0;0;
2004 49 1;839;25044950204;13;1;0;1;0;0;1;0;0;0;0;0;0;0;1;0;0;1;0;0;0;
2004 49 1;840;25044910254;13;1;0;1;0;1;1;0;0;0;0;0;0;0;1;0;0;0;0;0;0;
2004 49 1;841;25044940718;11;0;0;0;0;0;0;0;0;0;0;0;0;0;0;0;0;1;0;0;0;
2004 49 1;842;25044911445;15;1;0;1;1;0;1;0;1;0;0;0;1;0;1;0;1;1;0;0;0;
2004 49 1;843;25044910222;13;1;0;1;0;1;1;0;0;0;0;0;0;0;1;0;0;0;0;0;0;
2004 49 1;844;25044920582;13;0;0;0;0;0;0;0;0;0;0;0;0;1;1;0;0;0;0;0;0;
2004 49 1;845;25044940706;11;1;0;1;0;0;1;0;0;0;0;0;1;0;0;0;0;0;0;0;0;
2004 49 1;846;25044911236;13;1;0;0;0;0;0;0;0;0;1;0;0;0;1;0;0;0;0;0;0;
2004 49 1;847;25044920466;13;0;0;0;0;0;0;0;0;0;0;0;0;1;1;0;0;0;0;0;0;
2004 49 1;848;25044920242;13;1;1;1;0;1;1;0;0;1;0;0;1;0;1;0;0;1;0;0;0;
2004 49 1;849;25044911118;13;1;0;0;0;0;0;0;0;0;0;0;0;0;1;0;0;0;0;0;0;
2004 49 1;850;25044911440;13;0;0;1;0;0;1;1;0;0;0;0;0;0;1;0;0;1;0;0;0;
2004 49 1;851;25044910226;13;1;0;1;0;1;1;0;0;0;0;0;0;0;1;0;0;0;0;0;0;
2004 49 1;852;25044910991;13;0;0;0;0;0;0;0;0;0;1;0;0;1;1;0;0;0;0;0;0;
2004 49 1;853;25044911446;13;1;0;1;1;0;1;0;0;0;0;0;1;0;1;0;0;1;0;0;0;
2004 49 1;854;25044910237;11;1;0;1;0;1;1;0;0;0;0;0;0;0;0;0;0;1;0;0;0;
2004 49 1;855;25044911151;13;0;0;0;0;0;0;0;0;0;0;0;0;0;1;0;0;0;1;0;0;
2004 49 1;856;25044920590;13;1;0;0;0;0;0;0;0;0;0;0;0;0;1;0;0;0;0;0;0;
2004 49 1;857;25044910342;13;1;0;1;0;1;1;0;0;0;0;0;0;0;1;0;0;0;0;0;0;
2004 49 1;858;25044950454;13;0;0;1;0;0;1;0;0;0;0;0;0;0;1;0;0;1;0;0;0;
2004 49 1;859;25044911246;13;1;0;0;0;0;0;0;0;0;1;0;1;1;1;0;0;0;0;0;0;
2004 49 1;860;25044910244;13;1;0;1;0;1;1;0;0;0;0;0;0;0;1;0;0;0;0;0;0;
2004 49 1;861;25044910586;11;0;0;0;0;0;1;0;0;0;0;0;0;0;0;0;0;1;0;0;0;
2004 49 1;862;25044911044;13;0;0;1;0;0;0;0;0;0;0;0;0;0;1;0;0;0;1;0;0;
2004 49 1;863;25044911177;13;1;0;0;0;0;0;0;0;0;0;0;1;0;1;0;0;0;0;0;0;
2004 49 1;864;25044910059;13;1;0;1;0;1;1;0;0;0;0;0;0;0;1;0;0;0;0;0;0;
2004 49 1;865;25044920491;13;0;0;0;0;0;0;0;0;0;1;0;0;0;1;0;0;0;0;0;0;
2004 49 1;866;25044910176;13;1;0;1;0;1;1;0;0;0;0;0;0;0;1;0;0;0;0;0;0;
2004 49 1;867;25044540395;11;0;0;1;0;0;1;0;0;0;0;0;1;0;0;0;0;1;0;0;0;
2004 49 1;868;25044940658;13;0;0;0;0;0;0;0;0;0;0;0;0;0;1;0;0;0;0;0;0;
2004 49 1;869;25044910149;13;1;0;1;0;1;1;0;0;0;0;0;0;0;1;0;0;0;0;0;0;
2004 49 1;870;25044950312;13;0;0;1;0;0;1;0;0;0;0;0;1;0;1;0;0;1;0;0;0;
2004 49 1;871;25044920462;13;1;0;0;0;0;0;0;0;0;0;0;0;0;1;0;0;0;0;0;0;
2004 49 1;872;25044850127;13;1;1;0;0;1;0;0;0;1;0;0;1;1;1;0;0;1;0;0;0;
2004 49 1;873;25044940681;13;0;0;0;0;0;0;0;0;0;0;0;0;0;1;0;0;0;0;0;0;
2004 49 1;874;25044940487;13;0;0;0;0;0;0;0;0;0;0;0;0;0;1;0;0;0;0;0;0;
2004 49 1;875;25044920252;11;1;0;1;0;1;1;0;0;0;0;0;0;0;0;0;0;0;0;0;0;
2004 49 1;876;25044940528;13;0;0;0;0;0;0;0;0;0;0;0;0;1;1;0;0;0;0;0;0;
2004 49 1;877;25044950214;13;1;0;1;0;0;1;0;0;0;0;0;0;0;1;0;0;1;0;0;0;
2004 49 1;878;25044910177;13;1;0;1;0;1;1;0;0;0;0;0;0;0;1;0;0;0;0;0;0;
2004 49 1;879;25044940533;13;0;0;0;0;0;0;0;0;0;0;0;0;1;1;0;0;0;0;0;0;
2004 49 1;880;25044850006;13;1;0;1;0;0;1;0;0;0;0;0;1;0;1;0;0;1;0;0;0;
2004 49 1;881;25044940648;13;0;0;0;0;0;0;0;0;0;0;0;0;0;1;0;0;0;0;0;0;
2004 49 1;882;25044920243;13;1;1;1;0;1;1;0;0;1;0;0;1;0;1;0;0;1;0;0;0;
2004 49 1;883;25044910607;11;0;0;0;0;0;1;0;0;0;0;0;0;0;0;0;0;1;0;0;0;
2004 49 1;884;25044911066;13;1;0;0;0;0;0;0;0;0;1;0;0;0;1;0;0;0;0;0;0;
2004 49 1;885;25044920104;13;0;0;1;0;1;1;0;0;0;0;0;0;0;1;0;0;0;0;0;0;
2004 49 1;886;25044910559;13;0;0;0;0;0;1;0;0;0;0;0;0;0;1;0;0;1;0;0;0;
2004 49 1;887;25044940287;13;0;0;0;0;0;0;0;0;0;0;0;0;1;1;0;0;1;1;0;0;
2004 49 1;888;25044910327;13;1;0;1;0;1;1;0;0;0;0;0;0;0;1;0;0;0;0;0;0;
2004 49 1;889;25045010529;13;0;0;1;0;0;1;1;0;0;0;0;0;0;1;0;0;1;0;0;0;
2004 49 1;890;25044910990;13;0;0;0;0;0;0;0;0;0;1;0;0;1;1;0;0;0;0;0;0;
2004 49 1;891;25044910097;13;1;0;1;0;1;1;0;0;0;0;0;0;0;1;0;0;0;0;0;0;
2004 49 1;892;25044911310;11;1;0;1;1;0;1;0;0;0;0;0;0;0;0;0;0;1;0;0;0;
2004 49 1;893;25044940572;13;0;0;0;0;0;0;0;0;0;0;0;0;0;1;0;0;0;0;0;0;
2004 49 1;894;25044910039;13;1;0;1;0;1;1;0;0;0;0;0;0;0;1;0;0;0;0;0;0;
2004 49 1;895;25044920498;13;1;0;0;0;0;0;0;0;0;0;0;1;0;1;0;0;0;0;0;0;
2004 49 1;896;25044920472;13;0;0;0;0;0;0;0;0;0;1;0;0;0;1;0;0;0;0;0;0;
2004 49 1;897;25044940573;13;0;0;0;0;0;0;0;0;0;0;0;0;0;1;0;0;0;0;0;0;
2004 49 1;898;25044910260;11;1;0;1;0;1;1;0;0;0;0;0;0;0;0;0;0;1;0;0;0;
2004 49 1;899;25044950201;13;1;0;1;0;0;1;0;0;0;0;0;0;0;1;0;0;1;0;0;0;
2004 49 1;900;25044940621;13;0;0;0;0;0;0;0;0;0;0;0;0;0;1;0;0;0;0;0;0;
2004 49 1;901;25044940207;13;1;1;1;0;1;1;0;0;1;0;0;1;0;1;0;0;1;0;0;0;
2004 49 1;902;25044911326;13;1;0;0;0;0;1;0;0;0;0;0;0;0;1;0;0;0;0;0;0;
2004 49 1;903;25044910932;13;0;0;0;0;0;0;0;0;0;1;0;0;1;1;0;0;0;0;0;0;
2004 49 1;904;25044920166;11;0;0;1;0;1;1;0;0;0;0;0;0;0;0;0;0;0;0;0;0;
2004 49 1;905;25044950251;13;1;0;1;1;0;1;0;0;0;0;0;1;0;1;0;0;1;0;0;0;
2004 49 1;906;25044940527;13;0;0;0;0;0;0;0;0;0;0;0;0;1;1;0;0;0;0;0;0;
2004 49 1;907;25044920130;13;0;0;1;0;1;1;0;0;0;0;0;0;0;1;0;0;0;0;0;0;
2004 49 1;908;25044950209;13;1;0;1;0;0;1;0;0;0;0;0;0;0;1;0;0;1;0;0;0;
2004 49 1;909;25044911086;13;1;0;0;0;0;0;0;0;0;1;0;0;0;1;0;0;1;0;0;0;
2004 49 1;910;25044920101;13;0;0;1;0;1;1;0;0;0;0;0;0;0;1;0;0;0;0;0;0;
2004 49 1;911;25044920445;13;1;0;0;0;0;0;0;0;0;0;0;0;0;1;0;0;0;0;0;0;
2004 49 1;912;25044940340;11;0;0;0;0;0;0;0;0;0;0;0;1;1;0;0;0;1;0;0;0;
2004 49 1;913;25044910126;13;1;0;1;0;1;1;0;0;0;0;0;0;0;1;0;0;0;0;0;0;
2004 49 1;914;25044950210;13;1;0;1;0;0;1;0;0;0;0;0;0;0;1;0;0;1;0;0;0;
2004 49 1;915;25044920380;13;0;0;0;0;0;0;0;0;0;1;0;0;0;1;0;0;0;0;0;0;
2004 49 1;916;25044910123;13;1;0;1;0;1;1;0;0;0;0;0;0;0;1;0;0;0;0;0;0;
2004 49 1;917;25044950206;13;1;0;1;0;0;1;0;0;0;0;0;0;0;1;0;0;1;0;0;0;
2004 49 1;918;25044940529;13;0;0;0;0;0;0;0;0;0;0;0;0;0;1;0;0;0;0;0;0;
2004 49 1;919;25044950200;13;1;0;1;0;0;1;0;0;0;0;0;0;0;1;0;0;1;0;0;0;
2004 49 1;920;25044840137;1;1;1;1;1;1;1;0;0;1;0;0;1;0;0;0;0;1;0;1;0;
2004 49 1;921;25044940550;13;0;0;0;0;0;0;0;0;0;0;0;0;0;1;0;0;0;0;0;0;
2004 49 1;922;25045010523;13;0;0;1;0;0;1;1;0;0;0;0;0;1;1;0;1;1;0;0;0;
2004 49 1;923;25044911052;13;1;0;0;0;0;0;0;0;0;1;0;0;0;1;0;0;0;0;0;0;
2004 49 1;924;25044910340;13;1;0;1;0;1;1;0;0;0;0;0;0;0;1;0;0;0;0;0;0;
2004 49 1;925;25044911083;13;0;0;1;0;0;0;0;0;0;0;0;0;0;1;0;0;0;1;0;0;
2004 49 1;926;25044940476;13;0;0;0;0;0;0;0;0;0;0;0;0;0;1;0;0;1;0;0;0;
2004 49 1;927;25044950440;13;1;0;1;0;0;1;0;0;0;0;0;1;0;1;0;0;1;0;0;0;
2004 49 1;928;25044910277;13;1;0;1;0;1;1;0;0;0;0;0;0;0;1;0;0;0;0;0;0;
2004 49 1;929;25044940538;13;0;0;0;0;0;0;0;0;0;0;0;0;1;1;0;0;0;0;0;0;
2004 49 1;930;25044950621;13;1;0;0;0;0;1;0;0;0;0;0;0;0;1;0;0;0;0;0;0;
2004 49 1;931;25045010151;3;0;0;0;0;1;0;0;0;0;1;0;0;0;0;0;0;0;0;0;0;
2004 49 1;932;25044950266;17;1;0;1;0;0;1;0;0;0;0;0;0;0;1;0;0;1;0;0;0;
2004 49 1;933;25044920030;17;1;1;1;1;1;1;0;0;1;0;0;1;0;1;0;0;1;0;0;0;
2004 49 1;934;25044940624;13;0;0;0;0;0;0;0;0;0;0;0;0;0;1;0;0;0;0;0;0;
2004 49 1;935;25044911017;13;1;0;1;0;0;0;0;0;0;0;0;0;1;1;0;0;0;1;0;0;
2004 49 1;936;25044920139;13;1;0;1;0;1;1;0;0;0;0;0;0;0;1;0;0;0;0;0;0;
2004 49 1;937;25044940543;13;0;0;0;0;0;0;0;0;0;0;0;0;0;1;0;0;0;0;0;0;
2004 49 1;938;25044950273;13;1;0;1;1;0;1;0;0;0;0;0;1;0;1;0;0;1;0;0;0;
2004 49 1;939;25044920062;13;1;0;1;0;1;1;0;0;0;0;0;0;0;1;0;0;0;0;0;0;
2004 49 1;940;25044940561;13;0;0;0;0;0;0;0;0;0;0;0;0;0;1;0;0;0;0;0;0;
2004 49 1;941;25044910570;11;1;0;1;0;0;1;0;0;0;0;0;1;0;0;0;0;1;0;0;0;
2004 49 1;942;25044920112;13;1;0;1;0;1;1;0;0;0;0;0;0;0;1;0;0;0;0;0;0;
2004 49 1;943;25044940672;13;0;0;0;0;0;0;0;0;0;0;0;0;0;1;0;0;0;0;0;0;
2004 49 1;944;25044911057;13;0;0;1;0;0;0;0;0;0;0;0;0;0;1;0;0;0;1;0;0;
2004 49 1;945;25044920127;13;1;1;0;0;1;1;0;0;1;0;0;1;0;1;0;0;1;0;0;0;
2004 49 1;946;25044950199;13;1;0;1;0;0;1;0;0;0;0;0;0;0;1;0;0;1;0;0;0;
2004 49 1;947;25044920383;13;0;0;0;0;0;0;0;0;0;1;0;0;0;1;0;0;0;0;0;0;
2004 49 1;948;25044920249;13;1;0;1;0;1;1;0;0;0;0;0;0;0;1;0;0;0;0;0;0;
2004 49 1;949;25044911316;11;1;0;1;1;0;1;0;0;0;0;0;1;0;0;0;0;1;0;0;0;
2004 49 1;950;25044940489;13;0;0;0;0;0;0;0;0;0;0;0;0;0;1;0;0;0;0;0;0;
2004 49 1;951;25044920105;13;0;0;1;0;1;1;0;0;0;0;0;0;0;1;0;0;0;0;0;0;
2004 49 1;952;25044911430;13;1;0;0;0;0;0;0;0;0;0;0;0;0;1;0;0;1;0;0;0;
2004 49 1;953;25045020223;11;0;0;1;0;0;1;1;0;0;0;0;0;0;0;0;0;1;0;0;0;
2004 49 1;954;25044920180;13;1;0;1;0;1;1;0;0;0;0;0;0;0;1;0;0;0;0;0;0;
2004 49 1;955;25044911039;13;1;0;0;0;0;0;0;0;0;1;0;1;0;1;0;0;0;0;0;0;
2004 49 1;956;25044940615;13;0;0;0;0;0;0;0;0;0;0;0;0;0;1;0;0;0;0;0;0;
2004 49 1;957;25044920134;11;1;0;1;0;1;1;0;0;0;0;0;0;0;0;0;0;0;0;0;0;
2004 49 1;958;25044940256;13;0;0;0;0;0;0;0;0;0;0;0;0;1;1;0;0;0;0;0;0;
2004 49 1;959;25044920135;13;1;0;1;0;1;1;0;0;0;0;0;0;0;1;0;0;0;0;0;0;
2004 49 1;960;25044950248;13;1;0;1;1;0;1;0;0;0;0;0;0;0;1;0;0;1;0;0;0;
2004 49 1;961;25044940674;13;0;0;0;0;0;0;0;0;0;0;0;0;1;1;0;0;0;0;0;0;
2004 49 1;962;25044920107;13;1;0;1;0;1;1;0;0;0;0;0;0;0;1;0;0;0;0;0;0;
2004 49 1;963;25044920381;13;0;0;0;0;0;0;0;0;0;1;0;0;0;1;0;0;0;0;0;0;
2004 49 1;964;25044950219;13;1;0;1;0;0;1;0;0;0;0;0;0;0;1;0;0;1;0;0;0;
2004 49 1;965;25044920133;11;1;0;1;0;1;1;0;0;0;0;0;0;0;0;0;0;0;0;0;0;
2004 49 1;966;25044940651;13;0;0;0;0;0;0;0;0;0;0;0;0;0;1;0;0;0;0;0;0;
2004 49 1;967;25044920589;13;1;0;0;0;0;0;0;0;0;0;0;0;0;1;0;0;0;0;0;0;
2004 49 1;968;25044720139;13;1;1;0;0;1;0;0;0;1;0;0;1;1;1;0;0;1;0;0;0;
2004 49 1;969;25044911138;13;0;0;1;0;0;0;0;0;0;0;0;0;0;1;0;0;0;1;0;0;
2004 49 1;970;25044950217;13;1;0;1;0;0;1;0;0;0;0;0;0;0;1;0;0;1;0;0;0;
2004 49 1;971;25044850514;13;1;0;0;0;1;0;0;0;0;0;0;0;1;1;0;0;0;0;0;0;
2004 49 1;972;25044920385;13;0;0;0;0;0;0;0;0;0;1;0;0;0;1;0;0;0;0;0;0;
2004 49 1;973;25044940709;11;1;0;1;0;0;1;0;0;0;0;0;1;0;0;0;0;0;0;0;0;
2004 49 1;974;25044920122;13;1;0;1;0;1;1;0;0;0;0;0;0;0;1;0;0;0;0;0;0;
2004 49 1;975;25044940242;13;0;0;0;0;0;0;0;0;0;0;0;1;0;1;0;0;1;0;0;0;
2004 49 1;976;25044920350;13;1;0;0;0;0;0;0;0;0;0;0;0;0;1;0;0;0;0;0;0;
2004 49 1;977;25044920096;13;0;0;1;0;1;1;0;0;0;0;0;0;0;1;0;0;0;0;0;0;
2004 49 1;978;25045010331;13;0;0;1;0;0;1;0;0;0;0;0;0;1;1;0;0;1;0;0;0;
2004 49 1;979;25044940478;13;0;0;0;0;0;0;0;0;0;0;0;0;0;1;0;0;0;0;0;0;
2004 49 1;980;25044950388;13;1;0;1;0;0;1;0;0;0;0;0;1;0;1;0;0;1;0;0;0;
2004 49 1;981;25044920108;13;1;0;1;0;1;1;0;0;0;0;0;0;0;1;0;0;0;0;0;0;
2004 49 1;982;25044920490;13;0;0;0;0;0;0;0;0;0;1;0;0;0;1;0;0;0;0;0;0;
2004 49 1;983;25044911426;11;1;0;0;0;0;1;1;0;0;0;0;0;0;0;0;1;1;0;0;0;
2004 49 1;984;25044920209;13;0;0;1;0;1;1;0;0;0;0;0;0;0;1;0;0;0;0;0;0;
2004 49 1;985;25044940677;13;0;0;0;0;0;0;0;0;0;0;0;0;0;1;0;0;0;0;0;0;
2004 49 1;986;25044940473;13;0;0;0;0;0;0;0;0;0;0;0;0;0;1;0;0;1;0;0;0;
2004 49 1;987;25044920123;13;1;0;1;0;1;1;0;0;0;0;0;0;0;1;0;0;0;0;0;0;
2004 49 1;988;25044940669;13;0;0;0;0;0;0;0;0;0;0;0;0;0;1;0;0;0;0;0;0;
2004 49 1;989;25044920384;13;0;0;0;0;0;0;0;0;0;1;0;0;0;1;0;0;0;0;0;0;
2004 49 1;990;25044910800;9;0;1;1;1;1;1;0;0;1;0;0;1;0;0;0;0;1;0;1;0;
2004 49 1;991;25044950216;13;1;0;1;0;0;1;0;0;0;0;0;0;0;1;0;0;1;0;0;0;
2004 49 1;992;25044940492;13;0;0;0;0;0;0;0;0;0;0;0;0;0;1;0;0;0;0;0;0;
2004 49 1;993;25044920120;13;1;0;1;0;1;1;0;0;0;0;0;0;0;1;0;0;0;0;0;0;
2004 49 1;994;25044910605;13;0;0;0;0;0;1;0;0;0;0;0;0;0;1;0;0;1;0;0;0;
2004 49 1;995;25044850311;13;1;0;1;0;0;0;0;1;0;0;0;1;0;1;0;0;1;1;0;0;
2004 49 1;996;25044920061;13;1;0;1;0;1;1;0;0;0;0;0;0;0;1;0;0;0;0;0;0;
