Date;SeqRank;Ident;Paint Color;HPRC1;HPRC2;HPRC3;HPRC4;HPRC5;HPRC6;HPRC7;HPRC8;HPRC9;LPRC1;LPRC2;LPRC3;LPRC4;LPRC5;LPRC6;LPRC7;LPRC8;LPRC9;LPRC10;LPRC11;LPRC12;LPRC13;LPRC14;LPRC15;LPRC16;LPRC17;
2004 50 3;346;28045040504;9;1;0;0;0;0;0;0;0;0;0;0;0;0;1;0;0;1;0;0;0;0;0;0;0;1;0;
2004 50 3;347;28045020073;9;0;0;0;0;1;1;0;0;0;0;0;0;0;0;0;1;0;0;1;1;0;0;0;0;0;0;
2004 50 3;348;28045030309;9;0;0;0;1;0;0;0;0;0;0;0;0;0;1;0;0;0;0;0;1;0;1;0;0;1;0;
2004 50 3;349;28045030377;9;0;0;0;0;0;0;0;0;0;0;0;0;0;1;0;0;1;0;0;0;0;0;0;0;1;0;
2004 50 3;350;28045030096;9;0;0;0;0;0;0;0;0;0;1;0;0;0;1;0;0;0;0;0;1;0;0;0;0;1;0;
2004 50 3;351;28045030324;9;0;0;0;0;0;0;0;0;0;0;0;0;0;0;1;0;0;0;0;1;0;1;0;0;1;0;
2004 50 3;352;28045050170;9;1;0;0;0;0;0;0;0;0;0;1;0;0;1;0;0;0;0;0;1;0;1;1;0;1;0;
2004 50 3;353;28045020050;9;0;0;0;0;0;1;0;0;0;0;0;0;1;0;0;0;0;0;1;0;0;0;0;0;0;0;
2004 50 3;354;28045030385;9;0;0;0;0;0;0;0;0;0;0;0;0;0;1;0;0;1;0;0;0;0;0;0;0;1;0;
2004 50 3;355;28045020189;9;1;0;0;0;0;0;0;0;0;0;0;0;0;1;0;0;0;0;0;1;0;0;1;0;1;0;
2004 50 3;356;28045010069;9;0;0;0;0;0;0;0;0;0;0;0;0;0;0;0;1;1;0;0;0;0;1;0;0;1;0;
2004 50 3;357;28045030270;9;1;0;0;0;0;0;0;0;0;0;0;0;0;1;0;0;0;0;0;1;0;1;0;0;1;0;
2004 50 3;358;28045030306;9;0;0;0;0;0;0;0;0;0;0;0;0;0;0;0;0;0;1;0;1;0;0;0;0;1;0;
2004 50 3;359;28045030393;9;0;0;0;0;0;0;0;0;0;0;0;0;0;1;0;0;1;0;0;0;0;0;0;0;1;0;
2004 50 3;360;28045020058;9;1;0;0;0;0;1;0;0;0;0;0;0;1;0;0;0;0;0;1;1;0;0;0;0;0;0;
2004 50 3;361;28045030338;9;0;0;0;0;0;0;0;0;0;0;0;0;0;1;0;0;0;0;0;1;0;1;1;0;1;0;
2004 50 3;362;28050210073;9;0;0;0;0;0;0;0;0;0;1;0;0;0;1;0;1;1;0;0;1;0;0;0;0;1;0;
2004 50 3;363;28045040646;9;1;0;0;0;0;0;0;1;0;0;0;0;0;0;1;0;0;0;0;0;0;1;0;0;1;0;
2004 50 3;364;28045040417;9;0;0;0;1;0;0;1;0;0;0;0;1;0;1;0;0;1;0;0;1;0;0;0;0;1;0;
2004 50 3;365;28045030397;9;1;0;1;0;0;0;0;0;0;0;0;0;0;1;0;0;0;0;0;1;0;1;0;1;1;0;
2004 50 3;366;28045040121;9;0;1;0;0;0;0;0;0;0;0;0;0;1;0;0;0;0;0;1;1;0;0;0;0;0;0;
2004 50 3;367;28045030422;9;0;0;0;0;0;0;0;0;1;0;0;0;0;1;0;0;0;0;0;0;0;1;1;0;1;0;
2004 50 3;368;28045050185;9;1;0;0;0;0;0;0;0;0;0;1;0;0;1;0;0;1;0;0;1;0;0;0;0;1;0;
2004 50 3;369;28045030291;9;0;0;0;0;0;0;0;0;0;0;0;0;0;0;0;1;0;0;0;1;0;0;0;0;1;0;
2004 50 3;370;28045030240;9;0;0;0;0;0;0;0;0;0;0;0;0;0;1;0;0;1;0;0;0;0;0;0;0;1;0;
2004 50 3;371;28045030241;9;1;0;0;0;0;0;0;0;0;0;0;0;0;1;0;0;0;0;0;1;0;1;0;0;1;0;
2004 50 3;372;28045020028;9;0;0;0;0;1;1;0;0;0;0;0;0;0;0;0;0;0;0;1;1;0;0;0;0;0;0;
2004 50 3;373;28045040047;9;1;0;0;0;0;0;0;0;0;0;0;0;1;1;0;0;1;0;0;1;0;0;0;0;1;0;
2004 50 3;374;28045030367;9;0;0;0;1;0;0;0;0;0;0;0;0;0;0;0;0;0;1;0;0;0;0;0;0;1;0;
2004 50 3;375;28045030336;9;0;0;0;0;0;0;0;0;0;0;0;0;0;1;0;0;0;0;0;1;0;1;1;0;1;0;
2004 50 3;376;28045050173;9;1;0;0;0;0;0;0;0;0;0;1;0;0;1;0;0;0;0;0;1;0;1;0;0;1;0;
2004 50 3;377;28045030236;9;0;0;0;0;0;0;0;0;0;0;0;0;0;1;0;0;1;0;0;0;0;0;0;0;1;0;
2004 50 3;378;28044630180;9;1;0;0;0;0;1;0;0;0;1;0;0;0;0;0;1;0;0;1;1;0;0;0;0;0;0;
2004 50 3;379;28045040033;9;0;0;0;0;0;0;0;0;0;0;0;0;1;1;0;0;0;0;0;1;0;0;0;0;1;0;
2004 50 3;380;28045040516;9;1;0;0;0;0;0;0;1;0;0;0;0;0;0;1;0;0;0;0;1;0;1;0;0;1;0;
2004 50 3;381;28045030157;9;0;0;0;0;0;0;0;0;0;0;0;0;0;1;0;0;1;0;0;0;0;1;1;0;1;0;
2004 50 3;382;28045030242;9;1;0;0;0;0;0;0;0;0;0;0;0;0;1;0;0;0;0;0;1;0;0;0;0;1;0;
2004 50 3;383;28045030333;9;0;0;0;0;0;0;0;0;0;0;0;0;0;0;0;0;0;0;0;1;0;0;0;0;1;0;
2004 50 3;384;28045030082;9;1;0;0;1;0;0;0;0;0;0;0;0;0;1;0;0;1;0;0;1;0;0;0;0;1;0;
2004 50 3;385;28045010042;9;0;0;0;0;0;1;0;0;0;0;0;0;1;0;0;1;0;0;1;0;0;0;0;0;0;0;
2004 50 3;386;28045030246;9;1;0;0;0;0;0;0;0;0;0;0;0;0;1;0;0;0;0;0;1;0;1;0;0;1;0;
2004 50 3;387;28045030334;9;0;0;0;0;0;0;0;0;0;0;0;0;0;1;0;0;1;0;0;0;0;0;1;0;1;0;
2004 50 3;388;28045030383;9;0;0;0;0;0;0;0;0;0;0;0;0;0;0;0;0;0;0;0;0;0;0;0;0;1;0;
2004 50 3;389;28045050171;9;1;0;0;0;0;0;0;0;0;0;1;0;0;1;0;0;0;0;0;1;0;1;0;0;1;0;
2004 50 3;390;28045020081;9;0;0;0;0;0;0;0;0;0;1;0;0;0;0;1;0;1;0;0;1;0;1;0;0;1;0;
2004 50 3;391;28045010027;9;0;0;0;0;0;1;0;0;0;0;0;0;1;0;0;0;0;1;1;0;0;0;0;0;0;1;
2004 50 3;392;28045020150;9;1;0;0;0;0;0;0;0;0;0;0;0;0;1;0;0;0;0;0;1;0;0;1;0;1;0;
2004 50 3;393;28045030239;9;0;0;0;0;0;0;0;0;0;0;0;0;0;1;0;0;1;0;0;0;0;0;0;0;1;0;
2004 50 3;394;28045030228;9;0;0;0;0;0;0;0;0;0;0;0;0;0;1;0;1;0;0;0;1;0;1;0;0;1;0;
2004 50 3;395;28045030260;9;0;1;0;0;0;0;0;0;0;0;0;0;0;0;0;0;0;0;1;0;0;0;0;0;0;0;
2004 50 3;396;28045030331;9;1;0;0;1;0;0;0;0;0;0;0;0;0;1;0;0;1;0;0;1;0;1;0;0;1;0;
2004 50 3;397;28045030247;9;0;0;0;0;0;0;0;0;0;0;0;0;0;1;0;0;0;0;0;1;0;0;1;0;1;0;
2004 50 3;398;28045050190;9;1;0;0;0;0;0;0;0;0;0;1;0;0;1;0;0;0;0;0;1;0;1;0;0;1;0;
2004 50 3;399;28045020055;9;0;0;0;0;0;1;0;0;0;0;0;0;1;0;0;0;0;0;1;0;0;0;0;0;0;0;
2004 50 3;400;28045040414;9;0;0;0;0;0;0;1;0;0;0;0;1;0;1;0;0;0;0;0;1;0;0;0;0;1;0;
2004 50 3;401;28050210071;9;0;0;0;0;0;0;0;0;0;1;0;0;0;1;0;1;1;0;0;1;0;0;0;0;1;0;
2004 50 3;402;28045040551;9;1;0;0;0;0;0;0;1;0;0;0;0;0;0;1;0;0;0;0;0;0;1;0;0;1;0;
2004 50 3;403;28045030343;9;0;0;0;0;0;0;0;0;0;0;0;0;0;1;0;0;0;0;0;1;0;1;1;0;1;0;
2004 50 3;404;28045040483;9;0;0;0;0;0;0;0;0;0;0;0;0;0;1;0;0;1;0;0;0;0;0;0;0;1;0;
2004 50 3;405;28045040023;9;0;0;0;0;0;0;0;0;0;0;0;0;1;0;0;0;0;0;0;1;0;0;0;0;1;0;
2004 50 3;406;28045020139;9;1;0;0;0;1;1;0;0;0;0;0;0;0;0;0;0;0;0;1;1;0;0;0;0;0;0;
2004 50 3;407;28045030262;9;0;0;0;1;0;0;0;0;0;0;0;0;0;1;0;1;1;0;0;0;0;0;0;0;1;0;
2004 50 3;408;28045030250;9;0;0;0;0;0;0;0;0;0;0;0;0;0;0;0;0;0;1;0;0;0;1;0;0;1;0;
2004 50 3;409;28045050189;9;1;0;0;0;0;0;0;0;0;0;1;0;0;1;0;0;0;0;0;1;0;1;1;0;1;0;
2004 50 3;410;28045040480;9;0;0;0;0;0;0;0;0;0;0;0;0;0;1;0;0;1;0;0;0;0;0;0;0;1;0;
2004 50 3;411;28045030311;9;1;0;1;0;0;0;0;0;0;0;0;0;0;1;0;0;0;0;0;1;0;0;0;0;1;0;
2004 50 3;412;28045020031;9;0;0;0;0;0;1;0;0;0;0;0;0;1;0;0;0;0;0;1;1;0;0;0;0;0;0;
2004 50 3;413;28045040493;9;1;0;0;0;0;0;0;1;0;0;0;0;0;0;1;0;0;0;0;0;0;1;0;0;1;0;
2004 50 3;414;28050150011;9;0;0;0;0;0;0;0;0;0;1;0;0;0;1;0;1;1;0;0;1;0;0;0;0;1;0;
2004 50 3;415;28045030347;9;0;0;0;0;0;0;0;0;0;0;0;0;0;1;0;0;0;0;0;1;0;1;1;0;1;0;
2004 50 3;416;28045030266;9;1;0;0;0;0;0;0;0;0;0;0;0;0;1;0;0;0;0;0;1;0;0;0;0;1;0;
2004 50 3;417;28045010191;9;0;0;0;1;0;0;0;0;0;0;0;0;0;1;0;0;1;0;0;0;0;1;0;0;1;0;
2004 50 3;418;28045020065;9;0;0;0;0;0;1;0;0;0;0;0;0;1;0;0;0;0;0;1;1;0;0;0;0;0;0;
2004 50 3;419;28045050182;9;1;0;0;0;0;0;0;0;0;0;1;0;0;1;0;0;0;0;0;1;0;0;0;0;1;0;
2004 50 3;420;28045030275;9;0;0;0;0;0;0;0;0;0;0;0;0;0;1;0;1;1;0;0;1;0;0;0;0;1;0;
2004 50 3;421;28045030005;9;0;0;0;0;0;0;0;0;0;0;0;0;0;1;0;0;0;1;0;1;0;1;1;0;1;0;
2004 50 3;422;28045040533;9;1;0;0;0;0;0;0;1;0;0;0;0;0;0;1;0;0;0;0;0;0;1;0;0;1;0;
2004 50 3;423;28045030390;9;0;0;0;0;0;0;0;0;0;0;0;0;0;1;0;0;0;0;0;1;0;0;0;0;1;0;
2004 50 3;424;28045030263;9;1;0;0;0;0;0;0;0;0;0;0;0;0;1;0;0;0;0;0;1;0;0;0;0;1;0;
2004 50 3;425;28045010047;9;0;0;0;0;0;1;0;0;0;0;0;0;1;0;0;1;0;0;1;0;0;0;0;0;0;0;
2004 50 3;426;28045020149;9;1;0;0;0;0;0;0;0;0;1;0;0;0;1;0;0;1;0;0;1;0;0;0;0;1;0;
2004 50 3;427;28045050235;9;0;0;0;0;0;0;0;0;0;0;1;0;0;1;0;0;0;0;0;1;0;1;1;1;1;0;
2004 50 3;428;28045040415;9;1;0;0;1;0;0;1;0;0;0;0;1;0;1;0;0;0;0;0;1;0;0;0;0;1;0;
2004 50 3;429;28045010070;9;0;0;0;0;0;0;0;0;0;0;0;0;0;0;0;1;1;0;0;0;0;1;0;0;1;0;
2004 50 3;430;28045020151;9;1;0;0;0;0;0;0;0;0;0;0;0;0;1;0;0;0;0;0;1;0;0;0;0;1;0;
2004 50 3;431;28044950083;9;0;0;0;0;0;1;0;0;0;0;0;0;0;0;0;0;0;0;1;1;0;0;0;0;0;0;
2004 50 3;432;28045030029;9;1;0;0;0;0;0;0;0;0;0;0;0;1;1;0;0;0;0;0;1;0;0;1;0;1;0;
2004 50 3;433;28045030290;9;0;0;0;0;0;0;0;0;0;0;0;0;0;1;0;0;1;0;0;0;0;1;0;0;1;0;
2004 50 3;434;28045050186;9;1;0;0;0;0;0;0;1;0;0;1;0;0;0;1;0;0;0;0;1;0;1;0;0;1;0;
2004 50 3;435;28045030448;9;0;0;0;0;0;0;0;0;0;0;0;0;0;1;0;0;0;0;0;0;0;0;0;0;1;0;
2004 50 3;436;28050210072;9;0;0;0;0;0;0;0;0;0;1;0;0;0;1;0;1;1;0;0;1;0;0;0;0;1;0;
2004 50 3;437;28045040028;9;0;1;0;0;0;0;0;0;0;0;0;0;1;0;0;0;0;1;1;1;0;0;0;0;0;0;
2004 50 3;438;28045030274;9;0;0;0;0;0;0;0;0;0;0;0;0;0;1;0;0;0;0;0;1;0;1;1;0;1;0;
2004 50 3;439;28045030196;9;0;0;0;1;0;0;0;0;0;0;0;0;0;1;0;0;1;0;0;0;0;1;0;0;1;0;
2004 50 3;440;28045050168;9;1;0;0;0;0;0;0;0;0;0;1;0;0;1;0;0;0;0;0;1;0;0;0;0;1;0;
2004 50 3;441;28045020127;9;0;0;0;0;1;1;0;0;0;0;0;0;0;0;0;0;0;0;1;0;0;0;0;0;0;1;
2004 50 3;442;28045050029;9;1;0;0;0;0;0;0;0;0;0;0;0;1;1;0;0;1;0;0;1;0;0;0;0;1;0;
2004 50 3;443;28045050053;9;1;0;0;0;0;0;0;0;0;0;0;0;1;1;0;0;1;0;0;1;0;0;0;0;1;0;
2004 50 3;444;28045040079;9;0;0;0;0;0;0;0;0;0;0;0;0;1;1;0;0;0;0;0;1;0;0;0;0;1;0;
2004 50 3;445;28045040046;9;1;0;0;0;0;0;0;0;0;0;0;0;1;1;0;0;0;0;0;1;0;0;0;0;1;0;
2004 50 3;446;28045050041;9;0;0;1;0;0;0;0;0;0;0;0;0;1;0;0;0;1;0;0;1;0;1;0;0;1;0;
2004 50 3;447;28045050065;9;1;0;0;0;0;0;0;0;0;0;0;0;1;1;0;0;0;0;0;1;0;0;0;0;1;0;
2004 50 3;448;28045050023;9;0;0;0;0;0;0;0;0;0;0;0;0;1;1;0;0;0;0;0;1;0;0;0;0;1;0;
2004 50 3;449;28045050046;9;1;0;0;0;0;0;0;0;0;0;0;0;1;1;0;0;1;0;0;1;0;0;0;0;1;0;
2004 50 3;450;28045050073;9;0;0;0;0;0;0;0;0;0;0;0;0;1;1;0;0;0;0;0;1;0;0;0;0;1;0;
2004 50 3;451;28045050058;9;1;0;0;0;0;0;0;0;0;0;0;0;1;1;0;0;0;0;0;1;0;0;0;0;1;0;
2004 50 3;452;28045050025;9;0;0;0;0;0;0;0;0;0;0;0;0;1;1;0;0;1;0;0;1;0;0;0;0;1;0;
2004 50 3;453;28045050064;9;1;0;0;0;0;0;0;0;0;0;0;0;1;1;0;0;0;0;0;1;0;0;0;0;1;0;
2004 50 3;454;28045050057;9;1;0;0;0;0;0;0;0;0;0;0;0;1;1;0;0;0;0;0;1;0;0;0;0;1;0;
2004 50 3;455;28045050024;9;0;0;0;0;0;0;0;0;0;0;0;0;1;1;0;0;1;0;0;1;0;0;0;0;1;0;
2004 50 3;456;28045050056;9;1;0;0;0;0;0;0;0;0;0;0;0;1;1;0;0;0;0;0;1;0;0;0;0;1;0;
2004 50 3;457;28045040086;9;0;0;0;0;0;0;0;0;0;0;0;0;1;1;0;0;1;0;0;0;0;0;0;0;1;0;
2004 50 3;458;28045050011;9;1;0;0;0;0;0;0;0;0;0;0;0;1;1;0;0;0;1;0;1;0;0;0;0;1;0;
2004 50 3;459;28045050030;9;0;0;0;0;0;0;0;0;0;0;0;0;1;1;0;0;0;0;0;1;0;0;0;0;1;0;
2004 50 3;460;28045050076;9;1;0;0;0;0;0;0;0;0;0;0;0;1;1;0;0;1;0;0;1;0;0;0;0;1;0;
2004 50 3;461;28045050055;9;1;0;0;0;0;0;0;0;0;0;0;0;1;1;0;0;0;0;0;1;0;0;0;0;1;0;
2004 50 3;462;28045110057;9;0;0;0;0;0;0;0;0;0;0;0;0;1;1;0;0;0;0;0;1;0;0;0;0;1;0;
2004 50 3;463;28045050077;9;1;0;0;0;0;0;0;0;0;0;0;0;1;1;0;0;1;0;0;1;0;0;0;0;1;0;
2004 50 3;464;28045050074;9;1;0;0;0;0;0;0;0;0;0;0;0;1;1;0;0;0;0;0;1;1;0;0;0;1;0;
2004 50 3;465;28045110072;9;0;0;1;0;0;0;0;0;0;0;0;0;1;0;0;0;1;0;0;1;0;1;0;0;1;0;
2004 50 3;466;28045050063;9;1;0;0;0;0;0;0;0;0;0;0;0;1;1;0;0;0;0;0;1;0;0;0;0;1;0;
2004 50 3;467;28045050019;9;1;0;0;0;0;0;0;0;0;0;0;0;1;1;0;0;0;0;0;1;0;0;0;0;1;0;
2004 50 3;468;28045050054;9;1;0;0;0;0;0;0;0;0;0;0;0;1;1;0;0;1;0;0;1;0;0;0;0;1;0;
2004 50 3;469;28045050017;9;1;0;0;0;0;0;0;0;0;0;0;0;1;1;0;0;0;0;0;1;0;0;0;0;1;0;
2004 50 3;470;28045050018;9;1;0;0;0;0;0;0;0;0;0;0;0;1;1;0;0;0;0;0;1;0;0;0;0;1;0;
2004 50 3;471;28045050052;9;1;0;0;0;0;0;0;0;0;0;0;0;1;1;0;0;1;0;0;1;0;0;0;0;1;0;
2004 50 3;472;28045050066;9;0;0;0;0;0;0;0;0;0;0;0;0;1;1;0;0;1;0;0;0;0;0;0;0;1;0;
2004 50 3;473;28045050020;9;1;0;0;0;0;0;0;0;0;0;0;0;1;1;0;0;0;0;0;1;0;0;0;0;1;0;
2004 50 3;474;28045050078;9;0;0;0;0;0;0;0;0;0;0;0;0;1;0;0;0;0;0;0;1;0;0;0;0;1;0;
2004 50 3;475;28045050075;9;1;0;0;0;0;0;0;0;0;0;0;0;1;1;0;0;1;0;0;1;1;0;1;0;1;0;
2004 50 3;476;28045050042;9;0;0;0;0;0;0;0;0;0;0;0;0;1;1;0;0;0;0;0;1;0;1;0;0;1;0;
2004 50 3;477;28045050010;9;1;0;0;0;0;0;0;0;0;0;0;0;1;1;0;0;1;0;0;1;0;0;0;0;1;0;
2004 50 3;478;28045050012;9;1;0;0;0;0;0;0;0;0;0;0;0;1;1;0;0;0;1;0;1;0;0;0;0;1;0;
2004 50 3;479;28045050021;9;1;0;0;0;0;0;0;0;0;0;0;0;1;1;0;0;0;0;0;1;0;0;0;0;1;0;
2004 50 3;480;28045110037;8;1;0;0;0;0;0;0;0;0;0;0;0;1;1;0;0;1;0;0;1;0;1;0;0;1;0;
2004 50 4;1;28045020134;15;0;0;0;1;0;0;0;0;0;0;0;0;0;1;0;0;1;0;0;1;0;1;0;0;1;0;
2004 50 4;2;28045040402;8;1;0;0;0;0;1;0;0;0;0;0;0;0;0;0;0;0;0;1;0;0;0;0;0;0;0;
2004 50 4;3;28045040639;8;0;0;0;0;0;0;0;0;0;0;0;0;0;1;0;0;0;0;0;1;0;1;1;0;1;0;
2004 50 4;4;28045040638;8;1;0;0;0;0;0;0;0;0;0;0;0;0;1;0;0;1;0;0;0;0;0;0;0;1;0;
2004 50 4;5;28045040633;8;0;0;0;0;0;0;0;0;0;0;0;0;0;0;0;0;0;1;0;1;0;0;0;0;1;0;
2004 50 4;6;28045040604;8;1;0;0;0;0;0;0;0;0;0;0;0;0;1;0;0;0;0;0;1;0;0;0;0;1;0;
2004 50 4;7;28045030094;8;0;0;0;0;0;0;0;0;0;1;0;0;0;0;1;0;1;0;0;1;0;1;0;0;1;0;
2004 50 4;8;28045010044;8;0;0;0;0;0;1;0;0;0;0;0;0;1;0;0;1;0;0;1;0;0;0;0;0;0;0;
2004 50 4;9;28045040612;8;1;0;0;0;0;0;0;0;0;0;0;0;0;1;0;0;0;0;0;1;0;0;0;0;1;0;
2004 50 4;10;28045040550;8;0;0;0;0;0;0;0;0;0;0;0;0;0;0;0;0;1;0;0;1;0;0;0;0;1;0;
2004 50 4;11;28045040520;14;1;0;0;0;0;0;0;0;0;0;0;0;0;1;0;0;0;0;0;1;0;1;1;0;1;0;
2004 50 4;12;28045040549;8;0;0;0;1;0;0;0;0;0;0;0;0;0;1;0;0;0;0;0;0;0;0;0;0;1;0;
2004 50 4;13;28045040247;8;1;0;0;0;1;1;0;0;0;0;0;0;0;0;0;0;0;0;1;1;0;0;0;0;0;1;
2004 50 4;14;28045040591;8;0;0;0;0;0;0;0;0;0;0;0;0;0;0;0;0;1;0;0;1;0;0;0;0;1;0;
2004 50 4;15;28045040291;8;0;0;0;0;0;0;0;0;0;0;0;0;0;1;0;0;0;0;0;0;0;0;0;0;1;0;
2004 50 4;16;28045040651;8;1;0;0;0;0;0;0;0;0;0;0;0;0;1;0;0;0;0;0;1;0;1;0;0;1;0;
2004 50 4;17;28045040542;8;0;0;0;0;0;0;0;0;0;0;0;0;0;1;0;0;1;0;0;1;0;0;0;0;1;0;
2004 50 4;18;28045010158;15;1;0;0;0;0;1;0;0;0;0;0;0;0;0;0;0;0;0;1;1;0;0;0;0;0;0;
2004 50 4;19;28045040501;8;0;0;0;0;0;0;0;0;0;0;0;0;0;1;0;0;0;0;0;0;0;0;0;0;1;0;
2004 50 4;20;28045030258;15;0;0;0;0;0;0;0;0;0;0;0;0;0;0;1;0;1;0;0;1;0;1;0;0;1;0;
2004 50 4;21;28045030152;15;1;0;0;0;0;0;1;0;0;0;0;0;0;1;0;0;0;0;0;1;0;0;1;0;1;0;
2004 50 4;22;28045040599;8;0;0;0;1;0;0;0;0;0;0;0;0;0;0;0;0;1;0;0;1;0;0;0;0;1;0;
2004 50 4;23;28045040647;8;1;0;0;0;0;0;0;0;0;0;0;0;0;1;0;0;0;0;0;0;0;0;0;0;1;0;
2004 50 4;24;28045030036;8;0;0;0;0;0;1;0;0;0;0;0;0;1;0;0;0;0;0;1;1;0;0;0;0;0;0;
2004 50 4;25;28045040617;8;1;0;0;0;0;0;0;0;0;0;0;0;0;1;0;0;0;0;0;1;0;0;0;0;1;0;
2004 50 4;26;28045040625;8;0;0;0;0;0;0;0;0;0;0;0;0;0;0;0;0;0;1;0;1;0;0;0;0;1;0;
2004 50 4;27;28045240046;8;1;0;1;0;0;0;0;0;0;1;0;0;0;1;0;1;1;0;0;1;0;1;0;0;1;0;
2004 50 4;28;28045040490;8;0;0;0;0;0;0;0;0;0;0;0;0;0;1;0;0;0;0;0;0;0;0;0;0;1;0;
2004 50 4;29;28045040594;8;0;0;0;0;0;0;0;0;0;0;0;0;0;0;0;0;1;0;0;1;0;0;0;0;1;0;
2004 50 4;30;28045010188;8;0;0;0;0;0;1;0;0;0;0;0;0;0;0;0;0;0;0;1;1;0;0;0;0;0;0;
2004 50 4;31;28045040614;8;1;0;0;0;0;0;0;0;0;0;0;0;0;1;0;0;0;0;0;1;0;0;0;0;1;0;
2004 50 4;32;28045020173;8;0;0;0;0;0;0;0;1;0;0;0;0;0;0;1;0;0;0;0;0;0;1;0;0;1;0;
2004 50 4;33;28045040666;8;1;0;0;1;0;0;0;0;0;0;0;0;0;1;0;0;1;0;0;1;0;0;0;0;1;0;
2004 50 4;34;28045020144;8;0;0;0;0;0;0;0;0;0;0;0;0;0;1;0;0;0;0;0;1;0;1;1;0;1;0;
2004 50 4;35;28045030015;9;0;0;0;0;1;1;0;0;0;0;0;0;0;0;0;0;0;0;1;0;0;0;0;0;0;0;
2004 50 4;36;28045040566;8;1;1;0;0;0;0;0;0;0;0;0;0;0;0;0;0;0;0;1;1;0;0;0;0;0;0;
2004 50 4;37;28045040563;8;0;0;0;0;0;0;0;0;0;0;0;0;0;1;0;0;0;0;0;1;0;0;0;0;1;0;
2004 50 4;38;28045040657;8;1;0;0;0;0;0;0;0;0;0;0;0;0;1;0;0;1;0;0;1;0;1;0;0;1;0;
2004 50 4;39;28045040582;8;0;0;0;0;0;0;0;0;0;0;0;0;0;0;0;0;0;0;0;1;0;0;0;0;1;0;
2004 50 4;40;28045040644;8;1;0;0;0;0;0;0;0;0;0;0;0;0;1;0;0;1;0;0;0;0;0;0;0;1;0;
2004 50 4;41;28045030028;8;0;0;0;0;0;1;0;0;0;0;0;0;1;0;0;0;0;0;1;1;0;0;0;0;0;0;
2004 50 4;42;28045040661;8;1;0;0;0;0;0;0;0;0;0;0;0;0;1;0;0;0;0;0;1;0;0;0;0;1;0;
2004 50 4;43;28045040459;1;0;0;1;1;0;0;0;0;0;1;0;0;0;0;0;0;1;0;0;1;0;1;0;0;1;0;
2004 50 4;44;28045040659;8;1;0;0;0;0;0;0;0;0;0;0;0;0;1;0;0;0;0;0;0;0;0;0;0;1;0;
2004 50 4;45;28045030095;15;0;0;0;0;0;0;0;0;0;0;0;0;0;0;1;1;1;0;0;1;0;1;0;0;1;0;
2004 50 4;46;28045040535;8;1;0;0;0;0;0;0;0;0;0;0;0;0;1;0;0;0;0;0;1;0;0;0;0;1;0;
2004 50 4;47;28045010187;8;0;0;0;0;0;1;0;0;0;0;0;0;0;0;0;0;0;0;1;0;0;0;0;0;0;0;
2004 50 4;48;28045040621;8;1;0;0;0;0;0;0;0;0;0;0;0;0;1;0;0;1;0;0;1;0;0;0;0;1;0;
2004 50 4;49;28045040139;8;0;0;0;0;0;0;1;0;0;0;0;0;0;0;0;0;0;1;0;1;0;0;1;0;1;0;
2004 50 4;50;28045040544;8;1;0;0;0;0;0;0;0;0;0;0;0;0;1;0;0;0;0;0;1;0;0;0;0;1;0;
2004 50 4;51;28045040515;10;0;0;0;0;0;0;0;0;0;0;0;0;0;1;0;0;0;0;0;0;0;1;1;1;1;0;
2004 50 4;52;28045030073;6;0;0;0;0;0;1;0;0;0;0;0;0;1;0;0;0;0;0;1;1;0;0;0;0;0;0;
2004 50 4;53;28045030125;8;1;0;0;1;0;0;0;0;0;0;0;0;0;1;0;0;1;0;0;1;0;0;0;0;1;0;
2004 50 4;54;28045040590;8;0;0;0;0;0;0;0;0;0;0;0;0;0;0;0;0;0;0;0;1;0;0;0;0;1;0;
2004 50 4;55;28045040032;4;1;0;0;0;1;1;0;0;0;0;0;0;0;0;0;0;0;0;1;0;0;0;0;0;0;1;
2004 50 4;56;28045040570;8;0;0;0;0;0;0;0;0;0;0;0;0;0;1;0;0;0;0;0;1;0;0;0;0;1;0;
2004 50 4;57;28045040431;15;0;0;0;0;0;0;0;0;0;1;0;0;0;0;1;0;1;0;0;1;0;1;0;0;1;0;
2004 50 4;58;28045040613;8;1;0;0;0;0;0;0;0;0;0;0;0;0;1;0;0;0;0;0;1;0;0;0;0;1;0;
2004 50 4;59;28045040457;1;0;0;0;0;0;1;0;0;0;0;0;0;0;0;0;0;0;0;1;1;0;0;0;0;0;0;
2004 50 4;60;28045040559;8;0;0;0;0;0;0;0;0;0;0;0;0;0;1;0;0;1;0;0;0;0;0;0;0;1;0;
2004 50 4;61;28045020169;8;1;1;0;0;0;0;0;0;0;0;0;0;0;0;0;0;0;0;1;1;0;0;0;0;0;0;
2004 50 4;62;28045020135;8;0;0;0;0;0;0;0;0;0;0;0;0;0;1;0;0;0;0;0;1;0;1;1;0;1;0;
2004 50 4;63;28045040598;8;0;0;0;1;0;0;0;0;0;0;0;0;0;0;0;0;1;0;0;1;0;0;0;0;1;0;
2004 50 4;64;28045040616;8;1;0;0;0;0;0;0;0;0;0;0;0;0;1;0;0;0;0;0;1;0;0;0;0;1;0;
2004 50 4;65;28045010046;8;0;0;0;0;0;1;0;0;0;0;0;0;1;0;0;1;0;0;1;0;0;0;0;0;0;0;
2004 50 4;66;28045040658;8;1;0;0;0;0;0;0;0;0;0;0;0;0;1;0;0;1;0;0;1;0;0;0;0;1;0;
2004 50 4;67;28045040650;8;0;0;0;0;0;0;0;0;0;0;0;0;0;0;0;0;0;0;0;1;0;0;0;0;1;0;
2004 50 4;68;28045040662;14;1;0;0;0;0;0;0;0;0;0;0;0;0;1;0;0;0;0;0;1;0;0;0;0;1;0;
2004 50 4;69;28045030091;15;0;0;0;0;0;0;0;0;0;0;0;0;0;0;1;0;1;0;0;1;0;1;0;0;1;0;
2004 50 4;70;28045040606;8;1;0;0;0;0;0;0;0;0;0;0;0;0;1;0;0;0;0;0;1;0;0;0;0;1;0;
2004 50 4;71;28044930003;8;0;0;0;0;0;1;0;0;0;0;0;0;0;0;0;0;0;1;1;0;0;0;0;0;0;0;
2004 50 4;72;28045040541;8;0;0;0;0;0;0;0;0;0;0;0;0;0;1;0;0;0;0;0;1;0;0;0;0;1;0;
2004 50 4;73;28045040640;8;1;0;0;1;0;0;0;0;0;0;0;0;0;1;0;0;1;0;0;0;0;0;0;0;1;0;
2004 50 4;74;28045040137;8;0;0;0;0;0;0;1;0;0;0;0;0;0;0;0;0;1;0;0;1;0;0;1;0;1;0;
2004 50 4;75;28045040653;8;1;0;0;0;0;0;0;0;0;0;0;0;0;1;0;0;0;0;0;1;0;1;0;0;1;0;
2004 50 4;76;28045040576;8;0;0;0;0;0;0;0;0;0;0;0;0;0;0;0;0;0;0;0;1;0;0;0;0;1;0;
2004 50 4;77;28045040092;8;0;0;0;0;1;1;0;0;0;0;0;0;0;0;0;1;0;0;1;0;0;0;0;0;0;0;
2004 50 4;78;28045040569;8;0;0;0;0;0;0;0;0;0;0;0;0;0;1;0;0;0;0;0;1;0;0;0;0;1;0;
2004 50 4;79;28045030105;8;1;0;0;0;0;0;0;0;0;1;0;0;0;1;0;0;1;0;0;1;0;1;0;0;1;0;
2004 50 4;80;28045040513;14;0;0;0;0;0;0;0;0;0;0;0;0;0;1;0;0;0;0;0;0;0;0;0;0;1;0;
2004 50 4;81;28045020056;8;1;0;0;0;0;1;0;0;0;0;0;0;1;0;0;0;0;0;1;1;1;0;0;0;0;0;
2004 50 4;82;28045040597;8;0;0;0;0;0;0;0;0;0;0;0;0;0;0;0;0;1;0;0;1;0;0;0;0;1;0;
2004 50 4;83;28045040554;8;1;0;0;1;0;0;0;0;0;0;0;0;0;1;0;0;0;0;0;0;0;0;0;0;1;0;
2004 50 4;84;28045040548;8;0;0;0;0;0;0;0;0;0;0;0;0;0;1;0;0;0;0;0;1;0;0;0;0;1;0;
2004 50 4;85;28045030150;8;0;0;0;0;0;0;0;0;0;0;0;0;0;0;0;0;1;0;0;1;0;0;1;0;1;0;
2004 50 4;86;28045020168;8;1;0;0;0;0;1;0;0;0;0;0;0;0;0;0;0;0;0;1;1;0;0;0;0;0;0;
2004 50 4;87;28045040511;14;0;0;0;0;0;0;0;0;0;0;0;0;0;1;0;0;0;0;0;0;0;0;0;0;1;0;
2004 50 4;88;28045040572;8;0;0;0;0;0;0;0;0;0;0;0;0;0;1;0;0;0;1;0;1;0;0;0;0;1;0;
2004 50 4;89;28045040503;8;1;0;0;0;0;0;0;0;0;0;0;0;0;1;0;0;1;0;0;1;0;0;0;0;1;0;
2004 50 4;90;28045040482;8;0;0;0;0;0;0;0;1;0;0;0;0;0;0;1;0;0;0;0;0;0;1;0;0;1;0;
2004 50 4;91;28045040619;8;1;0;0;0;0;0;0;0;0;0;0;0;0;1;0;0;0;0;0;1;0;0;0;0;1;0;
2004 50 4;92;28045030068;5;0;0;0;0;0;1;0;0;0;0;0;0;1;0;0;0;0;0;1;1;0;0;0;0;0;0;
2004 50 4;93;28045040601;8;0;0;0;1;0;0;0;0;0;0;0;0;0;0;0;0;1;0;0;1;0;0;0;0;1;0;
2004 50 4;94;28045040611;8;1;0;0;0;0;0;0;0;0;0;0;0;0;1;0;0;0;0;0;1;0;0;0;0;1;0;
2004 50 4;95;28045040537;8;0;0;0;0;0;0;0;0;0;0;0;0;0;1;0;1;1;0;0;0;0;0;0;1;1;0;
2004 50 4;96;28045040539;8;1;0;0;0;0;0;0;0;0;0;0;0;0;1;0;0;0;0;0;1;0;1;0;0;1;0;
2004 50 4;97;28045040394;8;0;0;0;0;1;1;0;0;0;0;1;0;0;0;0;0;0;0;1;0;0;0;0;0;0;0;
2004 50 4;98;28045040596;8;0;0;0;0;0;0;0;0;0;0;0;0;0;0;0;0;1;0;0;1;0;0;0;0;1;0;
2004 50 4;99;28045040574;15;1;0;0;0;0;0;1;0;0;1;0;0;0;1;0;0;0;0;0;1;1;0;1;0;1;0;
2004 50 4;100;28045040527;8;0;0;0;0;0;0;0;0;0;0;0;0;0;1;0;0;0;0;0;0;0;0;0;0;1;0;
2004 50 4;101;28045020083;3;0;0;0;0;0;0;0;0;0;0;0;0;0;0;1;0;1;0;0;1;0;1;0;0;1;0;
2004 50 4;102;28045040555;8;1;0;0;0;0;0;0;0;0;0;0;0;0;1;0;0;0;0;0;1;0;0;0;0;1;0;
2004 50 4;103;28045040456;1;0;0;0;0;0;1;0;0;0;0;0;0;0;0;0;0;0;0;1;1;0;0;0;0;0;0;
2004 50 4;104;28045040641;8;1;0;0;1;0;0;0;0;0;0;0;0;0;1;0;0;1;0;0;0;0;0;0;0;1;0;
2004 50 4;105;28045040580;8;0;0;0;0;0;0;0;0;0;0;0;0;0;0;0;0;0;0;0;1;0;0;0;0;1;0;
2004 50 4;106;28045040004;15;1;0;0;0;0;0;0;0;0;0;0;0;0;1;0;0;1;1;0;1;0;1;0;0;1;0;
2004 50 4;107;28045040577;8;0;0;0;0;0;0;0;0;0;0;0;0;0;0;0;0;0;0;0;1;0;0;0;0;1;0;
2004 50 4;108;28045040610;8;1;0;0;0;0;0;0;0;0;0;0;0;0;1;0;0;0;0;0;1;0;0;0;0;1;0;
2004 50 4;109;28045010045;8;0;0;0;0;0;1;0;0;0;0;0;0;1;0;0;1;0;0;1;0;0;0;0;0;0;0;
2004 50 4;110;28045030126;8;1;0;0;0;0;0;0;0;0;0;0;0;0;0;0;0;1;0;0;1;0;0;0;0;1;0;
2004 50 4;111;28045040573;8;0;0;0;0;0;0;0;0;0;0;0;0;0;1;0;0;0;0;0;1;0;0;0;0;1;0;
2004 50 4;112;28045040620;8;1;0;0;0;0;0;0;0;0;0;0;0;0;1;0;0;0;0;0;1;0;0;0;0;1;0;
2004 50 4;113;28045040495;8;0;0;0;0;0;0;0;1;0;0;0;0;0;0;1;0;0;0;0;0;0;1;0;0;1;0;
2004 50 4;114;28045030120;8;1;0;0;1;0;0;0;0;0;1;0;0;0;1;0;0;1;0;0;1;0;0;1;0;1;0;
2004 50 4;115;28045040353;8;0;0;0;0;1;1;0;0;0;0;0;0;0;0;0;0;0;0;1;0;0;0;0;0;0;1;
2004 50 4;116;28045040534;8;1;0;0;0;0;0;0;0;0;0;0;0;0;1;0;0;0;0;0;1;0;0;0;0;1;0;
2004 50 4;117;28045040565;8;0;0;0;0;0;0;0;0;0;0;0;0;0;1;0;0;1;0;0;1;0;1;0;0;1;0;
2004 50 4;118;28045040579;8;0;0;0;0;0;0;0;0;0;0;0;0;0;0;0;0;0;0;0;1;0;0;0;0;1;0;
2004 50 4;119;28045040642;8;1;0;0;0;0;0;0;0;0;0;0;0;0;1;0;0;0;0;0;0;0;0;0;0;1;0;
2004 50 4;120;28045040423;8;0;0;0;0;0;1;0;0;0;0;0;0;0;0;0;0;0;0;1;1;0;0;0;0;0;0;
2004 50 4;121;28045030155;11;0;0;0;0;0;0;0;0;0;0;0;0;0;1;0;1;1;0;0;0;0;0;0;0;1;0;
2004 50 4;122;28045040396;8;1;0;0;0;0;0;0;0;0;0;0;0;0;1;0;0;0;0;0;1;0;1;1;0;1;0;
2004 50 4;123;28045030129;8;0;1;1;0;0;0;0;0;0;0;0;0;0;0;0;0;0;0;1;1;0;0;0;0;0;0;
2004 50 4;124;28045040065;8;1;0;0;1;0;0;0;0;0;0;0;0;1;1;0;0;1;0;0;1;0;0;0;0;1;0;
2004 50 4;125;28045040484;8;0;0;0;0;0;0;0;1;0;0;0;0;0;0;1;0;0;1;0;0;0;1;0;0;1;0;
2004 50 4;126;28045020172;8;1;0;0;0;0;1;0;0;0;0;0;0;0;0;0;0;0;0;1;1;0;0;0;0;0;0;
2004 50 4;127;28045040575;8;0;0;0;0;0;0;0;0;0;0;0;0;0;1;0;0;0;0;0;1;0;0;0;0;1;0;
2004 50 4;128;28045040615;8;1;0;0;0;0;0;0;0;0;0;0;0;0;1;0;0;0;0;0;1;0;0;0;0;1;0;
2004 50 4;129;28045040558;8;0;0;0;0;0;0;0;0;0;0;0;0;0;1;0;0;1;0;0;1;0;1;0;0;1;0;
2004 50 4;130;28045010115;8;0;0;0;0;0;1;0;0;0;0;0;0;0;0;0;0;0;0;1;0;0;0;0;0;0;0;
2004 50 4;131;28045040588;8;0;0;0;0;0;0;0;0;0;0;0;0;0;0;0;0;0;0;0;1;0;0;0;0;1;0;
2004 50 4;132;28045040618;8;1;0;0;0;0;0;0;0;0;0;0;0;0;1;0;0;0;0;0;1;0;0;0;0;1;0;
2004 50 4;133;28045030118;15;0;0;0;1;0;0;0;0;0;1;0;0;0;1;0;1;1;0;0;0;0;0;0;0;1;0;
2004 50 4;134;28045040332;8;1;0;0;0;0;0;0;0;0;0;0;0;0;1;0;0;0;0;0;1;0;1;1;0;1;0;
2004 50 4;135;28045040592;8;0;0;0;0;0;0;0;0;0;0;0;0;0;0;0;0;1;0;0;1;0;0;0;0;1;0;
2004 50 4;136;28045030158;8;0;0;0;0;1;1;0;0;0;0;0;0;0;0;0;0;0;0;1;0;0;0;0;0;0;0;
2004 50 4;137;28045040536;8;1;0;0;0;0;0;0;0;0;0;0;0;0;1;0;0;0;0;0;1;0;0;0;0;1;0;
2004 50 4;138;28045040075;8;0;0;0;0;0;0;0;0;0;0;0;0;1;0;1;0;1;0;0;0;0;1;0;0;1;0;
2004 50 4;139;28045030237;10;0;0;0;0;0;0;0;0;0;0;0;0;0;1;0;0;0;0;0;1;0;0;0;1;1;0;
2004 50 4;140;28045040660;8;1;0;0;0;0;0;0;0;0;0;0;0;0;1;0;0;0;0;0;1;0;0;0;0;1;0;
2004 50 4;141;28045010126;8;0;0;0;0;0;1;0;0;0;0;0;0;0;0;0;0;0;0;1;0;0;0;0;0;0;0;
2004 50 4;142;28045020175;8;0;0;0;1;0;0;0;0;0;0;0;0;0;1;0;0;1;0;0;1;0;1;0;0;1;0;
2004 50 4;143;28045040522;8;1;0;0;0;0;0;1;0;0;0;0;0;0;1;0;0;1;0;0;1;0;0;1;0;1;0;
2004 50 4;144;28045040581;8;0;0;0;0;0;0;0;0;0;0;0;0;0;0;0;0;0;0;0;1;0;0;0;0;1;0;
2004 50 4;145;28045040637;8;1;0;0;0;0;0;0;0;0;0;0;0;0;1;0;0;1;0;0;0;0;0;0;0;1;0;
2004 50 4;146;28044950066;8;0;0;0;0;0;1;0;0;0;0;0;0;0;0;0;0;0;0;1;1;0;0;0;0;0;0;
2004 50 4;147;28045040654;8;1;0;0;0;0;0;0;0;0;0;0;0;0;1;0;0;0;0;0;1;0;0;0;0;1;0;
2004 50 4;148;28045040370;8;0;0;0;0;0;0;0;0;0;0;0;0;0;1;0;1;1;0;0;0;0;0;0;0;1;0;
2004 50 4;149;28045050125;8;1;0;0;0;0;0;0;1;0;1;0;1;0;0;1;0;0;0;0;1;0;1;0;0;1;0;
2004 50 4;150;28045040624;8;0;0;0;0;0;0;0;0;0;0;0;0;0;0;0;0;0;1;0;1;0;0;0;0;1;0;
2004 50 4;151;28045030122;8;0;0;0;0;0;1;0;0;0;0;0;0;0;0;0;0;0;0;1;0;0;0;0;0;0;0;
2004 50 4;152;28045040049;8;1;0;0;1;0;0;0;0;0;0;0;0;1;1;0;0;1;0;0;1;0;0;0;0;1;0;
2004 50 4;153;28045040584;8;0;0;0;0;0;0;0;0;0;0;0;0;0;0;0;0;0;0;0;1;0;0;0;0;1;0;
2004 50 4;154;28045040605;8;1;0;0;0;0;0;0;0;0;0;0;0;0;1;0;0;0;0;0;1;0;0;0;0;1;0;
2004 50 4;155;28045040634;8;0;0;0;0;0;0;0;0;0;0;0;0;0;1;0;0;1;0;0;0;0;1;1;0;1;0;
2004 50 4;156;28045010001;8;0;0;0;0;1;1;0;0;0;0;0;0;0;0;0;0;0;0;1;1;0;0;0;0;0;0;
2004 50 4;157;28045030138;8;1;1;0;0;0;0;0;0;0;0;0;0;0;0;0;0;0;0;1;1;0;0;0;0;0;0;
2004 50 4;158;28045040629;8;0;0;0;0;0;0;0;0;0;0;0;0;0;1;0;0;1;0;0;0;0;0;0;0;1;0;
2004 50 4;159;28045040628;8;1;0;0;0;0;0;0;0;0;0;0;0;0;1;0;0;0;0;0;1;0;1;0;0;1;0;
2004 50 4;160;28045040578;8;0;0;0;0;0;0;0;0;0;0;0;0;0;0;0;0;0;0;0;1;0;0;0;0;1;0;
2004 50 4;161;28045030140;8;1;0;0;1;0;0;0;0;0;0;0;0;0;1;0;0;1;0;0;0;0;0;0;0;1;0;
2004 50 4;162;28045040403;8;0;0;0;0;0;1;0;0;0;0;0;0;0;0;0;0;0;0;1;1;0;0;0;0;0;1;
2004 50 4;163;28045040603;8;1;0;0;0;0;0;0;0;0;0;0;0;0;1;0;0;0;0;0;1;0;0;0;0;1;0;
2004 50 4;164;28045040127;15;0;0;0;0;0;0;0;0;0;0;0;0;0;0;1;1;1;0;0;1;0;1;0;0;1;0;
2004 50 4;165;28045040518;8;1;0;0;0;0;0;0;0;0;1;0;0;0;1;0;0;0;0;0;0;0;0;0;0;1;0;
2004 50 4;166;28045040561;8;0;0;0;0;0;0;0;0;0;0;0;0;0;1;0;0;0;0;0;1;0;0;0;0;1;0;
2004 50 4;167;28045040547;15;0;0;0;0;0;0;0;0;0;0;0;0;0;1;0;0;1;0;0;0;0;0;0;0;1;0;
2004 50 4;168;28045020171;8;1;0;0;0;0;1;0;0;0;0;0;0;0;0;0;0;0;0;1;1;0;0;0;0;0;0;
2004 50 4;169;28045040138;8;0;0;0;0;0;0;1;0;0;0;0;0;0;0;0;0;0;1;0;1;0;0;1;0;1;0;
2004 50 4;170;28045040119;8;1;0;0;1;0;0;0;0;0;0;0;0;1;1;0;0;1;0;0;1;0;0;0;0;1;0;
2004 50 4;171;28045040538;8;0;0;0;0;0;0;0;0;0;0;0;0;0;1;0;0;0;0;0;0;0;1;0;0;1;0;
2004 50 4;172;28045040552;8;1;0;0;0;0;0;0;0;0;0;0;0;0;1;0;0;0;0;0;1;1;0;0;0;1;0;
2004 50 4;173;28045030128;8;0;1;1;0;0;0;0;0;0;0;0;0;0;0;0;0;0;0;1;1;0;0;0;0;0;0;
2004 50 4;174;28045040499;8;1;0;0;0;0;0;0;0;0;0;0;0;0;1;0;0;1;0;0;1;1;0;0;0;1;0;
2004 50 4;175;28045030019;9;0;0;0;0;1;1;0;0;0;0;0;0;0;0;0;0;0;0;1;0;0;0;0;0;0;0;
2004 50 4;176;28045040663;8;1;0;0;0;0;0;0;0;0;0;0;0;0;1;0;0;0;0;0;1;0;0;0;0;1;0;
2004 50 4;177;28045040126;15;0;0;0;0;0;0;0;0;0;0;0;0;0;0;1;1;1;0;0;1;0;1;0;0;1;0;
2004 50 4;178;28045040491;8;0;0;0;0;0;0;0;0;0;0;0;0;0;1;0;0;0;0;0;0;0;0;0;0;1;0;
2004 50 4;179;28045040607;8;1;0;0;0;0;0;0;0;0;0;0;0;0;1;0;0;0;0;0;1;0;0;0;0;1;0;
2004 50 4;180;28045040602;8;0;0;0;1;0;0;0;0;0;0;0;0;0;0;0;0;1;0;0;1;0;0;0;0;1;0;
2004 50 4;181;28045010152;15;1;0;0;0;0;1;0;0;0;0;0;0;0;0;0;0;0;0;1;1;1;0;0;0;0;0;
2004 50 4;182;28045040623;14;0;0;0;0;0;0;0;0;0;0;0;0;0;1;0;0;0;0;0;0;0;0;1;0;1;0;
2004 50 4;183;28045040622;8;0;0;0;0;0;0;0;0;0;0;0;0;0;0;0;0;1;0;0;1;0;1;0;1;1;0;
2004 50 4;184;28045040627;8;1;0;0;0;0;0;0;0;0;0;0;0;0;1;0;0;0;0;0;1;0;0;0;0;1;0;
2004 50 4;185;28045030115;13;0;0;0;0;0;1;0;0;0;0;0;0;0;0;0;0;0;0;1;0;0;0;0;0;0;0;
2004 50 4;186;28045040652;15;0;0;0;0;0;0;0;0;0;0;0;0;0;1;0;0;1;0;0;1;0;0;0;0;1;0;
2004 50 4;187;28045030143;8;1;1;0;0;0;0;0;0;0;0;0;0;0;1;0;0;0;0;1;1;0;0;0;0;0;0;
2004 50 4;188;28045150048;15;0;0;0;0;0;0;0;0;0;1;0;0;1;0;1;0;0;0;0;1;1;1;0;0;1;0;
2004 50 4;189;28045040531;8;1;0;0;0;0;0;0;0;0;0;0;0;0;1;0;0;0;0;0;0;0;0;0;0;1;0;
2004 50 4;190;28045020162;14;0;0;0;1;0;0;0;0;0;0;0;0;0;1;0;1;1;0;0;1;0;0;0;0;1;0;
2004 50 4;191;28045010156;15;1;0;0;0;0;1;0;0;0;0;0;0;0;0;0;0;0;0;1;1;1;0;0;0;0;0;
2004 50 4;192;28045040609;8;0;0;0;0;0;0;0;0;0;0;0;0;0;0;0;0;0;0;0;1;0;1;0;0;1;0;
2004 50 4;193;28045040643;8;1;0;0;0;0;0;0;0;0;0;0;0;0;1;0;0;1;0;0;0;0;0;0;0;1;0;
2004 50 4;194;28045040140;8;0;0;0;0;0;0;1;0;0;0;0;0;0;0;0;0;0;1;0;1;0;0;1;0;1;0;
2004 50 4;195;28045030134;15;1;0;0;0;1;1;0;0;0;0;1;0;0;0;0;0;0;0;1;1;0;0;0;0;0;0;
2004 50 4;196;28045020161;12;0;0;0;0;0;0;0;0;0;0;0;0;0;1;0;0;1;0;0;1;0;0;0;0;1;0;
2004 50 4;197;28045040631;8;0;0;0;0;0;0;0;0;0;0;0;0;0;1;0;0;0;0;0;0;0;1;0;0;1;0;
2004 50 4;198;28045030130;8;0;1;1;0;0;0;0;0;0;0;0;0;0;0;0;0;0;0;1;1;0;0;0;0;0;0;
2004 50 4;199;28045040586;8;0;0;0;0;0;0;0;0;0;0;0;0;0;0;0;0;0;0;0;1;0;0;0;0;1;0;
2004 50 4;200;28045040556;8;1;0;0;0;0;0;0;0;0;0;0;0;0;1;0;0;1;0;0;0;0;0;0;0;1;0;
2004 50 4;201;28045040039;12;0;0;0;0;0;0;0;0;0;0;0;0;0;1;0;0;0;0;0;1;0;1;0;0;1;0;
2004 50 4;202;28045010043;8;0;0;0;0;0;1;0;0;0;0;0;0;1;0;0;1;0;0;1;0;0;0;0;0;0;0;
2004 50 4;203;28045030106;8;1;0;0;1;0;0;0;0;0;1;0;0;0;1;0;0;1;0;0;1;0;0;0;0;1;0;
2004 50 4;204;28045040589;8;0;0;0;0;0;0;0;0;0;0;0;0;0;0;0;0;0;0;0;1;0;0;0;0;1;0;
2004 50 4;205;28045040583;8;0;0;0;0;0;0;0;0;0;0;0;0;0;0;0;0;0;0;0;1;0;0;0;0;1;0;
2004 50 4;206;28045030147;13;0;0;0;0;0;0;0;0;0;0;0;0;0;1;0;0;1;0;0;0;0;1;1;0;1;0;
2004 50 4;207;28045040564;12;1;0;0;0;0;0;0;0;0;0;0;0;0;1;0;0;0;0;0;1;0;0;0;0;1;0;
2004 50 4;208;28045040567;8;0;0;0;0;0;0;0;0;0;0;0;0;0;1;0;0;0;0;0;1;0;0;0;0;1;0;
2004 50 4;209;28045010153;15;1;0;0;0;0;1;0;0;0;0;0;0;0;0;0;0;0;0;1;1;1;0;0;0;0;0;
2004 50 4;210;28045030141;8;0;1;0;0;0;0;0;0;0;0;0;0;0;0;0;0;0;0;1;1;0;0;0;0;0;0;
2004 50 4;211;28045040645;8;1;0;0;0;0;0;0;0;1;0;0;0;0;1;0;0;0;0;0;0;0;0;0;0;1;0;
2004 50 4;212;28050120067;8;0;0;0;0;0;0;0;0;0;0;0;0;1;0;1;0;0;1;0;1;0;1;0;0;1;0;
2004 50 4;213;28045020160;15;1;0;0;1;0;0;0;0;0;0;0;0;0;1;0;0;1;0;0;1;0;1;0;0;1;0;
2004 50 4;214;28045040540;8;0;0;0;0;0;0;0;0;0;0;0;0;0;1;0;0;0;0;0;1;0;0;0;0;1;0;
2004 50 4;215;28045040352;8;0;0;0;0;1;1;0;0;0;0;0;0;0;0;0;0;0;0;1;0;0;0;0;0;0;0;
2004 50 4;216;28045040475;8;1;0;0;0;0;0;0;0;0;0;0;0;0;1;0;0;1;0;0;1;0;0;1;0;1;0;
2004 50 4;217;28045040562;12;0;0;0;0;0;0;0;0;0;0;0;0;0;0;0;0;0;0;0;1;0;1;0;0;1;0;
2004 50 4;218;28045040478;7;0;0;0;0;0;0;0;0;0;0;0;0;0;1;0;0;0;0;0;0;0;0;0;0;1;0;
2004 50 4;219;28050210074;8;0;0;0;0;0;0;0;0;0;1;0;0;0;1;0;1;1;0;0;1;0;0;0;0;1;0;
2004 50 4;220;28045040425;15;1;0;0;0;0;1;0;0;0;0;0;0;0;0;0;0;0;0;1;1;0;0;0;0;0;1;
2004 50 4;221;28045040571;8;0;0;0;0;0;0;0;0;0;0;0;0;0;1;0;0;0;0;0;1;0;0;0;0;1;0;
2004 50 4;222;28045040585;8;0;0;0;0;0;0;0;0;0;0;0;0;0;0;0;0;0;0;0;1;0;0;0;0;1;0;
2004 50 4;223;28045040051;8;1;0;0;1;0;0;0;0;0;0;0;0;1;1;0;0;1;0;0;0;0;0;0;0;1;0;
2004 50 4;224;28045040545;8;0;0;0;0;0;0;0;0;0;0;0;0;0;0;1;0;0;0;0;1;0;1;0;1;1;0;
2004 50 4;225;28045010155;15;1;0;0;0;0;1;0;0;0;0;0;0;0;0;0;0;0;0;1;1;1;0;0;0;0;0;
2004 50 4;226;28045040568;8;0;0;0;0;0;0;0;0;0;0;0;0;0;1;0;0;0;0;0;1;0;0;0;0;1;0;
2004 50 4;227;28045040523;8;1;0;0;0;0;0;1;0;0;0;0;0;0;1;0;0;1;0;0;1;0;0;1;0;1;0;
2004 50 4;228;28045040587;8;0;0;0;0;0;0;0;0;0;0;0;0;0;0;0;0;0;0;0;1;0;0;0;0;1;0;
2004 50 4;229;28045040497;8;1;0;0;0;0;0;0;0;0;0;0;0;0;1;0;0;0;0;0;0;0;1;0;0;1;0;
2004 50 4;230;28045030145;15;0;0;0;0;0;0;0;0;0;0;0;0;0;1;0;0;1;0;0;1;1;0;0;0;1;0;
2004 50 4;231;28045010151;15;1;0;0;0;0;1;0;0;0;0;0;0;0;0;0;0;0;0;1;1;1;0;0;0;0;0;
2004 50 4;232;28045040498;8;0;0;0;0;0;0;0;0;0;0;0;0;0;1;0;0;0;0;0;0;0;0;0;0;1;0;
2004 50 4;233;28045040600;8;0;0;0;1;0;0;0;0;0;0;0;0;0;0;0;0;1;0;0;1;0;0;0;0;1;0;
2004 50 4;234;28045040487;8;1;0;0;0;0;0;0;0;0;0;0;0;0;1;0;0;0;0;0;1;0;0;0;0;1;0;
2004 50 4;235;28045040016;9;0;0;0;0;0;0;0;1;0;1;0;0;0;0;1;0;0;0;0;1;0;1;0;0;1;0;
2004 50 4;236;28045040532;8;1;0;0;0;0;0;0;0;0;0;0;0;0;1;0;0;0;0;0;0;0;0;0;0;1;0;
2004 50 4;237;28045030012;8;0;0;0;0;1;1;0;0;0;0;0;0;0;0;0;1;0;0;1;1;0;0;0;0;0;0;
2004 50 4;238;28045030156;8;1;0;0;0;0;0;0;0;0;0;0;0;0;1;0;0;1;0;0;1;0;0;0;0;1;0;
2004 50 4;239;28045040118;8;0;0;0;0;0;0;0;0;0;0;0;0;0;1;0;0;0;1;0;1;0;0;0;0;1;0;
2004 50 4;240;28045040632;8;0;0;0;0;0;0;0;0;0;0;0;0;0;0;0;0;0;0;0;0;0;1;0;0;1;0;
2004 50 4;241;28045030117;8;1;0;1;0;0;0;0;0;0;0;0;0;0;1;0;0;1;0;0;1;0;0;1;0;1;0;
2004 50 4;242;28045040474;8;0;0;0;0;0;0;0;0;0;0;0;0;0;0;0;0;0;0;0;1;0;0;0;0;1;0;
2004 50 4;243;28045010150;15;1;0;0;0;0;1;0;0;0;0;0;0;0;0;0;0;0;0;1;1;1;0;0;0;0;0;
2004 50 4;244;28045040543;8;0;0;0;1;0;0;0;0;0;0;0;0;0;1;0;0;1;0;0;0;0;0;0;0;1;0;
2004 50 4;245;28045040492;15;1;0;0;0;0;0;0;0;0;0;0;0;0;1;0;0;0;0;0;1;0;0;0;0;1;0;
2004 50 4;246;28045030249;8;0;0;0;0;0;0;0;0;0;0;0;0;0;0;0;0;0;0;0;1;0;0;0;0;1;0;
2004 50 4;247;28045030151;8;1;0;0;0;0;0;0;0;0;0;0;0;0;1;0;0;1;0;0;1;0;0;0;0;1;0;
2004 50 4;248;28044950065;8;0;0;0;0;0;1;0;0;0;0;0;0;0;0;0;0;0;0;1;1;0;0;0;0;0;0;
2004 50 4;249;28045040512;14;0;0;0;0;0;0;0;0;0;0;0;0;0;1;0;0;0;0;0;0;0;0;0;0;1;0;
2004 50 4;250;28045040519;8;1;0;0;0;0;0;0;0;0;0;0;0;0;1;0;0;0;0;0;1;0;0;0;0;1;0;
2004 50 4;251;28045030090;15;0;0;0;0;0;0;0;0;0;0;0;0;0;0;1;0;1;0;0;1;1;1;0;0;1;0;
2004 50 4;252;28045030071;2;1;0;0;0;0;1;0;0;0;0;0;0;1;0;0;0;0;0;1;1;1;0;0;0;0;0;
2004 50 4;253;28045040476;8;0;0;0;0;0;0;0;0;0;0;0;0;0;1;0;0;0;0;0;0;0;0;0;0;1;0;
2004 50 4;254;28045040432;15;1;0;0;1;0;0;0;0;0;0;0;0;0;1;0;0;1;0;0;1;0;0;1;0;1;0;
2004 50 4;255;28045030174;8;0;0;0;0;0;1;0;0;0;0;0;0;0;0;0;0;0;0;1;1;0;0;0;0;0;0;
2004 50 4;256;28045040608;15;1;0;0;0;0;0;0;0;0;0;0;0;0;1;0;0;1;0;0;0;0;0;0;0;1;0;
2004 50 4;257;28045040626;8;0;0;0;0;0;0;0;0;0;0;0;0;0;0;0;0;0;1;0;1;0;0;0;0;1;0;
2004 50 4;258;28045020166;8;1;0;1;0;0;0;0;0;0;0;0;0;0;1;0;0;0;0;0;1;1;0;0;0;1;0;
2004 50 4;259;28045020119;8;0;0;0;0;0;0;0;0;0;0;0;0;0;1;0;0;1;0;0;1;0;1;0;0;1;0;
2004 50 4;260;28045030133;8;1;0;0;0;1;1;0;0;0;1;1;0;0;0;0;1;0;0;1;0;0;0;0;0;0;0;
2004 50 4;261;28045020317;8;0;0;0;0;0;0;0;0;0;0;0;0;0;1;0;0;0;0;0;1;0;0;0;0;1;0;
2004 50 4;262;28045030139;15;1;1;0;0;0;0;0;0;0;0;0;0;0;0;0;0;0;0;1;1;0;0;0;0;0;0;
2004 50 4;263;28045040496;8;0;0;0;0;0;0;0;1;0;0;0;0;0;0;1;0;0;0;0;0;0;1;0;0;1;0;
2004 50 4;264;28045040430;14;1;0;0;1;0;0;1;0;0;0;0;0;0;1;0;0;1;0;0;1;0;0;1;0;1;0;
2004 50 4;265;28045030153;8;0;0;0;0;0;0;0;0;0;0;0;0;0;0;0;0;0;0;0;1;0;0;0;0;1;0;
2004 50 4;266;28045040062;8;1;0;0;0;0;1;0;0;0;0;0;0;1;0;0;0;0;0;1;1;0;0;0;0;0;0;
2004 50 4;267;28045040500;8;0;0;0;0;0;0;0;0;0;0;0;0;0;1;0;0;0;0;0;0;0;0;0;0;1;0;
2004 50 4;268;28045040656;1;1;0;0;0;0;0;0;0;0;0;0;0;0;1;0;0;1;0;0;1;0;1;0;0;1;0;
2004 50 4;269;28045040172;8;0;0;0;0;0;0;0;0;0;0;0;0;0;0;0;0;0;0;0;1;0;0;0;0;1;0;
2004 50 4;270;28045030142;9;1;0;0;0;0;0;0;0;0;0;0;0;0;1;0;0;0;0;0;0;0;0;0;0;1;0;
2004 50 4;271;28045040595;8;0;0;0;0;0;0;0;0;0;0;0;0;0;0;0;0;1;0;0;1;0;0;0;0;1;0;
2004 50 4;272;28045010157;15;1;0;0;0;0;1;0;0;0;0;0;0;0;0;0;0;0;0;1;1;1;0;0;0;0;0;
2004 50 4;273;28045040494;8;0;0;0;0;0;0;0;0;0;0;0;0;0;1;0;0;0;0;0;0;0;0;0;0;1;0;
2004 50 4;274;28045030198;10;0;0;0;1;0;0;0;0;0;0;0;0;0;1;0;1;1;0;0;1;0;0;0;0;1;0;
2004 50 4;275;28045040095;8;1;0;0;0;0;0;0;0;0;0;0;0;0;1;0;0;0;0;0;1;0;0;1;0;1;0;
2004 50 4;276;28045040486;8;0;0;0;0;0;0;0;1;0;0;0;0;0;0;1;0;0;1;0;0;0;1;0;0;1;0;
2004 50 4;277;28045010154;15;1;0;0;0;0;1;0;0;0;0;0;0;0;0;0;0;0;0;1;1;1;0;0;0;0;0;
2004 50 4;278;28045040524;8;0;0;0;0;0;0;0;0;0;0;0;0;0;1;0;0;1;0;0;0;0;0;0;0;1;0;
2004 50 4;279;28045040489;8;1;0;0;0;0;0;0;0;0;0;0;0;0;1;0;0;0;0;0;1;0;0;0;0;1;0;
2004 50 4;280;28045040473;8;0;0;0;0;0;0;0;0;0;0;0;0;0;0;0;0;0;0;0;1;0;1;0;0;1;0;
2004 50 4;281;28045020174;8;1;0;0;0;0;0;0;0;0;0;0;0;0;1;0;0;1;0;0;1;0;0;0;1;1;0;
2004 50 4;282;28045040021;9;0;0;0;0;1;1;0;0;0;0;0;0;0;0;0;0;0;0;1;0;0;0;0;0;0;0;
2004 50 4;283;28045040528;8;1;0;0;0;0;0;0;0;0;0;0;0;0;1;0;0;0;0;0;1;0;0;0;0;1;0;
2004 50 4;284;28045040358;8;0;0;0;1;0;0;0;0;0;0;0;0;0;0;0;0;1;0;0;1;0;0;0;0;1;0;
2004 50 4;285;28045240045;8;1;0;1;0;0;0;0;0;0;1;0;0;0;1;0;1;1;0;0;1;0;1;0;0;1;0;
2004 50 4;286;28045040514;14;0;0;0;0;0;0;0;0;0;0;0;0;0;1;0;0;0;0;0;0;0;0;0;0;1;0;
2004 50 4;287;28045040076;8;1;0;0;0;0;1;0;0;0;0;0;0;1;0;0;0;0;0;1;1;0;0;0;0;0;0;
2004 50 4;288;28045040593;8;0;0;0;0;0;0;0;0;0;0;0;0;0;0;0;0;1;0;0;1;0;0;0;0;1;0;
2004 50 4;289;28045040125;8;1;0;0;0;0;0;1;0;0;0;0;0;0;1;0;0;0;0;0;1;0;1;1;0;1;0;
2004 50 4;290;28045040502;13;0;0;0;0;0;0;0;0;0;0;0;0;0;1;0;0;0;0;0;0;0;0;0;0;1;0;
2004 50 4;291;28045030119;10;0;0;0;0;0;0;0;0;0;0;0;0;0;0;0;0;1;0;0;1;0;0;0;0;1;0;
2004 50 4;292;28045040517;8;1;0;0;0;0;0;0;0;0;0;0;0;0;1;0;0;0;0;0;1;0;0;0;0;1;0;
2004 50 4;293;28045020136;8;0;0;0;0;0;1;0;0;0;0;0;0;0;0;0;0;0;0;1;1;0;0;0;0;0;0;
2004 50 4;294;28045040529;8;1;0;0;1;0;0;0;0;0;0;0;0;0;1;0;0;1;0;0;1;0;0;0;0;1;0;
2004 50 4;295;28045040485;8;0;0;0;0;0;0;0;1;0;0;0;0;0;0;1;0;0;1;0;0;0;1;0;0;1;0;
2004 50 4;296;28045040530;8;0;0;0;0;0;0;0;0;0;0;0;0;0;1;0;0;0;0;0;1;0;0;0;0;1;0;
2004 50 4;297;28045030121;14;1;0;0;0;0;0;0;0;0;0;0;0;0;1;0;0;1;0;0;1;0;0;0;0;1;0;
2004 50 4;298;28045040557;15;0;0;0;0;0;0;0;0;0;0;0;0;0;1;0;0;0;0;0;1;0;0;1;0;1;0;
2004 50 4;299;28045040057;8;1;0;0;0;0;1;0;0;0;0;0;0;1;0;0;0;0;0;1;0;0;0;0;0;0;0;
2004 50 4;300;28045040171;8;0;0;0;0;0;0;0;0;0;0;0;0;0;0;0;0;0;0;0;1;0;0;0;0;1;0;
2004 50 4;301;28045040109;15;0;0;0;0;0;0;0;0;0;0;0;0;0;1;0;1;1;0;0;1;0;0;0;0;1;0;
2004 50 4;302;28045010129;8;1;0;0;0;0;0;0;0;0;0;0;0;0;1;0;0;0;0;0;1;0;1;0;0;1;0;
2004 50 4;303;28045040038;14;0;0;0;0;1;1;0;0;0;0;0;0;0;0;0;0;0;0;1;0;0;0;0;0;0;1;
2004 50 4;304;28045040509;8;1;0;0;1;0;0;0;0;0;0;0;0;0;1;0;0;1;0;0;1;0;0;0;0;1;0;
2004 50 4;305;28045040173;8;0;0;0;0;0;0;0;0;0;0;0;0;0;0;0;0;0;0;0;1;0;0;0;0;1;0;
2004 50 4;306;28045040477;8;0;0;0;0;0;0;0;0;0;0;0;0;0;1;0;0;0;0;0;1;0;0;0;0;1;0;
2004 50 4;307;28045040655;8;1;0;0;0;0;0;0;0;0;0;0;0;0;1;0;0;0;0;0;0;0;1;1;0;1;0;
2004 50 4;308;28045030079;8;0;0;0;0;0;0;0;0;0;1;0;0;0;0;0;0;1;0;0;1;0;0;0;0;1;0;
2004 50 4;309;28045040135;8;0;0;0;0;0;1;0;0;0;0;0;0;0;0;0;0;0;0;1;1;0;0;0;0;0;0;
2004 50 4;310;28045040488;8;1;0;0;0;0;0;0;0;0;0;0;0;0;1;0;0;0;0;0;1;0;0;0;0;1;0;
2004 50 4;311;28045040481;8;0;0;0;0;0;0;0;0;0;0;0;0;0;1;0;0;1;0;0;0;0;0;0;0;1;0;
2004 50 4;312;28045040479;8;0;0;0;0;0;0;0;0;0;0;0;0;0;0;0;0;0;0;0;1;0;1;0;0;1;0;
2004 50 4;313;28045030131;13;1;0;0;0;0;0;0;0;0;0;0;0;0;1;0;0;0;0;0;1;0;0;0;0;1;0;
2004 50 4;314;28045040667;8;0;0;0;1;0;0;0;0;0;0;0;0;0;0;0;0;1;1;0;0;0;0;1;0;1;0;
2004 50 4;315;28044930002;9;0;0;0;0;0;1;0;0;0;0;0;0;0;0;0;0;0;0;1;1;0;0;0;0;0;0;
2004 50 4;316;28045050124;8;1;0;0;0;0;0;0;1;0;0;0;1;0;0;1;0;0;0;0;1;0;1;0;0;1;0;
2004 50 4;317;28045030154;12;0;0;0;0;0;0;0;0;0;0;0;0;0;1;0;0;0;0;0;1;0;0;0;0;1;0;
2004 50 4;318;28045040510;8;1;0;0;0;0;0;0;0;0;0;0;0;0;1;0;0;1;0;0;0;0;0;0;0;1;0;
2004 50 4;319;28045040359;8;0;0;0;0;0;0;0;0;0;0;0;0;0;1;0;0;0;0;0;1;0;0;0;0;1;0;
2004 50 4;320;28045010159;15;1;0;0;0;0;1;0;0;0;0;0;0;0;0;0;0;0;0;1;1;0;0;0;0;0;0;
2004 50 4;321;28050210075;8;0;0;1;0;0;0;0;0;0;0;0;0;0;0;0;1;1;0;0;0;0;0;0;1;1;0;
2004 50 4;322;28045040094;8;1;0;0;0;0;0;0;0;0;0;0;0;0;1;0;0;0;0;0;1;0;0;0;0;1;0;
2004 50 4;323;28045030144;14;0;0;0;0;0;0;1;0;0;0;0;0;0;1;0;0;0;0;0;1;0;1;1;0;1;0;
2004 50 4;324;28045040050;8;1;0;0;1;0;0;0;0;0;0;0;0;1;1;0;0;1;0;0;0;0;0;0;0;1;0;
2004 50 4;325;28045040022;8;0;0;0;0;1;1;0;0;0;0;0;0;0;0;0;0;0;1;1;1;0;0;0;0;0;0;